1	8	10000	9295	0.5162	0.311	0.297	0.300	0.301	0.316	0.305	0.300	0.314	0.305	0.305	0.306	0.292	0.298	0.305	2.034	0.598	0.293	0.197	-179224.997
2	8	10000	9216	0.5154	0.312	0.289	0.298	0.305	0.306	0.309	0.289	0.282	0.299	0.311	0.298	0.317	0.291	0.296	2.010	0.601	0.304	0.198	-178498.120
3	8	10000	9257	0.5081	0.302	0.286	0.312	0.313	0.306	0.294	0.308	0.302	0.303	0.307	0.298	0.301	0.305	0.311	2.028	0.598	0.298	0.196	-179123.802
4	8	10000	9321	0.5166	0.334	0.308	0.301	0.307	0.303	0.302	0.293	0.288	0.290	0.301	0.297	0.306	0.301	0.315	2.002	0.614	0.313	0.201	-179604.009
5	8	10000	9290	0.5150	0.294	0.304	0.307	0.297	0.295	0.300	0.298	0.297	0.297	0.296	0.302	0.297	0.292	0.294	1.994	0.595	0.296	0.201	-178318.414
6	8	10000	9282	0.5147	0.314	0.314	0.306	0.293	0.275	0.302	0.306	0.312	0.283	0.295	0.305	0.289	0.305	0.295	2.015	0.601	0.308	0.202	-178764.529
7	8	10000	9252	0.5165	0.303	0.313	0.298	0.319	0.307	0.291	0.315	0.278	0.301	0.293	0.296	0.302	0.301	0.290	2.013	0.583	0.289	0.194	-178582.020
8	8	10000	9260	0.5143	0.277	0.309	0.300	0.292	0.302	0.291	0.313	0.328	0.284	0.287	0.302	0.299	0.296	0.303	1.992	0.585	0.300	0.205	-178745.584
9	8	10000	9250	0.5127	0.320	0.299	0.294	0.297	0.305	0.298	0.295	0.283	0.294	0.290	0.303	0.296	0.303	0.306	1.963	0.621	0.301	0.200	-178324.195
10	8	10000	9282	0.5146	0.289	0.314	0.308	0.305	0.285	0.295	0.304	0.312	0.293	0.302	0.293	0.289	0.300	0.302	2.042	0.590	0.290	0.202	-178550.310
11	8	10000	9272	0.5150	0.301	0.300	0.299	0.301	0.286	0.298	0.317	0.285	0.284	0.317	0.305	0.300	0.308	0.304	1.990	0.612	0.300	0.212	-179411.246
12	8	10000	9266	0.5166	0.329	0.314	0.297	0.300	0.293	0.301	0.312	0.267	0.295	0.315	0.297	0.303	0.301	0.314	2.024	0.624	0.309	0.202	-179269.306
13	8	10000	9264	0.5118	0.304	0.291	0.304	0.281	0.306	0.302	0.301	0.313	0.304	0.292	0.293	0.299	0.296	0.297	1.987	0.627	0.311	0.207	-178231.185
14	8	10000	9301	0.5150	0.342	0.306	0.290	0.302	0.296	0.298	0.295	0.255	0.311	0.299	0.300	0.302	0.296	0.301	1.987	0.592	0.298	0.194	-178400.747
15	8	10000	9263	0.5115	0.302	0.295	0.289	0.296	0.302	0.300	0.290	0.292	0.281	0.294	0.314	0.327	0.297	0.290	2.016	0.602	0.297	0.199	-177921.355
16	8	10000	9238	0.5129	0.296	0.298	0.293	0.293	0.304	0.301	0.290	0.296	0.297	0.301	0.310	0.302	0.297	0.289	1.996	0.588	0.286	0.195	-177836.862
17	8	10000	9292	0.5121	0.317	0.311	0.296	0.289	0.312	0.310	0.303	0.294	0.298	0.300	0.301	0.311	0.302	0.308	1.993	0.591	0.291	0.206	-179520.327
18	8	10000	9255	0.5148	0.303	0.303	0.306	0.296	0.301	0.301	0.310	0.290	0.293	0.291	0.297	0.297	0.296	0.284	2.038	0.598	0.295	0.205	-178245.024
19	8	10000	9285	0.5158	0.326	0.298	0.309	0.297	0.305	0.310	0.289	0.281	0.297	0.300	0.302	0.296	0.300	0.289	1.989	0.604	0.307	0.204	-178958.516
20	8	10000	9222	0.5166	0.319	0.291	0.303	0.299	0.300	0.297	0.301	0.268	0.296	0.289	0.300	0.287	0.303	0.292	2.062	0.602	0.307	0.200	-177453.425
21	8	10000	9227	0.5139	0.292	0.299	0.302	0.295	0.303	0.294	0.296	0.325	0.308	0.297	0.304	0.292	0.294	0.312	2.010	0.586	0.310	0.197	-178850.128

