1	8	10000	9262	0.5163	0.267	0.301	0.297	0.302	0.304	0.304	0.299	0.333	0.292	0.296	0.295	0.306	0.296	0.303	1.974	0.648	0.309	0.209	1.386	-178707.227
2	8	10000	9261	0.5155	0.275	0.299	0.303	0.301	0.305	0.296	0.297	0.326	0.298	0.305	0.296	0.299	0.299	0.294	1.963	0.607	0.305	0.203	1.019	-178864.522
3	8	10000	9326	0.5104	0.288	0.286	0.304	0.312	0.317	0.308	0.302	0.338	0.305	0.299	0.298	0.295	0.303	0.308	2.009	0.592	0.298	0.203	1.000	-179770.878
4	8	10000	9257	0.5096	0.278	0.301	0.308	0.299	0.299	0.305	0.292	0.327	0.305	0.304	0.304	0.312	0.291	0.304	2.050	0.607	0.316	0.199	1.411	-179018.645
5	8	10000	9278	0.5139	0.300	0.296	0.296	0.302	0.306	0.299	0.291	0.275	0.290	0.309	0.295	0.306	0.306	0.309	1.988	0.620	0.294	0.204	1.000	-178330.655
6	8	10000	9302	0.5147	0.285	0.327	0.298	0.292	0.293	0.297	0.300	0.333	0.299	0.310	0.301	0.299	0.294	0.299	2.030	0.610	0.301	0.204	1.070	-179024.856
7	8	10000	9268	0.5127	0.332	0.291	0.295	0.302	0.311	0.300	0.296	0.263	0.293	0.322	0.295	0.301	0.303	0.307	2.005	0.605	0.291	0.201	1.238	-178853.438
8	8	10000	9274	0.5161	0.022	0.287	0.291	0.306	0.314	0.301	0.298	0.578	0.305	0.302	0.286	0.324	0.305	0.300	2.019	0.606	0.301	0.195	1.062	-178594.028
9	8	10000	9293	0.5109	0.320	0.282	0.292	0.312	0.304	0.298	0.291	0.308	0.324	0.289	0.306	0.297	0.293	0.308	2.027	0.611	0.308	0.197	1.119	-178479.506
10	8	10000	9264	0.5117	0.270	0.299	0.305	0.297	0.294	0.290	0.300	0.324	0.299	0.300	0.296	0.307	0.304	0.289	1.999	0.609	0.303	0.202	1.074	-178173.153
11	8	10000	9276	0.5170	0.298	0.309	0.289	0.302	0.300	0.292	0.292	0.326	0.310	0.295	0.290	0.301	0.296	0.307	1.982	0.613	0.303	0.197	1.084	-178609.881
12	8	10000	9297	0.5113	0.325	0.301	0.293	0.296	0.301	0.304	0.286	0.284	0.303	0.299	0.301	0.302	0.304	0.299	1.989	0.609	0.304	0.199	1.027	-178409.794
13	8	10000	9277	0.5150	0.281	0.304	0.302	0.295	0.289	0.299	0.306	0.313	0.301	0.287	0.289	0.299	0.290	0.310	1.967	0.618	0.306	0.209	1.049	-178471.416
14	8	10000	9254	0.5158	0.273	0.293	0.302	0.301	0.306	0.300	0.302	0.321	0.305	0.295	0.307	0.304	0.300	0.299	1.987	0.598	0.299	0.195	1.245	-178548.870
15	8	10000	9233	0.5130	0.304	0.304	0.291	0.290	0.287	0.302	0.313	0.282	0.320	0.295	0.295	0.286	0.301	0.284	1.977	0.613	0.307	0.195	1.169	-177497.509
16	8	10000	9274	0.5112	0.309	0.296	0.288	0.302	0.292	0.294	0.299	0.261	0.306	0.312	0.289	0.280	0.309	0.296	2.067	0.612	0.308	0.200	1.000	-177452.201
17	8	10000	9257	0.5133	0.295	0.307	0.302	0.298	0.304	0.300	0.293	0.310	0.305	0.311	0.304	0.287	0.288	0.301	2.003	0.582	0.305	0.200	1.000	-178933.375
18	8	10000	9261	0.5138	0.324	0.299	0.302	0.298	0.316	0.301	0.296	0.258	0.295	0.292	0.298	0.316	0.305	0.301	2.014	0.588	0.302	0.194	1.041	-178572.425
19	8	10000	9242	0.5164	0.306	0.306	0.302	0.307	0.310	0.300	0.287	0.264	0.292	0.296	0.305	0.313	0.305	0.291	2.001	0.602	0.304	0.194	1.000	-178235.807
20	8	10000	9266	0.5189	0.289	0.300	0.305	0.287	0.294	0.298	0.313	0.313	0.301	0.302	0.301	0.291	0.299	0.297	2.032	0.573	0.299	0.199	1.120	-178692.404
21	8	10000	9234	0.5125	0.312	0.305	0.286	0.311	0.312	0.293	0.299	0.290	0.309	0.302	0.304	0.305	0.296	0.301	1.998	0.599	0.310	0.193	1.120	-178675.507
22	8	10000	9271	0.5139	0.312	0.305	0.309	0.291	0.300	0.307	0.296	0.294	0.303	0.305	0.296	0.295	0.296	0.300	2.031	0.640	0.310	0.208	1.544	-178949.915
23	8	10000	9262	0.5141	0.256	0.296	0.293	0.305	0.304	0.296	0.299	0.327	0.289	0.304	0.297	0.287	0.300	0.299	1.973	0.633	0.319	0.201	1.000	-177696.627
24	8	10000	9252	0.5104	0.253	0.307	0.300	0.300	0.300	0.312	0.290	0.323	0.317	0.301	0.288	0.293	0.306	0.299	1.988	0.583	0.283	0.194	1.000	-178081.063
25	8	10000	9339	0.5135	0.314	0.289	0.317	0.313	0.308	0.315	0.301	0.287	0.301	0.307	0.311	0.314	0.310	0.302	1.988	0.582	0.312	0.202	1.094	-181034.841
26	8	10000	9284	0.5094	0.320	0.304	0.293	0.304	0.290	0.308	0.304	0.270	0.300	0.297	0.303	0.311	0.297	0.306	1.998	0.605	0.304	0.203	1.133	-178841.567
27	8	10000	9260	0.5164	0.327	0.308	0.287	0.310	0.293	0.289	0.310	0.289	0.313	0.290	0.296	0.290	0.303	0.296	2.001	0.626	0.310	0.199	1.528	-178182.842
28	8	10000	9242	0.5105	0.294	0.298	0.308	0.284	0.297	0.304	0.284	0.297	0.299	0.298	0.291	0.289	0.308	0.287	2.002	0.595	0.301	0.201	1.000	-177648.004
29	8	10000	9308	0.5148	0.287	0.311	0.299	0.292	0.303	0.301	0.303	0.302	0.298	0.298	0.304	0.297	0.310	0.288	2.031	0.602	0.285	0.205	1.000	-178419.428
30	8	10000	9274	0.5120	0.289	0.300	0.302	0.294	0.300	0.309	0.297	0.303	0.272	0.303	0.312	0.308	0.299	0.309	1.978	0.605	0.296	0.203	1.100	-178942.458
31	8	10000	9264	0.5122	0.303	0.293	0.284	0.312	0.299	0.317	0.296	0.285	0.298	0.293	0.299	0.293	0.307	0.299	1.973	0.585	0.293	0.200	1.000	-178412.798
32	8	10000	9299	0.5166	0.335	0.303	0.305	0.299	0.298	0.289	0.300	0.288	0.287	0.309	0.312	0.294	0.300	0.304	2.018	0.585	0.311	0.203	1.051	-179612.939
33	8	10000	9281	0.5147	0.306	0.295	0.303	0.298	0.295	0.303	0.303	0.315	0.305	0.305	0.310	0.297	0.315	0.299	2.040	0.610	0.300	0.204	1.000	-179487.719
34	8	10000	9302	0.5145	0.341	0.302	0.307	0.296	0.290	0.304	0.289	0.260	0.296	0.296	0.307	0.307	0.282	0.309	2.000	0.603	0.295	0.204	1.098	-178482.120
35	8	10000	9262	0.5167	0.298	0.282	0.304	0.283	0.286	0.296	0.287	0.291	0.310	0.300	0.298	0.301	0.284	0.306	2.028	0.604	0.304	0.203	1.000	-177319.756
36	8	10000	9314	0.5150	0.327	0.305	0.295	0.307	0.297	0.304	0.299	0.255	0.303	0.296	0.298	0.306	0.297	0.302	2.032	0.608	0.297	0.199	1.425	-178334.680
37	8	10000	9258	0.5182	0.295	0.300	0.311	0.293	0.294	0.303	0.296	0.318	0.307	0.291	0.291	0.305	0.292	0.307	1.994	0.614	0.296	0.195	1.000	-178155.181
38	8	10000	9287	0.5123	0.307	0.303	0.293	0.299	0.293	0.302	0.294	0.296	0.295	0.301	0.298	0.298	0.296	0.312	2.014	0.634	0.293	0.205	1.428	-178068.417
39	8	10000	9284	0.5155	0.330	0.304	0.303	0.295	0.289	0.303	0.301	0.276	0.295	0.299	0.313	0.314	0.298	0.296	2.039	0.602	0.293	0.196	1.000	-178291.429
40	8	10000	9335	0.5130	0.340	0.304	0.290	0.301	0.312	0.304	0.293	0.268	0.296	0.312	0.304	0.310	0.302	0.300	2.018	0.597	0.299	0.203	1.401	-179477.753
41	8	10000	9297	0.5164	0.286	0.313	0.308	0.293	0.294	0.305	0.306	0.336	0.284	0.304	0.293	0.307	0.311	0.310	1.973	0.576	0.297	0.193	1.000	-179433.344
42	8	10000	9228	0.5107	0.336	0.300	0.313	0.296	0.284	0.299	0.301	0.288	0.301	0.295	0.304	0.283	0.298	0.310	2.032	0.605	0.319	0.191	1.000	-178229.108
43	8	10000	9258	0.5119	0.278	0.305	0.303	0.295	0.284	0.308	0.293	0.325	0.295	0.305	0.303	0.299	0.295	0.298	2.009	0.613	0.314	0.198	1.167	-178226.252
44	8	10000	9232	0.5118	0.323	0.312	0.290	0.303	0.295	0.284	0.288	0.282	0.305	0.303	0.292	0.299	0.293	0.303	1.980	0.634	0.315	0.201	1.909	-177861.874
45	8	10000	9299	0.5170	0.602	0.295	0.299	0.297	0.304	0.297	0.291	0.001	0.295	0.297	0.311	0.302	0.298	0.304	2.014	0.608	0.288	0.207	1.000	-178433.544
46	8	10000	9336	0.5137	0.282	0.309	0.310	0.305	0.303	0.298	0.316	0.325	0.299	0.308	0.306	0.298	0.302	0.295	1.997	0.607	0.299	0.205	1.070	-180060.933
47	8	10000	9335	0.5159	0.333	0.299	0.299	0.297	0.309	0.295	0.298	0.265	0.287	0.303	0.308	0.292	0.311	0.293	2.002	0.614	0.296	0.204	1.078	-178451.266
48	8	10000	9287	0.5178	0.291	0.301	0.312	0.305	0.294	0.309	0.298	0.310	0.320	0.304	0.289	0.289	0.306	0.309	2.067	0.638	0.319	0.203	1.944	-179030.205
49	8	10000	9280	0.5148	0.296	0.310	0.319	0.286	0.299	0.301	0.302	0.304	0.306	0.308	0.294	0.295	0.316	0.291	2.012	0.611	0.304	0.197	1.000	-178959.438
50	8	10000	9284	0.5110	0.315	0.320	0.300	0.303	0.304	0.300	0.306	0.299	0.314	0.296	0.302	0.298	0.295	0.295	2.017	0.609	0.315	0.203	1.133	-179470.228
51	8	10000	9276	0.5107	0.316	0.310	0.299	0.300	0.291	0.297	0.304	0.293	0.317	0.303	0.302	0.299	0.304	0.301	2.029	0.588	0.304	0.196	1.000	-179071.660
52	8	10000	9228	0.5110	0.427	0.294	0.304	0.300	0.296	0.292	0.294	0.171	0.298	0.294	0.299	0.306	0.298	0.313	1.999	0.622	0.305	0.201	1.165	-178231.622
53	8	10000	9259	0.5136	0.339	0.302	0.306	0.297	0.305	0.308	0.295	0.267	0.309	0.313	0.300	0.295	0.300	0.297	1.980	0.591	0.313	0.197	1.099	-179459.017
54	8	10000	9275	0.5142	0.263	0.300	0.294	0.295	0.287	0.299	0.311	0.315	0.305	0.302	0.313	0.294	0.302	0.305	1.983	0.594	0.302	0.207	1.126	-178991.413
55	8	10000	9251	0.5135	0.257	0.285	0.311	0.289	0.312	0.302	0.303	0.338	0.291	0.296	0.306	0.298	0.299	0.307	2.000	0.606	0.295	0.200	1.244	-178614.493
56	8	10000	9304	0.5128	0.315	0.295	0.309	0.302	0.298	0.306	0.284	0.303	0.287	0.302	0.309	0.307	0.313	0.285	1.983	0.617	0.314	0.203	1.233	-179127.255
57	8	10000	9272	0.5155	0.300	0.308	0.281	0.303	0.292	0.308	0.286	0.315	0.307	0.302	0.304	0.303	0.306	0.303	2.020	0.608	0.308	0.198	1.000	-178649.662
58	8	10000	9277	0.5167	0.300	0.306	0.297	0.301	0.304	0.301	0.298	0.304	0.302	0.293	0.289	0.296	0.300	0.306	2.016	0.593	0.287	0.201	1.000	-178356.042
59	8	10000	9247	0.5076	0.333	0.301	0.300	0.297	0.294	0.299	0.295	0.270	0.298	0.299	0.293	0.304	0.300	0.301	1.988	0.612	0.288	0.202	1.000	-177974.414
60	8	10000	9328	0.5168	0.314	0.309	0.307	0.306	0.299	0.286	0.307	0.275	0.291	0.287	0.300	0.302	0.306	0.297	2.020	0.585	0.294	0.204	1.000	-178869.857
61	8	10000	9231	0.5158	0.274	0.301	0.295	0.295	0.279	0.287	0.308	0.335	0.302	0.294	0.303	0.301	0.295	0.288	2.020	0.612	0.304	0.200	1.000	-177543.443
62	8	10000	9254	0.5118	0.328	0.304	0.310	0.297	0.293	0.311	0.299	0.251	0.309	0.299	0.299	0.311	0.300	0.302	2.007	0.601	0.294	0.198	1.000	-178660.704
63	8	10000	9267	0.5112	0.308	0.287	0.297	0.306	0.301	0.290	0.315	0.295	0.296	0.295	0.291	0.295	0.309	0.303	2.011	0.621	0.315	0.202	1.334	-178523.721
64	8	10000	9281	0.5189	0.313	0.305	0.288	0.296	0.291	0.321	0.286	0.304	0.292	0.299	0.288	0.296	0.304	0.295	2.018	0.619	0.307	0.205	1.000	-178456.975
65	8	10000	9263	0.5128	0.275	0.306	0.294	0.309	0.302	0.298	0.296	0.316	0.305	0.304	0.311	0.294	0.294	0.298	1.983	0.600	0.295	0.203	1.000	-178874.182
66	8	10000	9304	0.5124	0.407	0.292	0.288	0.309	0.297	0.312	0.308	0.210	0.301	0.311	0.301	0.302	0.289	0.304	1.997	0.621	0.303	0.207	1.000	-179392.124
67	8	10000	9225	0.5124	0.054	0.297	0.300	0.296	0.304	0.292	0.300	0.525	0.296	0.312	0.295	0.299	0.309	0.303	1.985	0.592	0.293	0.199	1.000	-178416.520
68	8	10000	9299	0.5113	0.268	0.304	0.297	0.308	0.310	0.304	0.305	0.319	0.300	0.289	0.303	0.301	0.301	0.298	1.951	0.596	0.299	0.204	1.000	-179277.693
69	8	10000	9316	0.5113	0.280	0.302	0.307	0.307	0.303	0.304	0.303	0.315	0.303	0.301	0.299	0.296	0.307	0.294	2.025	0.613	0.309	0.209	1.000	-179296.581
70	8	10000	9298	0.5183	0.319	0.303	0.289	0.295	0.314	0.304	0.303	0.271	0.309	0.303	0.300	0.293	0.306	0.301	2.037	0.567	0.295	0.198	1.052	-179257.815
71	8	10000	9283	0.5131	0.289	0.292	0.305	0.318	0.318	0.291	0.291	0.336	0.309	0.297	0.305	0.302	0.298	0.298	2.057	0.625	0.322	0.202	1.657	-179160.933
72	8	10000	9233	0.5138	0.298	0.296	0.301	0.300	0.289	0.293	0.301	0.338	0.302	0.305	0.292	0.299	0.295	0.299	1.995	0.636	0.313	0.202	1.879	-178289.327
73	8	10000	9269	0.5115	0.277	0.291	0.311	0.298	0.290	0.294	0.307	0.315	0.301	0.293	0.311	0.291	0.309	0.302	2.023	0.615	0.285	0.200	1.065	-177932.657
74	8	10000	9231	0.5157	0.314	0.304	0.299	0.300	0.297	0.297	0.302	0.291	0.303	0.301	0.297	0.308	0.298	0.288	1.997	0.601	0.302	0.201	1.278	-178731.144
75	8	10000	9286	0.5161	0.331	0.292	0.297	0.296	0.304	0.292	0.292	0.297	0.288	0.296	0.300	0.298	0.291	0.307	1.984	0.619	0.309	0.205	1.000	-178461.336
76	8	10000	9270	0.5168	0.308	0.320	0.306	0.301	0.293	0.290	0.298	0.273	0.297	0.289	0.305	0.290	0.302	0.305	2.030	0.584	0.299	0.194	1.000	-178188.423
77	8	10000	9234	0.5119	0.272	0.292	0.300	0.307	0.310	0.300	0.295	0.321	0.289	0.300	0.315	0.304	0.298	0.301	1.988	0.602	0.291	0.203	1.000	-178639.666
78	8	10000	9283	0.5175	0.278	0.294	0.308	0.301	0.309	0.303	0.303	0.311	0.297	0.313	0.285	0.302	0.291	0.301	2.007	0.579	0.283	0.195	1.000	-178511.159
79	8	10000	9349	0.5165	0.325	0.304	0.310	0.300	0.308	0.304	0.312	0.293	0.304	0.308	0.292	0.295	0.301	0.312	1.972	0.584	0.291	0.205	1.084	-180329.627
80	8	10000	9248	0.5158	0.296	0.295	0.300	0.297	0.293	0.304	0.298	0.323	0.289	0.302	0.304	0.310	0.301	0.297	2.003	0.610	0.301	0.199	1.000	-178593.974
81	8	10000	9252	0.5136	0.305	0.297	0.303	0.298	0.290	0.298	0.300	0.304	0.305	0.298	0.308	0.295	0.315	0.306	1.994	0.608	0.325	0.200	1.299	-179250.350
82	8	10000	9259	0.5163	0.314	0.299	0.305	0.301	0.283	0.295	0.302	0.281	0.309	0.303	0.308	0.294	0.300	0.315	2.013	0.603	0.317	0.202	1.000	-179360.500
83	8	10000	9274	0.5123	0.285	0.298	0.300	0.302	0.305	0.309	0.294	0.315	0.299	0.303	0.315	0.301	0.305	0.292	1.973	0.616	0.305	0.199	1.363	-178810.200
84	8	10000	9290	0.5158	0.167	0.305	0.308	0.300	0.291	0.315	0.304	1.019	0.304	0.300	0.298	0.285	0.299	0.305	1.997	0.658	0.338	0.201	188.858	-179543.676
85	8	10000	9320	0.5148	0.329	0.275	0.304	0.297	0.309	0.297	0.301	0.298	0.305	0.298	0.306	0.300	0.297	0.299	2.028	0.584	0.287	0.205	1.000	-179115.640
86	8	10000	9365	0.5125	0.296	0.301	0.312	0.311	0.293	0.301	0.312	0.316	0.303	0.306	0.302	0.307	0.312	0.290	2.018	0.605	0.306	0.205	1.000	-180082.239
87	8	10000	9252	0.5163	0.620	0.306	0.292	0.302	0.299	0.295	0.312	0.000	0.289	0.305	0.302	0.304	0.300	0.296	1.999	0.617	0.321	0.196	1.000	-178705.368
88	8	10000	9307	0.5142	0.281	0.316	0.292	0.298	0.296	0.303	0.311	0.302	0.290	0.294	0.300	0.308	0.307	0.287	2.010	0.602	0.302	0.200	1.071	-178338.966
89	8	10000	9307	0.5136	0.283	0.313	0.301	0.298	0.302	0.288	0.309	0.293	0.310	0.300	0.295	0.307	0.310	0.297	1.987	0.617	0.297	0.201	1.336	-178606.586
90	8	10000	9267	0.5145	0.321	0.295	0.301	0.294	0.310	0.300	0.298	0.292	0.305	0.300	0.299	0.287	0.294	0.309	2.036	0.627	0.306	0.202	1.740	-178522.167
91	8	10000	9323	0.5180	0.337	0.308	0.290	0.300	0.289	0.300	0.301	0.253	0.310	0.303	0.300	0.300	0.310	0.303	1.969	0.610	0.305	0.205	1.000	-179279.734
92	8	10000	9301	0.5118	0.598	0.308	0.303	0.302	0.321	0.302	0.309	0.000	0.291	0.307	0.290	0.314	0.296	0.283	1.984	0.594	0.300	0.201	1.000	-179290.148
93	8	10000	9248	0.5120	0.327	0.311	0.295	0.300	0.308	0.299	0.299	0.270	0.299	0.286	0.312	0.298	0.306	0.302	2.016	0.628	0.315	0.198	1.524	-178405.523
94	8	10000	9250	0.5123	0.380	0.310	0.290	0.300	0.294	0.299	0.302	0.224	0.285	0.287	0.300	0.308	0.289	0.303	2.019	0.608	0.289	0.200	1.000	-177715.411
95	8	10000	9233	0.5156	0.309	0.290	0.301	0.311	0.316	0.304	0.295	0.299	0.292	0.292	0.297	0.293	0.285	0.313	2.013	0.611	0.314	0.199	1.043	-178371.649
96	8	10000	9313	0.5141	0.289	0.297	0.310	0.314	0.299	0.308	0.299	0.304	0.298	0.296	0.300	0.298	0.297	0.311	2.027	0.629	0.327	0.203	1.933	-179276.744
97	8	10000	9304	0.5167	0.333	0.306	0.296	0.295	0.297	0.289	0.296	0.278	0.303	0.304	0.298	0.302	0.301	0.296	1.987	0.622	0.307	0.204	1.248	-178556.360
98	8	10000	9234	0.5132	0.308	0.308	0.311	0.293	0.302	0.296	0.295	0.263	0.301	0.308	0.305	0.280	0.295	0.290	2.027	0.612	0.298	0.194	1.270	-177624.492
99	8	10000	9255	0.5080	0.268	0.301	0.295	0.288	0.282	0.305	0.303	0.336	0.306	0.310	0.293	0.297	0.307	0.299	2.054	0.605	0.295	0.199	1.034	-178042.326
100	8	10000	9240	0.5103	0.286	0.315	0.301	0.296	0.291	0.310	0.309	0.310	0.307	0.301	0.296	0.297	0.309	0.298	1.994	0.595	0.316	0.197	1.053	-179224.070
101	8	10000	9271	0.5147	0.250	0.288	0.315	0.292	0.299	0.305	0.304	0.332	0.295	0.304	0.305	0.315	0.299	0.291	1.987	0.603	0.290	0.193	1.226	-178348.644
102	8	10000	9271	0.5130	0.464	0.311	0.310	0.292	0.296	0.304	0.292	0.136	0.299	0.302	0.304	0.328	0.287	0.307	2.032	0.597	0.299	0.203	1.000	-179211.525
103	8	10000	9258	0.5138	0.273	0.288	0.309	0.303	0.292	0.301	0.292	0.319	0.299	0.308	0.293	0.311	0.292	0.299	2.004	0.618	0.297	0.201	1.238	-177980.447
104	8	10000	9284	0.5151	0.310	0.294	0.312	0.293	0.292	0.296	0.292	0.288	0.299	0.312	0.309	0.291	0.302	0.299	1.949	0.615	0.307	0.207	1.100	-178907.145
105	8	10000	9270	0.5117	0.277	0.291	0.310	0.291	0.300	0.301	0.303	0.325	0.288	0.288	0.303	0.302	0.295	0.293	2.026	0.609	0.295	0.199	1.000	-177719.936
106	8	10000	9276	0.5122	0.311	0.313	0.306	0.298	0.306	0.290	0.299	0.274	0.309	0.289	0.317	0.291	0.306	0.292	1.993	0.581	0.287	0.197	1.038	-178576.005
107	8	10000	9282	0.5128	0.312	0.296	0.297	0.293	0.301	0.298	0.302	0.288	0.290	0.304	0.301	0.301	0.294	0.293	1.991	0.602	0.295	0.204	1.000	-178117.157
108	8	10000	9302	0.5126	0.321	0.297	0.311	0.300	0.296	0.290	0.307	0.275	0.301	0.299	0.307	0.300	0.302	0.319	2.001	0.587	0.292	0.200	1.016	-179455.158
109	8	10000	9289	0.5176	0.303	0.297	0.302	0.295	0.298	0.302	0.298	0.315	0.293	0.299	0.301	0.299	0.301	0.306	2.032	0.610	0.317	0.202	1.231	-179123.305
110	8	10000	9301	0.5171	0.322	0.301	0.302	0.303	0.318	0.304	0.304	0.294	0.292	0.309	0.301	0.296	0.307	0.305	1.946	0.587	0.314	0.194	1.000	-180029.380
111	8	10000	9296	0.5143	0.090	0.310	0.287	0.304	0.298	0.305	0.310	0.494	0.285	0.299	0.301	0.311	0.299	0.304	2.008	0.604	0.304	0.199	1.000	-178854.878
112	8	10000	9316	0.5181	0.311	0.307	0.303	0.305	0.298	0.305	0.292	0.290	0.299	0.289	0.314	0.310	0.302	0.303	2.019	0.611	0.315	0.204	1.000	-179495.236
113	8	10000	9310	0.5173	0.302	0.303	0.295	0.308	0.306	0.301	0.309	0.307	0.284	0.290	0.297	0.318	0.295	0.302	1.986	0.609	0.305	0.203	1.000	-179037.761
114	8	10000	9286	0.5173	0.297	0.304	0.302	0.311	0.313	0.296	0.301	0.305	0.288	0.315	0.282	0.289	0.304	0.300	2.030	0.603	0.312	0.204	1.295	-179091.791
115	8	10000	9265	0.5126	0.260	0.305	0.313	0.299	0.298	0.296	0.296	0.336	0.309	0.295	0.297	0.307	0.292	0.305	2.057	0.614	0.314	0.203	1.213	-178865.729
116	8	10000	9279	0.5131	0.288	0.282	0.292	0.298	0.319	0.297	0.306	0.289	0.299	0.294	0.313	0.308	0.286	0.297	2.007	0.599	0.292	0.200	1.138	-178044.701
117	8	10000	9276	0.5144	0.295	0.308	0.295	0.302	0.302	0.307	0.283	0.297	0.304	0.304	0.308	0.295	0.320	0.284	1.990	0.603	0.307	0.201	1.296	-179031.029
118	8	10000	9299	0.5139	0.320	0.291	0.310	0.300	0.290	0.305	0.317	0.276	0.302	0.290	0.301	0.311	0.305	0.304	2.011	0.599	0.301	0.201	1.070	-179377.443
119	8	10000	9283	0.5126	0.337	0.286	0.304	0.300	0.322	0.298	0.287	0.263	0.300	0.291	0.296	0.293	0.307	0.298	2.025	0.624	0.306	0.202	1.341	-178083.250
120	8	10000	9288	0.5167	0.265	0.303	0.314	0.308	0.305	0.297	0.298	0.322	0.289	0.302	0.297	0.316	0.298	0.300	1.986	0.618	0.305	0.208	1.273	-179467.647
121	8	10000	9284	0.5123	0.315	0.314	0.290	0.297	0.297	0.304	0.296	0.303	0.318	0.298	0.303	0.284	0.302	0.293	1.984	0.617	0.306	0.207	1.206	-178995.109
122	8	10000	9232	0.5098	0.316	0.285	0.299	0.302	0.304	0.295	0.292	0.314	0.292	0.291	0.296	0.304	0.299	0.304	2.015	0.618	0.319	0.198	1.000	-178043.992
123	8	10000	9284	0.5155	0.318	0.301	0.307	0.316	0.296	0.298	0.295	0.300	0.304	0.299	0.304	0.297	0.295	0.291	2.042	0.620	0.309	0.202	1.254	-178749.754
124	8	10000	9264	0.5132	0.309	0.292	0.296	0.301	0.306	0.293	0.291	0.266	0.298	0.304	0.298	0.312	0.300	0.290	2.006	0.585	0.291	0.202	1.000	-178146.245
125	8	10000	9274	0.5157	0.330	0.301	0.305	0.294	0.305	0.305	0.296	0.292	0.300	0.296	0.307	0.303	0.294	0.294	1.974	0.621	0.301	0.205	1.000	-179059.419
126	8	10000	9274	0.5124	0.315	0.287	0.310	0.295	0.287	0.298	0.310	0.304	0.288	0.299	0.305	0.296	0.306	0.313	1.999	0.612	0.295	0.200	1.000	-178750.177
127	8	10000	9267	0.5162	0.279	0.314	0.310	0.296	0.293	0.308	0.289	0.301	0.318	0.299	0.316	0.301	0.288	0.295	2.011	0.592	0.297	0.198	1.011	-178894.925
128	8	10000	9278	0.5116	0.279	0.277	0.293	0.294	0.285	0.298	0.290	0.316	0.305	0.289	0.300	0.307	0.295	0.312	1.961	0.627	0.290	0.206	1.000	-177669.831
129	8	10000	9276	0.5140	0.262	0.299	0.303	0.303	0.315	0.309	0.292	0.336	0.310	0.295	0.306	0.290	0.303	0.300	1.972	0.602	0.297	0.203	1.204	-179242.338
130	8	10000	9305	0.5153	0.331	0.300	0.292	0.307	0.301	0.292	0.303	0.267	0.307	0.297	0.314	0.312	0.302	0.292	1.985	0.634	0.315	0.201	1.339	-178918.762
131	8	10000	9294	0.5151	0.271	0.295	0.295	0.290	0.287	0.301	0.311	0.307	0.317	0.302	0.290	0.309	0.298	0.300	2.019	0.629	0.296	0.209	1.579	-178236.255
132	8	10000	9270	0.5135	0.244	0.313	0.294	0.294	0.290	0.297	0.300	0.328	0.300	0.300	0.283	0.309	0.290	0.285	1.952	0.600	0.275	0.206	1.000	-177763.538
133	8	10000	9266	0.5145	0.299	0.291	0.306	0.296	0.302	0.310	0.283	0.300	0.303	0.303	0.308	0.282	0.299	0.297	2.010	0.597	0.297	0.200	1.000	-178301.465
134	8	10000	9257	0.5143	0.314	0.300	0.311	0.297	0.292	0.303	0.293	0.288	0.311	0.299	0.298	0.293	0.294	0.305	1.954	0.586	0.301	0.205	1.000	-179304.309
135	8	10000	9259	0.5137	0.257	0.290	0.294	0.297	0.286	0.300	0.300	0.336	0.312	0.293	0.291	0.297	0.297	0.303	2.049	0.615	0.307	0.200	1.000	-177569.021
136	8	10000	9232	0.5146	0.312	0.300	0.306	0.302	0.310	0.303	0.302	0.312	0.280	0.305	0.300	0.304	0.310	0.302	1.988	0.589	0.323	0.194	1.000	-179625.182
137	8	10000	9254	0.5141	0.256	0.285	0.315	0.303	0.302	0.305	0.299	0.340	0.300	0.301	0.300	0.299	0.297	0.284	2.001	0.633	0.309	0.204	1.848	-178377.332
138	8	10000	9280	0.5123	0.386	0.290	0.298	0.305	0.303	0.298	0.295	0.233	0.305	0.294	0.296	0.289	0.291	0.301	1.978	0.626	0.321	0.207	1.249	-178608.427
139	8	10000	9274	0.5133	0.290	0.303	0.310	0.299	0.288	0.313	0.293	0.306	0.303	0.290	0.312	0.306	0.316	0.297	1.995	0.591	0.292	0.199	1.021	-179337.163
140	8	10000	9303	0.5152	0.304	0.309	0.309	0.303	0.303	0.294	0.300	0.316	0.318	0.293	0.318	0.295	0.310	0.293	2.007	0.582	0.316	0.197	1.189	-179961.790
141	8	10000	9300	0.5122	0.264	0.301	0.299	0.304	0.280	0.305	0.305	0.341	0.292	0.297	0.309	0.291	0.311	0.305	2.028	0.613	0.304	0.199	1.138	-178561.696
142	8	10000	9303	0.5124	0.309	0.295	0.305	0.302	0.322	0.292	0.296	0.323	0.301	0.297	0.312	0.296	0.299	0.312	2.035	0.639	0.321	0.200	1.772	-179227.888
143	8	10000	9268	0.5180	0.297	0.305	0.305	0.300	0.307	0.286	0.296	0.284	0.297	0.302	0.296	0.312	0.294	0.295	2.039	0.606	0.300	0.200	1.219	-178103.895
144	8	10000	9276	0.5130	0.277	0.296	0.301	0.305	0.296	0.288	0.288	0.320	0.289	0.298	0.303	0.308	0.288	0.308	2.000	0.607	0.300	0.200	1.187	-178121.999
145	8	10000	9277	0.5134	0.288	0.294	0.304	0.301	0.318	0.298	0.305	0.317	0.304	0.299	0.297	0.305	0.303	0.288	2.063	0.626	0.316	0.203	1.335	-179022.838
146	8	10000	9290	0.5147	0.296	0.306	0.297	0.294	0.299	0.303	0.289	0.285	0.304	0.302	0.303	0.298	0.296	0.306	1.980	0.605	0.291	0.205	1.137	-178533.648
147	8	10000	9245	0.5123	0.334	0.307	0.295	0.298	0.292	0.293	0.310	0.271	0.312	0.284	0.301	0.301	0.304	0.290	1.984	0.608	0.298	0.200	1.000	-178255.705
148	8	10000	9233	0.5081	0.296	0.308	0.302	0.309	0.293	0.298	0.303	0.282	0.318	0.297	0.296	0.293	0.295	0.307	1.991	0.596	0.308	0.200	1.044	-178901.430
149	8	10000	9258	0.5109	0.255	0.289	0.312	0.306	0.312	0.283	0.300	0.317	0.299	0.306	0.303	0.309	0.293	0.300	1.961	0.573	0.294	0.194	1.000	-178538.115
150	8	10000	9273	0.5163	0.312	0.307	0.292	0.309	0.285	0.305	0.294	0.290	0.301	0.298	0.308	0.304	0.289	0.296	2.002	0.648	0.304	0.205	1.694	-178119.289
151	8	10000	9261	0.5141	0.295	0.293	0.306	0.295	0.302	0.300	0.301	0.305	0.306	0.299	0.310	0.296	0.296	0.304	2.012	0.617	0.303	0.207	1.000	-178718.784
152	8	10000	9270	0.5146	0.331	0.291	0.300	0.305	0.286	0.293	0.296	0.280	0.306	0.290	0.294	0.285	0.301	0.311	1.993	0.632	0.304	0.202	1.000	-177818.798
153	8	10000	9341	0.5163	0.306	0.278	0.293	0.306	0.314	0.291	0.292	0.306	0.309	0.306	0.309	0.304	0.310	0.310	2.039	0.601	0.300	0.207	1.000	-179542.374
154	8	10000	9298	0.5125	0.312	0.307	0.296	0.296	0.313	0.302	0.291	0.285	0.295	0.306	0.305	0.297	0.298	0.298	1.948	0.594	0.290	0.202	1.000	-178950.147
155	8	10000	9273	0.5134	0.338	0.304	0.291	0.295	0.288	0.302	0.303	0.269	0.291	0.290	0.284	0.310	0.285	0.299	2.052	0.616	0.302	0.199	1.000	-177132.048
156	8	10000	9288	0.5136	0.321	0.289	0.294	0.294	0.307	0.306	0.296	0.295	0.302	0.306	0.302	0.296	0.294	0.306	2.024	0.592	0.307	0.200	1.056	-178818.300
157	8	10000	9223	0.5124	0.300	0.292	0.309	0.284	0.287	0.285	0.298	0.295	0.300	0.298	0.307	0.309	0.289	0.293	2.008	0.597	0.305	0.198	1.000	-177558.174
158	8	10000	9285	0.5110	0.281	0.296	0.301	0.293	0.303	0.293	0.295	0.336	0.296	0.295	0.301	0.314	0.309	0.291	1.994	0.603	0.298	0.199	1.107	-178442.181
159	8	10000	9256	0.5163	0.322	0.289	0.292	0.304	0.306	0.293	0.302	0.280	0.297	0.304	0.295	0.297	0.291	0.303	2.006	0.609	0.297	0.199	1.132	-178179.510
160	8	10000	9267	0.5129	0.282	0.296	0.294	0.301	0.306	0.291	0.288	0.320	0.307	0.309	0.308	0.304	0.301	0.295	2.003	0.602	0.293	0.193	1.000	-178242.386
161	8	10000	9316	0.5136	0.293	0.305	0.300	0.296	0.307	0.303	0.296	0.301	0.307	0.289	0.311	0.299	0.296	0.309	1.975	0.606	0.307	0.200	1.000	-179009.697
162	8	10000	9310	0.5148	0.269	0.287	0.300	0.301	0.316	0.293	0.289	0.321	0.294	0.291	0.306	0.299	0.298	0.300	1.959	0.620	0.309	0.205	1.000	-178295.502
163	8	10000	9247	0.5174	0.353	0.312	0.303	0.303	0.293	0.305	0.305	0.263	0.297	0.299	0.295	0.298	0.305	0.306	2.016	0.609	0.310	0.204	1.000	-179485.505
164	8	10000	9237	0.5098	0.282	0.285	0.301	0.296	0.291	0.279	0.290	0.301	0.300	0.289	0.306	0.297	0.305	0.295	1.950	0.609	0.296	0.196	1.254	-177031.352
165	8	10000	9240	0.5141	0.312	0.304	0.291	0.306	0.290	0.305	0.305	0.288	0.297	0.306	0.287	0.312	0.291	0.306	1.960	0.604	0.305	0.196	1.058	-178445.747
166	8	10000	9287	0.5126	0.303	0.295	0.291	0.305	0.289	0.304	0.304	0.295	0.300	0.289	0.303	0.307	0.292	0.300	2.017	0.598	0.316	0.202	1.236	-178795.482
167	8	10000	9263	0.5148	0.269	0.301	0.293	0.292	0.299	0.301	0.293	0.337	0.295	0.296	0.304	0.297	0.308	0.294	1.983	0.617	0.318	0.198	1.531	-178260.087
168	8	10000	9246	0.5123	0.329	0.294	0.295	0.301	0.301	0.292	0.299	0.277	0.285	0.289	0.293	0.300	0.306	0.294	1.967	0.648	0.314	0.208	1.534	-177895.284
169	8	10000	9288	0.5115	0.277	0.304	0.310	0.302	0.299	0.304	0.305	0.333	0.306	0.292	0.304	0.305	0.312	0.298	1.947	0.602	0.297	0.203	1.180	-179770.938
170	8	10000	9297	0.5100	0.276	0.298	0.303	0.312	0.306	0.289	0.299	0.327	0.312	0.304	0.295	0.307	0.295	0.298	1.988	0.631	0.297	0.202	1.000	-178564.694
171	8	10000	9292	0.5081	0.328	0.284	0.309	0.300	0.307	0.291	0.303	0.280	0.305	0.301	0.300	0.301	0.306	0.294	2.001	0.604	0.298	0.203	1.126	-178807.939
172	8	10000	9246	0.5120	0.285	0.294	0.303	0.298	0.289	0.304	0.298	0.308	0.298	0.294	0.306	0.297	0.287	0.304	1.980	0.600	0.298	0.199	1.000	-177981.440
173	8	10000	9269	0.5109	0.293	0.306	0.294	0.303	0.303	0.296	0.299	0.326	0.298	0.286	0.304	0.309	0.296	0.312	1.972	0.581	0.292	0.196	1.000	-178865.468
174	8	10000	9299	0.5132	0.290	0.303	0.294	0.305	0.304	0.293	0.311	0.304	0.303	0.299	0.299	0.307	0.299	0.304	2.010	0.606	0.307	0.202	1.167	-179017.940
175	8	10000	9257	0.5101	0.316	0.310	0.300	0.308	0.301	0.295	0.286	0.289	0.293	0.298	0.294	0.307	0.297	0.300	1.995	0.569	0.290	0.195	1.023	-178369.509
176	8	10000	9282	0.5179	0.298	0.292	0.291	0.303	0.292	0.278	0.305	0.310	0.301	0.301	0.301	0.290	0.301	0.296	1.995	0.615	0.289	0.204	1.000	-177706.345
177	8	10000	9254	0.5114	0.296	0.313	0.300	0.289	0.290	0.311	0.293	0.309	0.292	0.299	0.307	0.296	0.294	0.296	1.989	0.581	0.316	0.197	1.031	-178720.198
178	8	10000	9244	0.5114	0.307	0.288	0.288	0.314	0.295	0.309	0.293	0.315	0.291	0.305	0.305	0.291	0.295	0.306	2.004	0.624	0.308	0.204	1.000	-178443.147
179	8	10000	9240	0.5147	0.316	0.305	0.292	0.295	0.290	0.285	0.305	0.281	0.298	0.292	0.300	0.289	0.300	0.307	2.015	0.619	0.299	0.203	1.590	-177705.977
180	8	10000	9262	0.5109	0.293	0.293	0.301	0.297	0.295	0.300	0.297	0.313	0.291	0.298	0.296	0.320	0.298	0.297	1.989	0.617	0.305	0.199	1.034	-178179.005
181	8	10000	9241	0.5118	0.302	0.304	0.314	0.301	0.294	0.310	0.297	0.294	0.296	0.305	0.301	0.308	0.294	0.307	2.013	0.587	0.307	0.198	1.000	-179172.238
182	8	10000	9275	0.5151	0.291	0.295	0.297	0.298	0.308	0.303	0.297	0.306	0.317	0.300	0.298	0.283	0.305	0.300	2.065	0.573	0.293	0.194	1.037	-178395.868
183	8	10000	9240	0.5113	0.259	0.303	0.305	0.298	0.293	0.296	0.303	0.339	0.296	0.315	0.293	0.284	0.308	0.292	2.017	0.610	0.294	0.196	1.047	-177982.002
184	8	10000	9279	0.5123	0.290	0.293	0.297	0.292	0.298	0.292	0.317	0.325	0.300	0.285	0.304	0.301	0.300	0.296	1.990	0.607	0.293	0.207	1.000	-178605.198
185	8	10000	9291	0.5122	0.302	0.287	0.302	0.291	0.297	0.307	0.302	0.293	0.310	0.295	0.309	0.294	0.302	0.297	1.977	0.600	0.311	0.207	1.000	-178876.980
186	8	10000	9279	0.5151	0.272	0.294	0.305	0.308	0.306	0.303	0.307	0.322	0.307	0.300	0.295	0.298	0.304	0.301	2.004	0.606	0.310	0.197	1.204	-179025.662
187	8	10000	9297	0.5146	0.322	0.300	0.299	0.309	0.300	0.309	0.297	0.293	0.308	0.293	0.316	0.311	0.300	0.306	2.007	0.596	0.299	0.194	1.000	-179474.776
188	8	10000	9278	0.5127	0.316	0.301	0.300	0.300	0.298	0.295	0.318	0.268	0.288	0.315	0.288	0.302	0.299	0.300	2.007	0.582	0.297	0.197	1.000	-178701.700
189	8	10000	9261	0.5112	0.317	0.304	0.291	0.304	0.274	0.291	0.298	0.286	0.328	0.298	0.307	0.290	0.306	0.293	1.978	0.607	0.295	0.202	1.118	-178456.760
190	8	10000	9263	0.5124	0.410	0.301	0.302	0.298	0.311	0.291	0.295	0.167	0.309	0.311	0.293	0.295	0.306	0.307	1.994	0.594	0.298	0.203	1.000	-178941.694
191	8	10000	9291	0.5153	0.331	0.305	0.299	0.293	0.301	0.292	0.304	0.273	0.325	0.304	0.296	0.287	0.297	0.291	1.989	0.589	0.282	0.201	1.054	-178442.353
192	8	10000	9267	0.5160	0.262	0.304	0.300	0.294	0.318	0.298	0.293	0.327	0.289	0.307	0.303	0.300	0.294	0.320	1.993	0.602	0.292	0.195	1.000	-178459.130
193	8	10000	9295	0.5128	0.291	0.305	0.315	0.315	0.296	0.312	0.308	0.309	0.294	0.295	0.295	0.316	0.295	0.298	2.013	0.568	0.294	0.193	1.000	-179408.750
194	8	10000	9264	0.5122	0.270	0.297	0.299	0.301	0.297	0.309	0.299	0.336	0.298	0.293	0.293	0.311	0.294	0.308	1.978	0.628	0.307	0.202	1.000	-178458.188
195	8	10000	9248	0.5113	0.309	0.322	0.297	0.300	0.291	0.291	0.302	0.286	0.293	0.299	0.309	0.288	0.297	0.304	2.015	0.594	0.296	0.201	1.000	-178541.290
196	8	10000	9288	0.5153	0.334	0.318	0.300	0.305	0.290	0.301	0.315	0.277	0.316	0.295	0.309	0.294	0.309	0.298	1.977	0.569	0.308	0.190	1.141	-179969.988
197	8	10000	9255	0.5121	0.330	0.296	0.286	0.302	0.291	0.289	0.305	0.256	0.295	0.304	0.296	0.308	0.305	0.300	2.011	0.594	0.295	0.197	1.000	-177848.322
198	8	10000	9305	0.5145	0.325	0.304	0.298	0.297	0.309	0.296	0.304	0.282	0.283	0.308	0.297	0.302	0.304	0.295	2.009	0.614	0.301	0.202	1.029	-178768.690
199	8	10000	9297	0.5144	0.331	0.295	0.289	0.305	0.310	0.302	0.305	0.270	0.308	0.299	0.294	0.293	0.294	0.306	2.061	0.598	0.299	0.197	1.176	-178478.675
200	8	10000	9268	0.5127	0.313	0.297	0.316	0.293	0.286	0.306	0.307	0.284	0.296	0.294	0.298	0.305	0.307	0.300	2.021	0.614	0.319	0.197	1.124	-178706.133
201	8	10000	9242	0.5120	0.339	0.305	0.295	0.320	0.279	0.306	0.287	0.254	0.287	0.295	0.296	0.289	0.307	0.298	1.986	0.608	0.303	0.203	1.185	-178106.474
202	8	10000	9241	0.5111	0.316	0.291	0.303	0.296	0.308	0.298	0.294	0.303	0.284	0.311	0.285	0.294	0.302	0.295	2.035	0.614	0.305	0.200	1.056	-177805.129
203	8	10000	9315	0.5123	0.000	0.307	0.300	0.310	0.300	0.305	0.301	0.591	0.294	0.312	0.300	0.292	0.308	0.297	2.023	0.620	0.316	0.204	1.072	-179421.700
204	8	10000	9277	0.5123	0.265	0.297	0.307	0.295	0.302	0.302	0.290	0.340	0.296	0.297	0.308	0.304	0.307	0.299	1.961	0.613	0.316	0.195	1.345	-178607.566
205	8	10000	9289	0.5114	0.329	0.307	0.301	0.317	0.291	0.299	0.286	0.287	0.316	0.291	0.292	0.296	0.297	0.289	1.980	0.616	0.323	0.202	2.039	-178916.136
206	8	10000	9242	0.5127	0.285	0.281	0.298	0.287	0.307	0.302	0.304	0.310	0.285	0.297	0.297	0.304	0.304	0.299	1.982	0.620	0.308	0.197	1.000	-177784.875
207	8	10000	9207	0.5097	0.269	0.292	0.292	0.303	0.283	0.304	0.296	0.313	0.313	0.296	0.301	0.285	0.300	0.290	1.998	0.609	0.284	0.194	1.000	-177006.109
208	8	10000	9345	0.5124	0.292	0.305	0.305	0.307	0.320	0.304	0.301	0.309	0.303	0.293	0.309	0.306	0.305	0.315	1.993	0.587	0.287	0.201	1.166	-180207.147
209	8	10000	9286	0.5103	0.268	0.308	0.300	0.308	0.301	0.299	0.308	0.336	0.294	0.298	0.292	0.304	0.302	0.306	1.993	0.608	0.315	0.202	1.000	-179135.684
210	8	10000	9279	0.5116	0.177	0.300	0.300	0.298	0.292	0.306	0.295	0.460	0.295	0.307	0.298	0.314	0.300	0.292	2.011	0.628	0.297	0.199	1.000	-178428.441
211	8	10000	9281	0.5090	0.315	0.298	0.292	0.302	0.311	0.308	0.311	0.307	0.297	0.302	0.302	0.310	0.308	0.281	1.991	0.628	0.304	0.206	1.637	-179173.767
212	8	10000	9295	0.5134	0.263	0.292	0.300	0.297	0.298	0.302	0.296	0.325	0.305	0.306	0.289	0.287	0.293	0.300	1.999	0.572	0.298	0.202	1.000	-178464.856
213	8	10000	9287	0.5145	0.316	0.298	0.298	0.306	0.305	0.314	0.307	0.279	0.303	0.303	0.302	0.313	0.289	0.286	1.989	0.611	0.307	0.197	1.076	-178888.888
214	8	10000	9275	0.5117	0.303	0.290	0.301	0.303	0.303	0.307	0.310	0.279	0.295	0.298	0.295	0.295	0.308	0.308	2.010	0.639	0.303	0.207	1.620	-178540.298
215	8	10000	9342	0.5120	0.312	0.306	0.304	0.310	0.292	0.309	0.305	0.319	0.310	0.303	0.309	0.303	0.303	0.303	1.991	0.592	0.303	0.202	1.000	-180246.943
216	8	10000	9283	0.5099	0.342	0.320	0.308	0.293	0.291	0.291	0.298	0.276	0.300	0.298	0.301	0.310	0.308	0.288	2.002	0.595	0.305	0.202	1.088	-179056.546
217	8	10000	9216	0.5167	0.295	0.289	0.291	0.304	0.303	0.305	0.290	0.300	0.301	0.280	0.298	0.291	0.284	0.280	1.986	0.613	0.305	0.205	1.141	-177122.535
218	8	10000	9265	0.5178	0.299	0.290	0.301	0.299	0.301	0.298	0.312	0.298	0.283	0.309	0.299	0.318	0.291	0.311	2.010	0.627	0.305	0.200	1.195	-178968.513
219	8	10000	9259	0.5144	0.287	0.305	0.285	0.299	0.292	0.283	0.302	0.305	0.291	0.289	0.305	0.307	0.288	0.311	1.982	0.618	0.297	0.201	1.281	-177689.001
220	8	10000	9251	0.5149	0.282	0.292	0.306	0.292	0.303	0.300	0.300	0.308	0.305	0.290	0.286	0.304	0.293	0.302	2.000	0.610	0.303	0.204	1.026	-178029.781
221	8	10000	9226	0.5152	0.301	0.303	0.304	0.300	0.302	0.288	0.294	0.320	0.300	0.294	0.294	0.291	0.297	0.300	2.029	0.627	0.326	0.199	1.944	-178072.814
222	8	10000	9300	0.5126	0.308	0.295	0.284	0.303	0.305	0.301	0.304	0.298	0.297	0.315	0.296	0.300	0.299	0.304	2.014	0.623	0.314	0.202	1.000	-178562.760
223	8	10000	9298	0.5141	0.292	0.299	0.296	0.281	0.306	0.299	0.293	0.317	0.293	0.313	0.307	0.284	0.310	0.299	2.028	0.598	0.294	0.197	1.397	-178495.601
224	8	10000	9261	0.5123	0.302	0.300	0.302	0.318	0.307	0.309	0.303	0.304	0.302	0.292	0.312	0.295	0.304	0.312	1.961	0.614	0.313	0.195	1.496	-179846.720
225	8	10000	9311	0.5136	0.310	0.315	0.310	0.308	0.284	0.299	0.290	0.284	0.303	0.297	0.304	0.300	0.306	0.297	2.019	0.606	0.310	0.200	1.181	-179009.885
226	8	10000	9261	0.5084	0.303	0.296	0.298	0.293	0.287	0.302	0.287	0.319	0.302	0.304	0.299	0.291	0.305	0.293	2.047	0.596	0.293	0.199	1.000	-177655.989
227	8	10000	9304	0.5169	0.338	0.316	0.306	0.304	0.296	0.310	0.306	0.263	0.309	0.298	0.303	0.295	0.295	0.316	2.007	0.609	0.306	0.202	1.213	-179803.081
228	8	10000	9306	0.5127	0.307	0.307	0.298	0.290	0.307	0.303	0.305	0.276	0.308	0.300	0.296	0.294	0.302	0.296	1.983	0.602	0.311	0.198	1.275	-178708.974
229	8	10000	9299	0.5138	0.322	0.293	0.296	0.291	0.293	0.303	0.299	0.279	0.300	0.316	0.307	0.300	0.305	0.303	2.061	0.588	0.310	0.202	1.000	-179221.035
230	8	10000	9312	0.5139	0.327	0.313	0.301	0.309	0.292	0.302	0.299	0.273	0.304	0.307	0.296	0.291	0.309	0.302	1.979	0.597	0.311	0.203	1.000	-179722.187
231	8	10000	9267	0.5127	0.452	0.294	0.295	0.291	0.308	0.307	0.308	0.153	0.288	0.306	0.299	0.290	0.299	0.307	1.999	0.570	0.310	0.203	1.000	-179590.897
232	8	10000	9284	0.5150	0.295	0.307	0.299	0.304	0.297	0.296	0.306	0.313	0.305	0.301	0.305	0.312	0.309	0.301	2.008	0.591	0.321	0.201	1.000	-179759.021
233	8	10000	9292	0.5111	0.292	0.305	0.290	0.312	0.300	0.290	0.294	0.301	0.291	0.295	0.313	0.291	0.303	0.305	2.011	0.613	0.298	0.204	1.036	-178254.741
234	8	10000	9313	0.5155	0.266	0.305	0.299	0.312	0.290	0.297	0.300	0.307	0.290	0.291	0.305	0.302	0.300	0.309	2.024	0.582	0.276	0.205	1.000	-178390.968
235	8	10000	9262	0.5154	0.313	0.295	0.303	0.303	0.303	0.296	0.304	0.288	0.290	0.300	0.301	0.300	0.296	0.295	2.010	0.624	0.312	0.198	1.198	-178146.615
236	8	10000	9289	0.5201	0.280	0.289	0.296	0.299	0.304	0.306	0.312	0.333	0.310	0.296	0.302	0.293	0.292	0.288	1.963	0.617	0.311	0.198	1.000	-178639.066
237	8	10000	9241	0.5139	0.266	0.290	0.300	0.292	0.298	0.288	0.298	0.305	0.296	0.296	0.296	0.294	0.307	0.291	1.986	0.628	0.312	0.201	1.155	-177311.199
238	8	10000	9322	0.5179	0.298	0.306	0.307	0.300	0.311	0.286	0.312	0.300	0.292	0.297	0.290	0.313	0.294	0.309	1.971	0.617	0.307	0.209	1.230	-179520.645
239	8	10000	9258	0.5129	0.298	0.294	0.304	0.301	0.288	0.306	0.292	0.299	0.300	0.298	0.304	0.293	0.302	0.298	1.969	0.598	0.293	0.200	1.128	-178492.187
240	8	10000	9316	0.5119	0.313	0.296	0.310	0.308	0.305	0.308	0.295	0.291	0.288	0.308	0.284	0.304	0.309	0.303	2.010	0.612	0.302	0.202	1.000	-178960.288
241	8	10000	9323	0.5168	0.300	0.325	0.297	0.303	0.290	0.311	0.300	0.316	0.320	0.309	0.296	0.272	0.304	0.300	1.986	0.604	0.292	0.203	1.077	-179588.479
242	8	10000	9264	0.5149	0.283	0.304	0.306	0.297	0.289	0.291	0.301	0.302	0.298	0.289	0.300	0.284	0.286	0.300	1.957	0.584	0.288	0.202	1.000	-177706.554
243	8	10000	9291	0.5191	0.324	0.289	0.303	0.305	0.310	0.291	0.290	0.282	0.305	0.311	0.298	0.299	0.306	0.306	2.037	0.617	0.315	0.202	1.104	-178881.122
244	8	10000	9290	0.5121	0.312	0.303	0.295	0.309	0.301	0.311	0.302	0.285	0.297	0.290	0.299	0.293	0.304	0.295	2.018	0.627	0.322	0.202	1.000	-178685.391
245	8	10000	9265	0.5168	0.455	0.311	0.284	0.303	0.315	0.293	0.308	0.153	0.311	0.302	0.304	0.289	0.296	0.315	2.025	0.598	0.307	0.201	1.000	-179252.964
246	8	10000	9260	0.5145	0.269	0.316	0.304	0.297	0.297	0.303	0.300	0.333	0.302	0.299	0.305	0.302	0.294	0.307	2.003	0.602	0.311	0.202	1.399	-179281.577
247	8	10000	9219	0.5128	0.275	0.301	0.298	0.291	0.302	0.295	0.291	0.343	0.307	0.295	0.311	0.298	0.285	0.311	2.023	0.612	0.330	0.197	1.000	-178290.172
248	8	10000	9281	0.5116	0.337	0.303	0.304	0.290	0.304	0.300	0.301	0.279	0.297	0.292	0.302	0.309	0.313	0.302	2.036	0.598	0.301	0.200	1.000	-179147.152
249	8	10000	9220	0.5106	0.331	0.298	0.300	0.297	0.302	0.303	0.300	0.270	0.301	0.294	0.304	0.281	0.293	0.294	2.011	0.605	0.294	0.201	1.121	-177701.745
250	8	10000	9237	0.5120	0.309	0.299	0.298	0.281	0.299	0.310	0.298	0.295	0.299	0.297	0.296	0.295	0.294	0.310	1.974	0.590	0.300	0.192	1.000	-177991.114
251	8	10000	9244	0.5128	0.295	0.303	0.297	0.299	0.305	0.301	0.290	0.280	0.291	0.295	0.307	0.306	0.288	0.307	1.936	0.598	0.289	0.197	1.000	-178032.098
252	8	10000	9282	0.5103	0.380	0.310	0.296	0.308	0.299	0.304	0.303	0.229	0.301	0.305	0.300	0.299	0.310	0.305	2.003	0.622	0.314	0.210	1.182	-179835.736
253	8	10000	9286	0.5150	0.315	0.308	0.300	0.302	0.296	0.305	0.288	0.291	0.298	0.302	0.299	0.304	0.306	0.290	2.021	0.621	0.323	0.202	1.768	-178916.968
254	8	10000	9249	0.5115	0.275	0.303	0.283	0.305	0.285	0.308	0.294	0.340	0.294	0.303	0.296	0.304	0.304	0.303	1.991	0.621	0.303	0.194	1.517	-178131.259
255	8	10000	9280	0.5164	0.274	0.304	0.305	0.299	0.306	0.303	0.305	0.331	0.300	0.298	0.313	0.296	0.306	0.293	2.044	0.606	0.324	0.197	1.057	-179236.121
256	8	10000	9310	0.5153	0.294	0.289	0.312	0.303	0.295	0.295	0.307	0.314	0.298	0.298	0.312	0.289	0.309	0.295	1.980	0.613	0.300	0.203	1.019	-179301.553
257	8	10000	9273	0.5124	0.332	0.291	0.288	0.305	0.306	0.303	0.301	0.275	0.303	0.294	0.304	0.309	0.297	0.291	1.996	0.619	0.286	0.208	1.000	-178538.538
258	8	10000	9308	0.5128	0.266	0.308	0.298	0.302	0.281	0.304	0.304	0.310	0.300	0.315	0.300	0.292	0.297	0.299	1.987	0.581	0.277	0.196	1.000	-178165.213
259	8	10000	9255	0.5154	0.287	0.301	0.294	0.295	0.281	0.290	0.296	0.331	0.296	0.296	0.308	0.293	0.306	0.289	1.986	0.613	0.290	0.195	1.000	-177458.290
260	8	10000	9280	0.5122	0.308	0.288	0.304	0.294	0.288	0.299	0.286	0.315	0.287	0.295	0.298	0.314	0.307	0.299	1.993	0.621	0.300	0.202	1.195	-177987.695
261	8	10000	9260	0.5123	0.322	0.309	0.296	0.295	0.301	0.292	0.300	0.298	0.290	0.304	0.308	0.312	0.296	0.303	2.001	0.613	0.313	0.199	1.000	-178976.650
262	8	10000	9302	0.5147	0.284	0.298	0.299	0.294	0.293	0.297	0.301	0.325	0.306	0.303	0.306	0.284	0.302	0.309	2.051	0.593	0.287	0.202	1.000	-178544.454
263	8	10000	9309	0.5134	0.293	0.312	0.298	0.311	0.293	0.306	0.292	0.323	0.300	0.306	0.313	0.293	0.305	0.296	2.038	0.628	0.324	0.203	1.000	-179288.487
264	8	10000	9242	0.5113	0.309	0.297	0.300	0.289	0.311	0.289	0.314	0.276	0.305	0.292	0.298	0.295	0.290	0.297	1.994	0.590	0.291	0.198	1.000	-177634.101
265	8	10000	9305	0.5169	0.252	0.323	0.306	0.303	0.292	0.301	0.303	0.333	0.320	0.304	0.308	0.295	0.303	0.307	2.029	0.598	0.297	0.200	1.009	-179416.357
266	8	10000	9307	0.5126	0.284	0.305	0.309	0.295	0.306	0.295	0.321	0.313	0.313	0.313	0.300	0.301	0.306	0.306	2.006	0.566	0.296	0.197	1.000	-180272.711
267	8	10000	9266	0.5146	0.296	0.318	0.301	0.309	0.304	0.317	0.304	0.283	0.314	0.292	0.308	0.301	0.296	0.297	1.976	0.583	0.305	0.198	1.000	-179908.663
268	8	10000	9278	0.5141	0.280	0.290	0.306	0.299	0.301	0.286	0.305	0.324	0.294	0.307	0.307	0.295	0.300	0.296	1.979	0.599	0.295	0.200	1.053	-178669.842
269	8	10000	9230	0.5133	0.321	0.298	0.296	0.301	0.295	0.290	0.296	0.277	0.288	0.293	0.309	0.297	0.297	0.289	1.956	0.642	0.307	0.199	1.000	-177131.985
270	8	10000	9305	0.5143	0.295	0.289	0.300	0.299	0.314	0.305	0.296	0.295	0.299	0.302	0.290	0.298	0.313	0.292	1.997	0.611	0.304	0.208	1.000	-178837.403
271	8	10000	9302	0.5151	0.330	0.296	0.313	0.299	0.302	0.313	0.303	0.275	0.311	0.310	0.307	0.291	0.296	0.301	1.982	0.605	0.313	0.202	1.077	-179798.485
272	8	10000	9285	0.5134	0.296	0.282	0.297	0.307	0.305	0.289	0.307	0.318	0.298	0.312	0.300	0.303	0.299	0.296	1.978	0.590	0.294	0.195	1.116	-178620.162
273	8	10000	9230	0.5152	0.304	0.302	0.300	0.301	0.300	0.304	0.303	0.278	0.299	0.289	0.289	0.290	0.297	0.301	1.984	0.603	0.303	0.198	1.000	-178041.622
274	8	10000	9306	0.5165	0.600	0.303	0.297	0.311	0.304	0.304	0.292	0.003	0.294	0.295	0.297	0.304	0.294	0.294	2.010	0.651	0.311	0.203	1.713	-178107.732
275	8	10000	9305	0.5155	0.306	0.296	0.306	0.299	0.309	0.300	0.312	0.307	0.296	0.305	0.301	0.295	0.299	0.298	1.974	0.636	0.313	0.204	1.851	-179356.582
276	8	10000	9329	0.5207	0.341	0.289	0.308	0.308	0.294	0.301	0.310	0.256	0.304	0.311	0.307	0.307	0.299	0.305	1.983	0.591	0.315	0.202	1.000	-180103.417
277	8	10000	9326	0.5108	0.282	0.291	0.309	0.302	0.300	0.295	0.296	0.334	0.285	0.300	0.307	0.320	0.300	0.295	2.035	0.603	0.293	0.206	1.000	-178594.947
278	8	10000	9327	0.5160	0.302	0.294	0.315	0.300	0.292	0.311	0.288	0.310	0.299	0.303	0.296	0.296	0.295	0.305	2.005	0.624	0.299	0.208	1.352	-178976.659
279	8	10000	9246	0.5134	0.325	0.302	0.304	0.293	0.282	0.314	0.289	0.264	0.308	0.303	0.278	0.293	0.289	0.291	1.969	0.623	0.310	0.205	1.449	-177537.626
280	8	10000	9234	0.5096	0.326	0.290	0.304	0.298	0.306	0.301	0.299	0.286	0.309	0.291	0.302	0.294	0.293	0.303	1.970	0.600	0.307	0.204	1.000	-178744.533
281	8	10000	9303	0.5132	0.307	0.309	0.312	0.299	0.294	0.286	0.313	0.294	0.302	0.310	0.311	0.305	0.289	0.300	1.994	0.613	0.301	0.200	1.000	-179047.361
282	8	10000	9266	0.5071	0.320	0.314	0.295	0.300	0.297	0.310	0.313	0.300	0.297	0.292	0.303	0.291	0.298	0.303	2.001	0.600	0.316	0.201	1.005	-179153.993
283	8	10000	9301	0.5146	0.308	0.314	0.310	0.299	0.286	0.304	0.294	0.295	0.303	0.296	0.310	0.290	0.303	0.294	1.991	0.608	0.293	0.208	1.040	-179095.356
284	8	10000	9271	0.5117	0.304	0.294	0.291	0.285	0.310	0.295	0.310	0.306	0.315	0.291	0.299	0.283	0.296	0.300	2.011	0.627	0.306	0.200	1.308	-177837.245
285	8	10000	9257	0.5110	0.256	0.295	0.290	0.304	0.296	0.299	0.292	0.330	0.311	0.310	0.294	0.288	0.308	0.288	1.998	0.614	0.292	0.199	1.104	-177474.351
286	8	10000	9283	0.5169	0.275	0.321	0.305	0.303	0.288	0.297	0.310	0.326	0.306	0.309	0.298	0.293	0.303	0.299	1.999	0.611	0.303	0.203	1.000	-179444.154
287	8	10000	9275	0.5149	0.296	0.300	0.293	0.300	0.309	0.299	0.307	0.285	0.300	0.302	0.300	0.304	0.288	0.296	2.034	0.614	0.315	0.205	1.301	-178531.283
288	8	10000	9258	0.5146	0.312	0.306	0.290	0.305	0.287	0.293	0.290	0.305	0.313	0.307	0.292	0.298	0.303	0.301	1.986	0.589	0.286	0.199	1.188	-178337.311
289	8	10000	9296	0.5121	0.308	0.304	0.316	0.294	0.306	0.306	0.288	0.305	0.296	0.307	0.290	0.297	0.298	0.312	2.035	0.593	0.313	0.201	1.000	-179212.870
290	8	10000	9294	0.5111	0.257	0.308	0.299	0.297	0.301	0.309	0.303	0.348	0.297	0.303	0.299	0.302	0.296	0.308	2.060	0.612	0.315	0.197	1.660	-178894.363
291	8	10000	9250	0.5145	0.293	0.310	0.288	0.307	0.287	0.318	0.293	0.316	0.289	0.290	0.290	0.298	0.298	0.298	2.003	0.615	0.319	0.199	1.145	-178201.620
292	8	10000	9273	0.5124	0.300	0.309	0.309	0.297	0.290	0.301	0.292	0.267	0.301	0.298	0.293	0.304	0.309	0.285	2.008	0.600	0.293	0.200	1.000	-177960.214
293	8	10000	9226	0.5149	0.606	0.305	0.298	0.299	0.283	0.296	0.319	0.000	0.274	0.300	0.294	0.297	0.290	0.302	1.995	0.605	0.284	0.198	1.000	-177108.078
294	8	10000	9258	0.5147	0.283	0.299	0.291	0.307	0.283	0.293	0.295	0.300	0.308	0.319	0.304	0.292	0.302	0.304	2.010	0.583	0.287	0.200	1.000	-178471.735
295	8	10000	9301	0.5115	0.298	0.301	0.301	0.299	0.294	0.310	0.294	0.300	0.304	0.295	0.290	0.301	0.308	0.292	1.998	0.594	0.299	0.200	1.000	-178207.928
296	8	10000	9243	0.5165	0.258	0.292	0.288	0.288	0.301	0.312	0.291	0.337	0.296	0.290	0.300	0.305	0.291	0.298	1.993	0.598	0.303	0.196	1.000	-177453.736
297	8	10000	9273	0.5106	0.324	0.301	0.291	0.298	0.294	0.300	0.287	0.301	0.295	0.291	0.303	0.309	0.298	0.304	1.959	0.600	0.298	0.196	1.024	-178272.047
298	8	10000	9287	0.5157	0.276	0.293	0.318	0.303	0.296	0.303	0.302	0.346	0.299	0.304	0.308	0.295	0.301	0.303	2.039	0.594	0.296	0.200	1.000	-179461.231
299	8	10000	9298	0.5096	0.280	0.305	0.308	0.281	0.289	0.300	0.290	0.335	0.292	0.312	0.299	0.310	0.295	0.305	2.012	0.616	0.307	0.204	1.074	-178518.448
300	8	10000	9282	0.5117	0.324	0.298	0.291	0.304	0.289	0.302	0.298	0.260	0.294	0.309	0.306	0.309	0.304	0.287	2.017	0.595	0.302	0.196	1.000	-178002.599
301	8	10000	9289	0.5131	0.305	0.289	0.304	0.297	0.296	0.276	0.309	0.298	0.293	0.294	0.302	0.296	0.289	0.297	1.991	0.626	0.297	0.206	1.045	-177691.528
302	8	10000	9270	0.5134	0.322	0.307	0.302	0.308	0.291	0.297	0.298	0.295	0.284	0.309	0.286	0.306	0.319	0.297	1.985	0.617	0.308	0.200	1.000	-178956.369
303	8	10000	9313	0.5182	0.308	0.300	0.300	0.297	0.293	0.295	0.299	0.287	0.312	0.311	0.296	0.309	0.296	0.303	2.005	0.596	0.302	0.203	1.000	-179047.376
304	8	10000	9261	0.5135	0.317	0.296	0.308	0.285	0.286	0.297	0.301	0.285	0.297	0.311	0.298	0.291	0.281	0.317	2.003	0.614	0.306	0.203	1.234	-178473.113
305	8	10000	9324	0.5123	0.308	0.297	0.310	0.282	0.297	0.299	0.292	0.273	0.302	0.295	0.306	0.310	0.301	0.299	1.981	0.575	0.291	0.203	1.000	-178796.750
306	8	10000	9271	0.5126	0.318	0.299	0.292	0.307	0.282	0.299	0.306	0.279	0.297	0.299	0.310	0.299	0.305	0.296	2.026	0.627	0.305	0.206	1.000	-178448.185
307	8	10000	9272	0.5136	0.329	0.303	0.294	0.308	0.288	0.293	0.318	0.291	0.307	0.300	0.302	0.295	0.291	0.300	2.007	0.581	0.302	0.195	1.000	-178952.070
308	8	10000	9251	0.5120	0.273	0.290	0.308	0.300	0.291	0.289	0.304	0.320	0.322	0.305	0.303	0.299	0.312	0.283	2.005	0.597	0.290	0.201	1.000	-178318.040
309	8	10000	9328	0.5134	0.313	0.308	0.301	0.309	0.302	0.309	0.298	0.297	0.309	0.292	0.312	0.304	0.300	0.301	2.072	0.593	0.310	0.195	1.000	-179201.155
310	8	10000	9256	0.5143	0.287	0.287	0.299	0.302	0.309	0.301	0.312	0.325	0.269	0.293	0.298	0.318	0.305	0.299	1.945	0.610	0.303	0.199	1.000	-178846.510
311	8	10000	9306	0.5129	0.299	0.291	0.304	0.293	0.289	0.301	0.297	0.294	0.297	0.296	0.295	0.315	0.283	0.312	2.013	0.625	0.295	0.199	1.254	-177613.791
312	8	10000	9324	0.5128	0.253	0.306	0.293	0.312	0.306	0.313	0.301	0.338	0.316	0.302	0.312	0.299	0.304	0.300	1.982	0.581	0.308	0.203	1.004	-180299.073
313	8	10000	9246	0.5126	0.274	0.305	0.306	0.289	0.296	0.293	0.306	0.317	0.301	0.302	0.301	0.299	0.292	0.296	1.967	0.617	0.312	0.202	1.000	-178481.715
314	8	10000	9265	0.5140	0.271	0.296	0.304	0.294	0.312	0.308	0.291	0.317	0.285	0.293	0.310	0.309	0.310	0.288	1.980	0.600	0.303	0.194	1.000	-178226.079
315	8	10000	9303	0.5138	0.277	0.282	0.301	0.305	0.316	0.301	0.291	0.313	0.330	0.298	0.300	0.287	0.293	0.307	1.995	0.625	0.313	0.206	1.000	-178836.853
316	8	10000	9279	0.5167	0.324	0.285	0.301	0.286	0.304	0.302	0.308	0.299	0.302	0.298	0.303	0.310	0.301	0.293	1.981	0.598	0.309	0.200	1.149	-179042.057
317	8	10000	9258	0.5153	0.275	0.309	0.294	0.300	0.300	0.293	0.299	0.320	0.296	0.297	0.310	0.289	0.302	0.287	1.980	0.604	0.312	0.197	1.275	-178144.230
318	8	10000	9275	0.5110	0.329	0.282	0.299	0.297	0.302	0.292	0.301	0.278	0.304	0.298	0.297	0.314	0.307	0.304	2.021	0.603	0.310	0.205	1.127	-178867.875
319	8	10000	9285	0.5165	0.274	0.298	0.303	0.318	0.309	0.301	0.305	0.348	0.315	0.295	0.308	0.295	0.287	0.297	2.006	0.576	0.302	0.190	1.057	-179355.130
320	8	10000	9256	0.5159	0.318	0.299	0.295	0.296	0.296	0.304	0.297	0.312	0.305	0.304	0.295	0.297	0.294	0.290	1.983	0.645	0.312	0.201	1.162	-178335.690
321	8	10000	9276	0.5120	0.296	0.307	0.299	0.285	0.297	0.302	0.300	0.301	0.300	0.301	0.304	0.311	0.306	0.294	1.992	0.613	0.305	0.201	1.413	-178575.226
322	8	10000	9249	0.5156	0.305	0.302	0.285	0.303	0.294	0.293	0.306	0.304	0.307	0.299	0.278	0.288	0.302	0.295	1.979	0.635	0.305	0.201	1.736	-177682.833
323	8	10000	9252	0.5151	0.276	0.281	0.293	0.318	0.304	0.301	0.298	0.326	0.304	0.312	0.306	0.302	0.299	0.293	2.022	0.627	0.314	0.199	1.248	-178565.889
324	8	10000	9260	0.5120	0.280	0.317	0.305	0.290	0.296	0.314	0.277	0.340	0.304	0.292	0.309	0.302	0.307	0.294	1.980	0.635	0.320	0.199	1.079	-178662.293
325	8	10000	9299	0.5155	0.293	0.281	0.293	0.299	0.304	0.287	0.315	0.298	0.305	0.296	0.290	0.290	0.304	0.300	1.976	0.597	0.291	0.199	1.000	-178027.508
326	8	10000	9231	0.5109	0.328	0.308	0.287	0.307	0.290	0.306	0.303	0.285	0.292	0.307	0.302	0.300	0.292	0.313	1.984	0.622	0.311	0.195	1.000	-178465.093
327	8	10000	9276	0.5116	0.275	0.294	0.299	0.301	0.302	0.306	0.290	0.337	0.290	0.309	0.295	0.295	0.300	0.293	1.982	0.636	0.307	0.208	1.852	-178560.370
328	8	10000	9243	0.5135	0.303	0.290	0.306	0.301	0.297	0.295	0.278	0.283	0.289	0.297	0.303	0.306	0.304	0.294	1.952	0.602	0.295	0.199	1.182	-177816.869
329	8	10000	9261	0.5121	0.283	0.293	0.298	0.299	0.307	0.299	0.292	0.324	0.302	0.299	0.298	0.307	0.286	0.297	1.977	0.614	0.297	0.203	1.000	-178075.715
330	8	10000	9252	0.5084	0.273	0.286	0.301	0.299	0.288	0.313	0.296	0.351	0.285	0.292	0.301	0.300	0.307	0.298	1.984	0.604	0.288	0.203	1.000	-178344.360
331	8	10000	9283	0.5147	0.282	0.305	0.313	0.298	0.312	0.310	0.295	0.322	0.312	0.297	0.307	0.312	0.300	0.301	2.031	0.598	0.288	0.196	1.349	-179255.194
332	8	10000	9302	0.5146	0.299	0.307	0.304	0.297	0.301	0.293	0.299	0.299	0.311	0.292	0.312	0.297	0.305	0.291	1.958	0.605	0.302	0.200	1.150	-178898.326
333	8	10000	9284	0.5194	0.285	0.272	0.300	0.300	0.306	0.289	0.296	0.315	0.298	0.293	0.306	0.316	0.308	0.306	2.044	0.635	0.303	0.204	1.081	-178452.135
334	8	10000	9288	0.5119	0.312	0.302	0.299	0.290	0.300	0.286	0.306	0.288	0.294	0.304	0.295	0.300	0.298	0.299	1.993	0.619	0.301	0.206	1.000	-178235.867
335	8	10000	9250	0.5127	0.295	0.313	0.303	0.290	0.289	0.296	0.299	0.298	0.288	0.302	0.301	0.290	0.292	0.291	2.011	0.620	0.304	0.201	1.000	-177532.783
336	8	10000	9266	0.5123	0.277	0.299	0.302	0.308	0.302	0.315	0.274	0.318	0.301	0.309	0.289	0.282	0.291	0.304	1.999	0.591	0.303	0.200	1.000	-178254.710
337	8	10000	9227	0.5079	0.297	0.306	0.308	0.308	0.297	0.303	0.299	0.305	0.290	0.304	0.306	0.302	0.315	0.282	2.017	0.613	0.306	0.199	1.179	-178940.145
338	8	10000	9262	0.5128	0.331	0.286	0.309	0.292	0.301	0.285	0.299	0.277	0.303	0.286	0.293	0.303	0.299	0.288	2.000	0.596	0.291	0.200	1.000	-177541.252
339	8	10000	9271	0.5129	0.308	0.294	0.312	0.301	0.306	0.289	0.300	0.286	0.297	0.280	0.308	0.289	0.287	0.306	1.996	0.602	0.302	0.204	1.000	-178319.907
340	8	10000	9247	0.5115	0.290	0.296	0.300	0.287	0.299	0.305	0.299	0.319	0.298	0.303	0.305	0.294	0.298	0.290	1.960	0.611	0.303	0.198	1.145	-178205.655
341	8	10000	9301	0.5149	0.306	0.298	0.304	0.308	0.292	0.310	0.297	0.292	0.298	0.307	0.308	0.301	0.295	0.305	1.985	0.588	0.304	0.199	1.000	-179427.466
342	8	10000	9239	0.5151	0.304	0.291	0.305	0.297	0.311	0.290	0.297	0.286	0.305	0.292	0.308	0.298	0.304	0.296	1.985	0.570	0.289	0.194	1.000	-178167.301
343	8	10000	9263	0.5141	0.300	0.290	0.300	0.312	0.300	0.303	0.297	0.314	0.293	0.306	0.307	0.290	0.298	0.313	2.010	0.597	0.315	0.199	1.100	-179089.928
344	8	10000	9314	0.5137	0.291	0.312	0.309	0.310	0.302	0.310	0.302	0.304	0.290	0.288	0.309	0.289	0.285	0.302	1.994	0.580	0.291	0.204	1.000	-179158.709
345	8	10000	9316	0.5122	0.315	0.301	0.310	0.283	0.295	0.307	0.300	0.316	0.310	0.299	0.298	0.311	0.297	0.295	2.008	0.607	0.311	0.204	1.142	-179378.380
346	8	10000	9288	0.5122	0.270	0.305	0.315	0.295	0.283	0.320	0.303	0.323	0.293	0.297	0.306	0.302	0.307	0.302	1.989	0.611	0.319	0.206	1.618	-179804.979
347	8	10000	9256	0.5114	0.319	0.297	0.282	0.302	0.291	0.307	0.293	0.265	0.297	0.302	0.309	0.309	0.308	0.291	2.048	0.589	0.291	0.201	1.000	-178068.019
348	8	10000	9290	0.5153	0.310	0.292	0.299	0.304	0.293	0.298	0.309	0.297	0.287	0.303	0.311	0.307	0.306	0.303	1.996	0.586	0.306	0.199	1.000	-179323.251
349	8	10000	9262	0.5112	0.295	0.296	0.291	0.305	0.292	0.297	0.299	0.315	0.296	0.302	0.315	0.285	0.292	0.301	1.982	0.591	0.304	0.200	1.003	-178486.450
350	8	10000	9343	0.5157	0.470	0.298	0.305	0.304	0.305	0.298	0.316	0.124	0.291	0.304	0.299	0.305	0.289	0.312	1.970	0.588	0.293	0.200	1.000	-179391.994
351	8	10000	9292	0.5125	0.325	0.297	0.306	0.306	0.288	0.307	0.301	0.286	0.306	0.299	0.285	0.306	0.302	0.301	2.014	0.609	0.309	0.200	1.039	-178878.745
352	8	10000	9251	0.5171	0.299	0.301	0.291	0.292	0.295	0.301	0.305	0.294	0.306	0.293	0.300	0.298	0.305	0.308	2.019	0.571	0.292	0.196	1.000	-178502.825
353	8	10000	9295	0.5135	0.336	0.319	0.287	0.309	0.276	0.296	0.296	0.270	0.310	0.294	0.309	0.285	0.295	0.304	2.007	0.629	0.305	0.201	1.051	-178092.719
354	8	10000	9250	0.5130	0.293	0.306	0.305	0.300	0.319	0.301	0.292	0.303	0.305	0.294	0.296	0.299	0.293	0.293	1.984	0.599	0.319	0.195	1.000	-178559.579
355	8	10000	9272	0.5119	0.301	0.303	0.296	0.300	0.293	0.297	0.303	0.314	0.316	0.276	0.307	0.281	0.298	0.306	2.026	0.613	0.314	0.201	1.000	-178261.629
356	8	10000	9304	0.5163	0.309	0.280	0.296	0.305	0.304	0.312	0.288	0.306	0.288	0.292	0.294	0.298	0.304	0.286	2.016	0.616	0.293	0.200	1.000	-177767.545
357	8	10000	9299	0.5134	0.327	0.304	0.298	0.313	0.303	0.304	0.300	0.258	0.291	0.297	0.300	0.307	0.306	0.297	1.992	0.608	0.298	0.204	1.000	-178901.965
358	8	10000	9314	0.5119	0.003	0.316	0.289	0.293	0.291	0.292	0.303	0.589	0.306	0.310	0.298	0.307	0.297	0.306	1.984	0.588	0.308	0.197	1.000	-178986.915
359	8	10000	9313	0.5135	0.329	0.295	0.307	0.307	0.284	0.298	0.297	0.262	0.311	0.300	0.297	0.298	0.304	0.294	1.985	0.597	0.272	0.201	1.000	-178153.300
360	8	10000	9321	0.5145	0.304	0.308	0.299	0.302	0.289	0.283	0.295	0.313	0.299	0.298	0.284	0.311	0.290	0.297	1.983	0.634	0.299	0.205	1.184	-177853.436
361	8	10000	9268	0.5142	0.293	0.291	0.297	0.306	0.301	0.290	0.300	0.312	0.289	0.293	0.312	0.287	0.283	0.296	2.025	0.624	0.286	0.205	1.000	-177325.562
362	8	10000	9267	0.5113	0.315	0.318	0.309	0.298	0.287	0.291	0.297	0.287	0.288	0.307	0.304	0.313	0.289	0.311	2.014	0.597	0.304	0.191	1.000	-178493.446
363	8	10000	9270	0.5144	0.482	0.305	0.305	0.297	0.284	0.305	0.304	0.132	0.311	0.306	0.311	0.317	0.301	0.298	1.949	0.582	0.288	0.200	1.000	-179782.932
364	8	10000	9243	0.5171	0.273	0.303	0.305	0.294	0.303	0.300	0.293	0.311	0.294	0.300	0.304	0.302	0.292	0.293	1.965	0.603	0.309	0.200	1.000	-178362.833
365	8	10000	9303	0.5125	0.325	0.311	0.300	0.286	0.307	0.295	0.296	0.277	0.304	0.303	0.310	0.318	0.299	0.296	1.995	0.619	0.315	0.203	1.394	-179248.270
366	8	10000	9225	0.5143	0.309	0.298	0.288	0.303	0.289	0.300	0.303	0.270	0.306	0.298	0.295	0.294	0.298	0.298	2.009	0.578	0.286	0.199	1.000	-177967.135
367	8	10000	9291	0.5140	0.345	0.296	0.299	0.291	0.295	0.309	0.289	0.261	0.287	0.301	0.305	0.301	0.308	0.295	2.000	0.627	0.308	0.205	1.353	-178289.601
368	8	10000	9268	0.5130	0.318	0.311	0.284	0.299	0.299	0.297	0.302	0.283	0.287	0.291	0.303	0.296	0.295	0.286	2.013	0.602	0.291	0.199	1.000	-177198.589
369	8	10000	9273	0.5095	0.289	0.310	0.299	0.302	0.296	0.290	0.306	0.311	0.286	0.293	0.304	0.304	0.306	0.287	1.991	0.632	0.324	0.203	1.299	-178211.678
370	8	10000	9274	0.5118	0.297	0.304	0.289	0.304	0.295	0.292	0.295	0.302	0.303	0.323	0.291	0.296	0.282	0.304	1.969	0.628	0.300	0.204	1.363	-178016.608
371	8	10000	9322	0.5127	0.311	0.303	0.296	0.298	0.302	0.300	0.286	0.298	0.306	0.297	0.286	0.289	0.293	0.306	2.024	0.619	0.296	0.201	1.000	-177607.907
372	8	10000	9226	0.5109	0.290	0.305	0.294	0.297	0.286	0.307	0.289	0.313	0.299	0.296	0.291	0.290	0.295	0.309	1.988	0.609	0.309	0.195	1.345	-177625.651
373	8	10000	9303	0.5131	0.349	0.295	0.312	0.309	0.302	0.300	0.299	0.264	0.308	0.298	0.297	0.294	0.300	0.311	1.990	0.600	0.311	0.200	1.000	-179422.366
374	8	10000	9312	0.5138	0.266	0.301	0.291	0.295	0.298	0.307	0.307	0.334	0.297	0.302	0.295	0.305	0.298	0.308	2.010	0.608	0.307	0.201	1.000	-178704.585
375	8	10000	9290	0.5140	0.263	0.311	0.311	0.295	0.304	0.300	0.296	0.334	0.290	0.320	0.294	0.298	0.306	0.298	1.975	0.613	0.298	0.202	1.044	-179335.378
376	8	10000	9298	0.5098	0.288	0.296	0.314	0.304	0.300	0.297	0.307	0.331	0.317	0.321	0.305	0.311	0.297	0.291	2.032	0.622	0.325	0.204	1.237	-179944.257
377	8	10000	9216	0.5155	0.275	0.278	0.304	0.299	0.319	0.298	0.294	0.333	0.291	0.293	0.312	0.301	0.295	0.309	2.061	0.621	0.309	0.191	1.296	-177913.963
378	8	10000	9222	0.5145	0.321	0.294	0.300	0.303	0.312	0.297	0.288	0.284	0.291	0.297	0.297	0.296	0.310	0.298	1.976	0.595	0.302	0.196	1.072	-178449.204
379	8	10000	9241	0.5139	0.321	0.297	0.292	0.302	0.294	0.285	0.302	0.304	0.296	0.301	0.306	0.324	0.303	0.286	2.007	0.630	0.325	0.199	1.409	-178253.309
380	8	10000	9218	0.5148	0.312	0.284	0.293	0.307	0.302	0.309	0.297	0.284	0.293	0.289	0.290	0.301	0.296	0.301	1.985	0.608	0.310	0.194	1.139	-177694.382
381	8	10000	9250	0.5151	0.340	0.303	0.307	0.314	0.306	0.299	0.296	0.273	0.304	0.310	0.302	0.305	0.310	0.304	2.038	0.598	0.321	0.194	1.407	-179772.855
382	8	10000	9251	0.5130	0.294	0.302	0.304	0.303	0.297	0.301	0.304	0.303	0.312	0.314	0.289	0.301	0.303	0.307	2.014	0.591	0.302	0.196	1.092	-179071.440
383	8	10000	9287	0.5112	0.302	0.289	0.300	0.303	0.303	0.304	0.297	0.304	0.318	0.298	0.298	0.292	0.292	0.311	1.965	0.602	0.295	0.198	1.000	-178667.047
384	8	10000	9269	0.5124	0.317	0.294	0.300	0.295	0.313	0.284	0.303	0.289	0.294	0.308	0.291	0.303	0.297	0.306	1.977	0.609	0.307	0.201	1.160	-178676.099
385	8	10000	9291	0.5120	0.319	0.294	0.289	0.309	0.296	0.308	0.293	0.281	0.292	0.305	0.306	0.307	0.291	0.290	2.007	0.614	0.301	0.202	1.224	-178160.154
386	8	10000	9246	0.5143	0.322	0.297	0.304	0.289	0.298	0.295	0.300	0.288	0.300	0.305	0.295	0.295	0.298	0.295	1.999	0.644	0.307	0.204	1.113	-177878.078
387	8	10000	9298	0.5108	0.250	0.309	0.290	0.311	0.304	0.312	0.295	0.329	0.307	0.313	0.282	0.299	0.305	0.312	2.024	0.592	0.298	0.195	1.064	-178714.926
388	8	10000	9289	0.5155	0.296	0.310	0.307	0.301	0.308	0.306	0.289	0.284	0.299	0.307	0.308	0.307	0.290	0.311	2.041	0.596	0.299	0.199	1.000	-179117.953
389	8	10000	9277	0.5159	0.597	0.297	0.293	0.310	0.316	0.308	0.308	0.001	0.302	0.307	0.310	0.304	0.296	0.304	1.991	0.609	0.315	0.195	1.000	-179659.317
390	8	10000	9284	0.5164	0.288	0.296	0.301	0.307	0.277	0.294	0.298	0.328	0.288	0.305	0.306	0.301	0.300	0.309	1.970	0.619	0.303	0.201	1.110	-178791.133
391	8	10000	9301	0.5146	0.330	0.292	0.298	0.303	0.310	0.302	0.295	0.274	0.287	0.291	0.315	0.306	0.291	0.304	2.001	0.612	0.285	0.202	1.039	-178390.361
392	8	10000	9265	0.5149	0.305	0.301	0.308	0.298	0.293	0.284	0.295	0.301	0.303	0.303	0.301	0.287	0.302	0.296	1.980	0.635	0.295	0.205	1.393	-178020.989
393	8	10000	9265	0.5136	0.317	0.291	0.307	0.291	0.294	0.309	0.299	0.272	0.300	0.296	0.298	0.295	0.298	0.303	1.967	0.627	0.300	0.205	1.100	-178391.743
394	8	10000	9265	0.5134	0.323	0.289	0.287	0.297	0.288	0.296	0.303	0.291	0.294	0.293	0.306	0.305	0.296	0.304	1.948	0.603	0.291	0.202	1.000	-178284.841
395	8	10000	9280	0.5148	0.304	0.291	0.306	0.301	0.296	0.305	0.287	0.319	0.305	0.290	0.295	0.307	0.311	0.304	2.007	0.646	0.308	0.207	1.664	-178722.452
396	8	10000	9288	0.5130	0.277	0.289	0.294	0.296	0.311	0.296	0.294	0.306	0.294	0.303	0.294	0.317	0.301	0.307	1.987	0.578	0.288	0.207	1.000	-178973.830
397	8	10000	9274	0.5161	0.270	0.304	0.299	0.294	0.300	0.296	0.295	0.310	0.315	0.305	0.307	0.291	0.292	0.318	1.961	0.613	0.300	0.205	1.281	-178641.650
398	8	10000	9261	0.5149	0.325	0.308	0.295	0.299	0.302	0.306	0.291	0.310	0.285	0.303	0.300	0.300	0.312	0.297	1.979	0.642	0.310	0.202	1.204	-178785.609
399	8	10000	9267	0.5143	0.291	0.298	0.309	0.295	0.296	0.301	0.310	0.314	0.287	0.296	0.302	0.284	0.290	0.321	2.004	0.578	0.298	0.199	1.046	-178620.337
400	8	10000	9254	0.5148	0.313	0.307	0.309	0.297	0.311	0.296	0.301	0.274	0.306	0.278	0.287	0.311	0.288	0.309	2.024	0.592	0.290	0.196	1.283	-177990.487
401	8	10000	9270	0.5133	0.288	0.299	0.299	0.292	0.290	0.309	0.306	0.314	0.304	0.302	0.300	0.303	0.296	0.291	1.961	0.578	0.292	0.199	1.019	-178831.482
402	8	10000	9224	0.5144	0.272	0.296	0.294	0.306	0.297	0.294	0.313	0.314	0.310	0.304	0.301	0.291	0.300	0.298	1.986	0.611	0.314	0.195	1.000	-178398.283
403	8	10000	9244	0.5145	0.333	0.288	0.300	0.305	0.314	0.296	0.303	0.261	0.307	0.306	0.296	0.285	0.304	0.289	2.027	0.622	0.301	0.206	1.210	-178410.998
404	8	10000	9262	0.5087	0.279	0.298	0.304	0.292	0.317	0.317	0.298	0.299	0.298	0.285	0.306	0.314	0.294	0.314	2.012	0.614	0.302	0.203	1.000	-178907.343
405	8	10000	9277	0.5150	0.275	0.304	0.292	0.299	0.304	0.323	0.300	0.301	0.296	0.307	0.293	0.301	0.308	0.298	1.954	0.570	0.291	0.201	1.000	-179482.150
406	8	10000	9279	0.5170	0.327	0.292	0.306	0.303	0.301	0.294	0.306	0.256	0.282	0.299	0.295	0.315	0.305	0.293	1.946	0.586	0.298	0.197	1.000	-178555.284
407	8	10000	9281	0.5138	0.337	0.299	0.298	0.307	0.293	0.295	0.299	0.279	0.306	0.299	0.323	0.291	0.299	0.290	2.025	0.627	0.300	0.204	1.000	-178635.199
408	8	10000	9304	0.5109	0.323	0.283	0.312	0.297	0.298	0.296	0.296	0.297	0.296	0.294	0.299	0.309	0.285	0.306	2.027	0.628	0.309	0.202	1.204	-178283.114
409	8	10000	9250	0.5124	0.292	0.293	0.288	0.310	0.301	0.298	0.288	0.301	0.310	0.306	0.297	0.284	0.312	0.298	1.992	0.569	0.276	0.195	1.026	-177942.192
410	8	10000	9278	0.5160	0.282	0.301	0.312	0.305	0.302	0.307	0.294	0.330	0.294	0.296	0.310	0.296	0.287	0.301	1.992	0.633	0.290	0.200	1.262	-178531.991
411	8	10000	9275	0.5142	0.297	0.291	0.305	0.298	0.291	0.294	0.304	0.305	0.298	0.323	0.307	0.300	0.304	0.305	1.983	0.623	0.307	0.204	1.000	-179138.190
412	8	10000	9262	0.5136	0.305	0.316	0.300	0.305	0.300	0.302	0.289	0.271	0.283	0.308	0.315	0.304	0.297	0.299	1.973	0.598	0.298	0.200	1.176	-178830.312
413	8	10000	9273	0.5141	0.283	0.311	0.298	0.295	0.301	0.302	0.309	0.300	0.304	0.294	0.302	0.296	0.300	0.298	1.991	0.584	0.280	0.200	1.000	-178631.556
414	8	10000	9307	0.5176	0.303	0.294	0.291	0.296	0.314	0.291	0.298	0.281	0.304	0.304	0.298	0.306	0.316	0.298	1.971	0.594	0.287	0.200	1.035	-178964.703
415	8	10000	9275	0.5127	0.267	0.298	0.300	0.297	0.289	0.288	0.307	0.317	0.301	0.289	0.300	0.297	0.292	0.293	2.019	0.615	0.300	0.200	1.230	-177278.776
416	8	10000	9253	0.5128	0.307	0.295	0.302	0.307	0.305	0.296	0.294	0.300	0.308	0.298	0.295	0.296	0.306	0.303	1.984	0.608	0.317	0.197	1.162	-178993.718
417	8	10000	9246	0.5126	0.262	0.304	0.284	0.302	0.303	0.299	0.295	0.314	0.317	0.284	0.302	0.287	0.301	0.287	1.977	0.594	0.290	0.198	1.000	-177474.274
418	8	10000	9302	0.5148	0.298	0.309	0.308	0.301	0.293	0.294	0.313	0.305	0.296	0.305	0.298	0.284	0.305	0.308	1.939	0.640	0.329	0.202	1.895	-179391.762
419	8	10000	9307	0.5152	0.309	0.293	0.303	0.304	0.298	0.311	0.304	0.314	0.306	0.306	0.289	0.296	0.301	0.290	2.028	0.627	0.317	0.197	2.131	-178832.883
420	8	10000	9307	0.5158	0.275	0.300	0.299	0.301	0.323	0.307	0.304	0.319	0.308	0.287	0.306	0.299	0.314	0.298	2.011	0.611	0.322	0.199	1.018	-179419.196
421	8	10000	9282	0.5121	0.284	0.309	0.302	0.299	0.305	0.306	0.292	0.329	0.299	0.306	0.318	0.313	0.288	0.304	1.999	0.606	0.292	0.201	1.000	-179370.614
422	8	10000	9219	0.5094	0.335	0.290	0.300	0.292	0.304	0.290	0.310	0.276	0.278	0.294	0.301	0.309	0.299	0.304	2.013	0.624	0.301	0.201	1.000	-177885.467
423	8	10000	9302	0.5140	0.296	0.298	0.297	0.294	0.307	0.295	0.307	0.316	0.294	0.301	0.296	0.301	0.302	0.296	2.023	0.618	0.294	0.200	1.044	-178324.490
424	8	10000	9268	0.5167	0.313	0.314	0.309	0.304	0.298	0.297	0.293	0.309	0.301	0.301	0.313	0.295	0.298	0.302	2.053	0.642	0.324	0.204	2.371	-179338.334
425	8	10000	9318	0.5146	0.587	0.285	0.300	0.303	0.297	0.299	0.302	0.019	0.288	0.292	0.317	0.319	0.303	0.305	2.001	0.610	0.309	0.198	1.063	-179031.323
426	8	10000	9264	0.5177	0.261	0.297	0.303	0.296	0.309	0.297	0.304	0.345	0.306	0.294	0.300	0.296	0.307	0.290	2.063	0.638	0.313	0.200	1.381	-178214.383
427	8	10000	9264	0.5138	0.287	0.305	0.296	0.309	0.309	0.303	0.293	0.321	0.299	0.293	0.296	0.319	0.290	0.296	1.992	0.626	0.299	0.201	1.374	-178769.562
428	8	10000	9304	0.5102	0.323	0.296	0.301	0.302	0.298	0.296	0.314	0.283	0.301	0.286	0.292	0.298	0.306	0.305	2.026	0.636	0.300	0.207	1.000	-178491.455
429	8	10000	9264	0.5131	0.310	0.295	0.295	0.313	0.311	0.307	0.298	0.286	0.293	0.290	0.299	0.321	0.301	0.311	2.003	0.594	0.307	0.198	1.133	-179291.002
430	8	10000	9225	0.5120	0.303	0.300	0.295	0.297	0.305	0.300	0.299	0.303	0.283	0.312	0.286	0.294	0.292	0.310	1.987	0.611	0.314	0.201	1.000	-178436.753
431	8	10000	9221	0.5101	0.220	0.303	0.293	0.304	0.295	0.289	0.294	0.374	0.307	0.298	0.295	0.307	0.296	0.303	1.955	0.600	0.297	0.202	1.000	-178061.487
432	8	10000	9247	0.5161	0.277	0.307	0.289	0.307	0.287	0.301	0.285	0.330	0.305	0.298	0.305	0.305	0.287	0.307	1.972	0.626	0.310	0.205	1.551	-178377.487
433	8	10000	9266	0.5138	0.277	0.307	0.304	0.290	0.301	0.297	0.303	0.320	0.289	0.311	0.296	0.315	0.296	0.303	1.961	0.620	0.304	0.201	1.500	-178731.857
434	8	10000	9268	0.5096	0.332	0.318	0.299	0.298	0.300	0.310	0.304	0.282	0.309	0.304	0.300	0.300	0.304	0.297	2.004	0.628	0.316	0.200	1.331	-179155.388
435	8	10000	9281	0.5139	0.338	0.315	0.301	0.305	0.289	0.300	0.302	0.278	0.297	0.296	0.290	0.294	0.327	0.293	2.000	0.629	0.315	0.205	1.591	-179161.023
436	8	10000	9307	0.5168	0.309	0.291	0.298	0.304	0.316	0.303	0.295	0.297	0.300	0.302	0.304	0.292	0.308	0.310	2.037	0.610	0.305	0.204	1.349	-179344.593
437	8	10000	9304	0.5127	0.320	0.292	0.304	0.301	0.314	0.308	0.304	0.299	0.316	0.308	0.295	0.286	0.295	0.312	1.998	0.609	0.318	0.202	1.372	-179681.820
438	8	10000	9265	0.5132	0.309	0.297	0.307	0.301	0.298	0.299	0.306	0.301	0.299	0.287	0.298	0.292	0.288	0.308	1.986	0.632	0.311	0.198	1.039	-178136.892
439	8	10000	9308	0.5151	0.286	0.291	0.302	0.301	0.297	0.300	0.295	0.290	0.316	0.304	0.288	0.302	0.309	0.304	2.011	0.592	0.289	0.206	1.000	-178638.078
440	8	10000	9272	0.5084	0.298	0.304	0.303	0.309	0.305	0.309	0.311	0.303	0.282	0.309	0.289	0.305	0.303	0.304	2.027	0.588	0.306	0.199	1.000	-179276.718
441	8	10000	9313	0.5132	0.178	0.295	0.310	0.293	0.316	0.301	0.303	0.428	0.315	0.295	0.312	0.278	0.310	0.299	2.024	0.604	0.314	0.200	1.000	-179274.821
442	8	10000	9300	0.5123	0.224	0.299	0.290	0.310	0.295	0.304	0.299	0.375	0.296	0.283	0.295	0.297	0.306	0.301	1.997	0.605	0.297	0.201	1.000	-178415.674
443	8	10000	9282	0.5159	0.303	0.305	0.292	0.302	0.295	0.296	0.282	0.288	0.293	0.304	0.301	0.301	0.290	0.298	1.993	0.625	0.293	0.200	1.197	-177564.630
444	8	10000	9245	0.5119	0.275	0.303	0.297	0.293	0.304	0.280	0.297	0.317	0.303	0.298	0.303	0.286	0.297	0.299	2.013	0.600	0.285	0.200	1.035	-177399.364
445	8	10000	9285	0.5130	0.308	0.298	0.297	0.296	0.315	0.308	0.305	0.310	0.304	0.296	0.316	0.318	0.305	0.310	2.069	0.591	0.314	0.201	1.182	-180243.741
446	8	10000	9275	0.5155	0.322	0.286	0.310	0.297	0.316	0.308	0.306	0.301	0.292	0.307	0.303	0.298	0.309	0.295	1.980	0.621	0.324	0.201	1.456	-179753.623
447	8	10000	9251	0.5153	0.329	0.287	0.305	0.296	0.310	0.304	0.287	0.283	0.293	0.301	0.307	0.302	0.296	0.290	2.003	0.587	0.296	0.200	1.000	-178757.035
448	8	10000	9254	0.5106	0.324	0.277	0.304	0.294	0.310	0.293	0.311	0.261	0.310	0.298	0.302	0.298	0.309	0.300	1.982	0.579	0.303	0.199	1.000	-178910.413
449	8	10000	9268	0.5145	0.264	0.281	0.302	0.296	0.310	0.292	0.302	0.339	0.292	0.302	0.302	0.285	0.304	0.306	1.988	0.614	0.315	0.203	1.000	-178563.710
450	8	10000	9273	0.5121	0.301	0.316	0.300	0.307	0.293	0.313	0.304	0.279	0.290	0.299	0.311	0.309	0.309	0.294	1.988	0.596	0.308	0.201	1.559	-179605.004
451	8	10000	9260	0.5081	0.306	0.297	0.290	0.301	0.289	0.297	0.296	0.317	0.294	0.296	0.291	0.300	0.304	0.292	1.981	0.612	0.308	0.202	1.042	-177895.047
452	8	10000	9292	0.5117	0.312	0.297	0.292	0.321	0.303	0.294	0.303	0.286	0.304	0.302	0.293	0.294	0.304	0.299	1.944	0.610	0.306	0.200	1.114	-178923.065
453	8	10000	9302	0.5164	0.327	0.294	0.312	0.299	0.301	0.302	0.303	0.273	0.282	0.307	0.299	0.303	0.303	0.304	1.969	0.597	0.286	0.203	1.000	-179213.209
454	8	10000	9197	0.5121	0.295	0.305	0.299	0.308	0.291	0.301	0.305	0.317	0.297	0.305	0.295	0.316	0.299	0.306	1.986	0.590	0.316	0.188	1.000	-178978.731
455	8	10000	9288	0.5165	0.307	0.309	0.303	0.286	0.307	0.288	0.313	0.294	0.299	0.302	0.301	0.299	0.290	0.306	2.019	0.610	0.305	0.200	1.264	-178707.157
456	8	10000	9257	0.5166	0.274	0.298	0.297	0.307	0.300	0.301	0.288	0.331	0.301	0.306	0.289	0.308	0.302	0.293	1.984	0.587	0.294	0.191	1.000	-178238.276
457	8	10000	9267	0.5137	0.325	0.310	0.286	0.303	0.274	0.309	0.299	0.305	0.288	0.300	0.286	0.318	0.303	0.295	1.986	0.625	0.310	0.198	1.522	-178261.840
458	8	10000	9273	0.5140	0.327	0.307	0.299	0.290	0.309	0.311	0.300	0.261	0.304	0.303	0.286	0.304	0.301	0.299	1.986	0.595	0.298	0.201	1.000	-178758.511
459	8	10000	9244	0.5142	0.346	0.304	0.292	0.298	0.292	0.309	0.299	0.270	0.300	0.285	0.304	0.290	0.303	0.294	1.980	0.606	0.302	0.200	1.000	-178228.748
460	8	10000	9325	0.5176	0.364	0.308	0.301	0.300	0.297	0.304	0.304	0.231	0.305	0.304	0.309	0.308	0.294	0.309	1.976	0.598	0.299	0.199	1.000	-179524.071
461	8	10000	9244	0.5138	0.286	0.284	0.299	0.311	0.305	0.304	0.293	0.331	0.297	0.302	0.301	0.302	0.300	0.300	2.001	0.622	0.303	0.213	1.000	-179364.557
462	8	10000	9290	0.5162	0.315	0.288	0.303	0.302	0.305	0.296	0.298	0.276	0.306	0.292	0.300	0.303	0.295	0.310	1.973	0.603	0.302	0.201	1.000	-178738.703
463	8	10000	9230	0.5148	0.292	0.288	0.285	0.311	0.305	0.301	0.288	0.310	0.300	0.307	0.287	0.298	0.303	0.308	1.983	0.602	0.313	0.206	1.000	-178670.618
464	8	10000	9257	0.5131	0.314	0.293	0.288	0.295	0.305	0.305	0.288	0.278	0.295	0.302	0.303	0.299	0.306	0.310	1.976	0.569	0.302	0.199	1.000	-178951.513
465	8	10000	9280	0.5132	0.616	0.289	0.294	0.307	0.298	0.303	0.297	0.001	0.289	0.303	0.304	0.302	0.302	0.305	1.997	0.591	0.294	0.199	1.000	-178700.648
466	8	10000	9266	0.5121	0.284	0.296	0.301	0.296	0.307	0.298	0.287	0.303	0.299	0.305	0.309	0.296	0.291	0.299	1.999	0.604	0.309	0.196	1.000	-178044.732
467	8	10000	9282	0.5143	0.329	0.312	0.303	0.313	0.304	0.308	0.298	0.290	0.283	0.291	0.317	0.305	0.293	0.301	2.002	0.600	0.312	0.200	1.229	-179551.312
468	8	10000	9285	0.5156	0.265	0.292	0.305	0.299	0.288	0.293	0.300	0.343	0.306	0.297	0.310	0.293	0.302	0.298	1.999	0.578	0.299	0.201	1.000	-178816.121
469	8	10000	9250	0.5135	0.347	0.303	0.301	0.287	0.296	0.296	0.299	0.278	0.307	0.293	0.304	0.299	0.298	0.312	2.003	0.601	0.300	0.196	1.150	-178470.273
470	8	10000	9285	0.5103	0.311	0.299	0.298	0.292	0.319	0.288	0.296	0.298	0.303	0.295	0.302	0.287	0.295	0.304	2.029	0.629	0.289	0.206	1.195	-177939.952
471	8	10000	9303	0.5108	0.276	0.314	0.301	0.298	0.316	0.307	0.303	0.310	0.312	0.296	0.304	0.312	0.302	0.310	1.978	0.587	0.298	0.197	1.197	-179854.716
472	8	10000	9235	0.5106	0.275	0.303	0.290	0.298	0.283	0.301	0.297	0.306	0.304	0.302	0.294	0.307	0.312	0.293	2.028	0.588	0.301	0.193	1.075	-177856.635
473	8	10000	9300	0.5123	0.269	0.300	0.309	0.313	0.306	0.302	0.293	0.339	0.288	0.302	0.293	0.304	0.300	0.294	2.015	0.600	0.307	0.203	1.000	-179142.362
474	8	10000	9219	0.5132	0.310	0.309	0.297	0.311	0.303	0.308	0.298	0.313	0.304	0.304	0.296	0.299	0.289	0.310	1.996	0.604	0.315	0.196	1.000	-179245.649
475	8	10000	9272	0.5137	0.266	0.290	0.300	0.311	0.295	0.296	0.306	0.344	0.305	0.308	0.288	0.293	0.303	0.313	1.992	0.612	0.306	0.201	1.099	-179067.236
476	8	10000	9265	0.5137	0.283	0.314	0.299	0.292	0.305	0.279	0.296	0.310	0.299	0.299	0.310	0.304	0.294	0.301	2.004	0.605	0.291	0.200	1.000	-177826.946
477	8	10000	9250	0.5148	0.288	0.319	0.300	0.303	0.294	0.313	0.297	0.310	0.281	0.294	0.299	0.309	0.319	0.288	1.997	0.595	0.304	0.200	1.000	-178911.993
478	8	10000	9278	0.5164	0.303	0.318	0.299	0.301	0.301	0.286	0.297	0.319	0.306	0.303	0.280	0.283	0.297	0.303	2.021	0.608	0.301	0.200	1.002	-178297.471
479	8	10000	9279	0.5134	0.269	0.309	0.295	0.303	0.282	0.294	0.301	0.334	0.290	0.304	0.297	0.279	0.299	0.279	2.013	0.589	0.285	0.205	1.000	-177697.544
480	8	10000	9264	0.5118	0.323	0.303	0.295	0.296	0.285	0.300	0.293	0.295	0.289	0.295	0.308	0.311	0.296	0.302	1.975	0.624	0.308	0.203	1.000	-178331.629
481	8	10000	9272	0.5140	0.303	0.317	0.301	0.313	0.299	0.295	0.295	0.305	0.280	0.299	0.301	0.304	0.296	0.299	2.009	0.623	0.309	0.198	1.117	-178694.173
482	8	10000	9307	0.5145	0.340	0.298	0.303	0.303	0.296	0.304	0.285	0.259	0.303	0.291	0.294	0.316	0.303	0.308	2.008	0.616	0.299	0.199	1.000	-178436.326
483	8	10000	9304	0.5124	0.299	0.305	0.311	0.303	0.294	0.300	0.290	0.307	0.324	0.307	0.310	0.298	0.307	0.298	2.019	0.594	0.321	0.197	1.076	-179684.201
484	8	10000	9281	0.5158	0.299	0.305	0.292	0.303	0.303	0.305	0.291	0.290	0.304	0.308	0.290	0.296	0.300	0.316	2.001	0.633	0.297	0.209	1.835	-178782.046
485	8	10000	9330	0.5153	0.299	0.302	0.306	0.308	0.295	0.304	0.314	0.286	0.303	0.308	0.304	0.307	0.303	0.310	2.021	0.589	0.298	0.201	1.103	-179871.023
486	8	10000	9269	0.5132	0.276	0.285	0.309	0.299	0.293	0.308	0.300	0.339	0.294	0.307	0.294	0.293	0.292	0.300	2.054	0.631	0.312	0.200	1.000	-178073.855
487	8	10000	9271	0.5125	0.320	0.313	0.296	0.282	0.296	0.298	0.296	0.293	0.299	0.302	0.294	0.295	0.318	0.296	1.985	0.628	0.293	0.198	1.437	-177903.842
488	8	10000	9291	0.5147	0.337	0.311	0.302	0.306	0.306	0.306	0.293	0.261	0.306	0.304	0.308	0.301	0.305	0.301	1.982	0.616	0.304	0.200	1.000	-179580.678
489	8	10000	9245	0.5099	0.262	0.306	0.296	0.302	0.308	0.298	0.300	0.323	0.289	0.312	0.307	0.300	0.295	0.286	2.018	0.600	0.301	0.200	1.028	-178293.599
490	8	10000	9274	0.5121	0.336	0.274	0.297	0.302	0.313	0.313	0.308	0.272	0.308	0.294	0.311	0.292	0.297	0.304	1.979	0.585	0.298	0.201	1.000	-179441.422
491	8	10000	9241	0.5179	0.270	0.285	0.307	0.295	0.302	0.295	0.296	0.318	0.306	0.294	0.300	0.300	0.294	0.300	1.990	0.592	0.283	0.201	1.000	-178036.222
492	8	10000	9232	0.5179	0.306	0.286	0.304	0.300	0.299	0.303	0.294	0.287	0.290	0.304	0.302	0.298	0.292	0.290	1.987	0.596	0.301	0.193	1.005	-177797.197
493	8	10000	9249	0.5101	0.285	0.296	0.295	0.299	0.294	0.299	0.306	0.312	0.298	0.315	0.293	0.313	0.301	0.304	2.045	0.607	0.313	0.201	1.191	-178651.896
494	8	10000	9323	0.5148	0.301	0.304	0.298	0.302	0.290	0.287	0.297	0.325	0.300	0.291	0.305	0.304	0.299	0.296	1.976	0.632	0.288	0.205	1.116	-178332.872
495	8	10000	9279	0.5114	0.298	0.312	0.302	0.293	0.297	0.314	0.298	0.307	0.309	0.309	0.307	0.302	0.297	0.298	2.022	0.612	0.307	0.203	1.046	-179195.762
496	8	10000	9282	0.5151	0.295	0.305	0.301	0.286	0.308	0.303	0.305	0.312	0.319	0.290	0.301	0.287	0.292	0.299	2.007	0.611	0.286	0.201	1.206	-178466.084
497	8	10000	9260	0.5147	0.311	0.311	0.307	0.299	0.300	0.286	0.299	0.301	0.296	0.300	0.324	0.291	0.296	0.317	1.993	0.581	0.314	0.192	1.000	-179241.051
498	8	10000	9302	0.5163	0.296	0.313	0.300	0.298	0.281	0.306	0.292	0.338	0.302	0.291	0.311	0.294	0.294	0.300	1.945	0.619	0.309	0.200	1.165	-178825.423
499	8	10000	9283	0.5131	0.268	0.289	0.304	0.309	0.308	0.311	0.294	0.300	0.304	0.301	0.298	0.307	0.296	0.304	1.956	0.597	0.292	0.196	1.000	-178750.446
500	8	10000	9217	0.5121	0.285	0.298	0.291	0.297	0.294	0.289	0.304	0.308	0.288	0.306	0.296	0.303	0.299	0.293	2.047	0.612	0.314	0.195	1.000	-177479.881
501	8	10000	9290	0.5114	0.328	0.281	0.303	0.293	0.317	0.302	0.299	0.266	0.290	0.305	0.302	0.299	0.295	0.298	2.013	0.593	0.294	0.201	1.000	-178171.568
502	8	10000	9275	0.5112	0.271	0.302	0.302	0.290	0.296	0.299	0.310	0.315	0.292	0.297	0.292	0.298	0.290	0.304	1.984	0.594	0.300	0.197	1.000	-177948.081
503	8	10000	9279	0.5131	0.342	0.314	0.293	0.316	0.289	0.315	0.316	0.247	0.315	0.298	0.288	0.296	0.313	0.302	2.006	0.602	0.310	0.199	1.008	-179394.526
504	8	10000	9294	0.5165	0.323	0.313	0.294	0.303	0.292	0.306	0.292	0.276	0.304	0.308	0.296	0.302	0.302	0.285	1.999	0.586	0.302	0.203	1.000	-179019.094
505	8	10000	9230	0.5164	0.315	0.294	0.297	0.303	0.289	0.304	0.297	0.285	0.307	0.292	0.304	0.282	0.302	0.294	1.992	0.593	0.298	0.196	1.000	-177881.474
506	8	10000	9276	0.5130	0.293	0.297	0.299	0.317	0.302	0.292	0.302	0.300	0.299	0.284	0.304	0.295	0.302	0.308	2.011	0.616	0.304	0.200	1.096	-178529.073
507	8	10000	9259	0.5127	0.291	0.294	0.295	0.294	0.295	0.314	0.310	0.293	0.315	0.298	0.304	0.284	0.294	0.311	1.992	0.593	0.299	0.196	1.000	-178571.966
508	8	10000	9287	0.5147	0.278	0.292	0.300	0.305	0.294	0.307	0.291	0.335	0.304	0.291	0.301	0.309	0.305	0.301	2.017	0.621	0.313	0.206	1.000	-179095.558
509	8	10000	9291	0.5174	0.303	0.297	0.304	0.291	0.309	0.296	0.287	0.313	0.312	0.291	0.294	0.295	0.300	0.299	1.984	0.614	0.311	0.197	1.000	-178357.269
510	8	10000	9268	0.5107	0.259	0.302	0.289	0.294	0.306	0.301	0.286	0.351	0.292	0.296	0.295	0.303	0.315	0.297	2.014	0.606	0.292	0.199	1.000	-177875.466
511	8	10000	9306	0.5107	0.284	0.273	0.301	0.312	0.314	0.296	0.298	0.319	0.299	0.298	0.300	0.298	0.295	0.308	2.001	0.641	0.301	0.204	1.338	-178362.815
512	8	10000	9326	0.5118	0.253	0.302	0.287	0.309	0.291	0.308	0.291	0.328	0.302	0.296	0.304	0.290	0.295	0.297	1.974	0.594	0.274	0.198	1.000	-177559.790
513	8	10000	9265	0.5144	0.299	0.305	0.312	0.302	0.305	0.299	0.291	0.301	0.304	0.310	0.277	0.304	0.304	0.312	2.007	0.639	0.314	0.203	1.428	-179033.420
514	8	10000	9294	0.5144	0.319	0.302	0.294	0.316	0.283	0.309	0.296	0.290	0.296	0.294	0.302	0.320	0.295	0.301	2.037	0.581	0.294	0.197	1.000	-178936.419
515	8	10000	9305	0.5142	0.310	0.295	0.290	0.304	0.293	0.293	0.298	0.295	0.298	0.294	0.301	0.313	0.305	0.314	1.971	0.614	0.298	0.206	1.262	-179027.132
516	8	10000	9203	0.5152	0.295	0.299	0.296	0.300	0.292	0.295	0.299	0.298	0.300	0.298	0.298	0.293	0.287	0.293	1.981	0.588	0.294	0.195	1.000	-177488.620
517	8	10000	9259	0.5150	0.314	0.292	0.290	0.296	0.297	0.293	0.309	0.289	0.281	0.299	0.285	0.295	0.289	0.299	2.004	0.587	0.290	0.202	1.000	-177413.750
518	8	10000	9275	0.5127	0.336	0.295	0.300	0.292	0.309	0.314	0.301	0.278	0.305	0.304	0.298	0.294	0.290	0.305	2.015	0.607	0.313	0.198	1.198	-178873.508
519	8	10000	9262	0.5152	0.297	0.308	0.308	0.302	0.301	0.301	0.288	0.297	0.282	0.296	0.304	0.318	0.305	0.295	1.995	0.606	0.312	0.203	1.034	-178902.747
520	8	10000	9275	0.5136	0.277	0.318	0.310	0.287	0.293	0.305	0.303	0.326	0.298	0.313	0.290	0.301	0.297	0.297	2.015	0.581	0.306	0.193	1.077	-178846.049
521	8	10000	9304	0.5115	0.309	0.303	0.289	0.300	0.295	0.302	0.295	0.288	0.294	0.295	0.291	0.293	0.292	0.306	1.949	0.615	0.291	0.207	1.066	-177903.426
522	8	10000	9236	0.5154	0.295	0.302	0.301	0.293	0.296	0.297	0.307	0.303	0.311	0.302	0.284	0.301	0.294	0.306	1.978	0.604	0.299	0.208	1.000	-178727.357
523	8	10000	9301	0.5159	0.317	0.310	0.306	0.299	0.302	0.303	0.300	0.290	0.298	0.295	0.301	0.304	0.315	0.306	1.992	0.601	0.307	0.200	1.000	-179741.209
524	8	10000	9259	0.5158	0.338	0.300	0.300	0.297	0.301	0.296	0.304	0.279	0.297	0.294	0.306	0.289	0.306	0.309	1.977	0.586	0.308	0.195	1.018	-179144.990
525	8	10000	9237	0.5170	0.299	0.300	0.297	0.299	0.298	0.302	0.287	0.301	0.297	0.299	0.284	0.297	0.308	0.292	2.049	0.614	0.314	0.197	1.677	-177853.503
526	8	10000	9251	0.5133	0.622	0.315	0.305	0.290	0.284	0.293	0.291	0.002	0.286	0.299	0.305	0.292	0.299	0.306	2.029	0.654	0.332	0.202	3.325	-177890.760
527	8	10000	9284	0.5194	0.302	0.299	0.303	0.304	0.293	0.293	0.297	0.299	0.302	0.294	0.304	0.301	0.312	0.317	2.006	0.583	0.315	0.199	1.000	-179672.762
528	8	10000	9311	0.5150	0.347	0.305	0.309	0.309	0.299	0.293	0.309	0.283	0.315	0.303	0.301	0.283	0.308	0.309	2.021	0.597	0.312	0.197	1.000	-179782.051
529	8	10000	9297	0.5146	0.281	0.297	0.296	0.296	0.291	0.302	0.304	0.340	0.305	0.301	0.311	0.284	0.295	0.302	2.005	0.581	0.311	0.198	1.000	-178926.269
530	8	10000	9266	0.5156	0.305	0.298	0.293	0.306	0.302	0.304	0.297	0.314	0.289	0.296	0.305	0.315	0.296	0.301	1.959	0.614	0.310	0.199	1.000	-178979.815
531	8	10000	9256	0.5144	0.309	0.283	0.313	0.303	0.313	0.301	0.287	0.298	0.286	0.294	0.297	0.299	0.299	0.299	2.017	0.626	0.334	0.193	1.556	-177972.704
532	8	10000	9279	0.5133	0.268	0.301	0.297	0.300	0.293	0.302	0.295	0.350	0.310	0.301	0.302	0.312	0.295	0.304	1.976	0.626	0.314	0.198	1.109	-179006.637
533	8	10000	9280	0.5125	0.321	0.314	0.297	0.297	0.303	0.288	0.310	0.280	0.300	0.301	0.305	0.304	0.291	0.296	1.995	0.628	0.301	0.205	1.367	-178645.530
534	8	10000	9365	0.5138	0.293	0.311	0.299	0.304	0.296	0.303	0.300	0.283	0.307	0.304	0.291	0.312	0.294	0.304	1.960	0.595	0.306	0.205	1.000	-179504.496
535	8	10000	9252	0.5105	0.302	0.297	0.308	0.301	0.313	0.299	0.296	0.298	0.281	0.284	0.290	0.312	0.295	0.284	1.972	0.588	0.298	0.193	1.000	-177648.137
536	8	10000	9268	0.5129	0.000	0.304	0.292	0.305	0.307	0.297	0.300	0.616	0.293	0.297	0.297	0.310	0.311	0.292	1.974	0.612	0.309	0.201	1.002	-178867.753
537	8	10000	9335	0.5134	0.284	0.301	0.307	0.305	0.300	0.300	0.309	0.327	0.308	0.302	0.303	0.303	0.310	0.285	1.968	0.648	0.290	0.207	1.080	-179221.027
538	8	10000	9272	0.5141	0.321	0.300	0.304	0.298	0.298	0.315	0.309	0.272	0.302	0.307	0.286	0.296	0.304	0.301	1.995	0.620	0.306	0.200	1.385	-179163.453
539	8	10000	9294	0.5148	0.321	0.297	0.304	0.303	0.304	0.297	0.302	0.290	0.287	0.305	0.300	0.313	0.306	0.312	2.025	0.596	0.291	0.206	1.050	-179598.692
540	8	10000	9324	0.5135	0.279	0.304	0.292	0.303	0.321	0.298	0.298	0.322	0.314	0.313	0.294	0.291	0.308	0.284	2.005	0.592	0.300	0.201	1.015	-179134.106
541	8	10000	9244	0.5115	0.300	0.306	0.298	0.302	0.310	0.313	0.304	0.297	0.292	0.295	0.297	0.292	0.303	0.310	2.006	0.599	0.294	0.197	1.000	-178545.366
542	8	10000	9262	0.5155	0.550	0.294	0.311	0.302	0.299	0.298	0.313	0.058	0.297	0.300	0.298	0.293	0.302	0.306	1.991	0.619	0.309	0.195	1.105	-178760.351
543	8	10000	9183	0.5146	0.299	0.308	0.307	0.293	0.297	0.299	0.283	0.315	0.292	0.295	0.298	0.296	0.293	0.301	1.997	0.607	0.288	0.194	1.182	-177236.936
544	8	10000	9286	0.5114	0.136	0.298	0.299	0.300	0.297	0.300	0.309	0.455	0.297	0.292	0.311	0.314	0.305	0.295	1.961	0.596	0.298	0.199	1.000	-178789.327
545	8	10000	9251	0.5109	0.600	0.287	0.287	0.299	0.302	0.289	0.291	0.000	0.293	0.302	0.296	0.289	0.290	0.295	2.009	0.634	0.299	0.202	1.000	-176780.429
546	8	10000	9286	0.5107	0.311	0.308	0.297	0.299	0.313	0.306	0.311	0.288	0.303	0.315	0.297	0.283	0.297	0.293	1.963	0.609	0.299	0.200	1.076	-179129.523
547	8	10000	9272	0.5142	0.339	0.292	0.284	0.309	0.302	0.299	0.295	0.271	0.301	0.297	0.306	0.307	0.306	0.311	2.004	0.585	0.311	0.198	1.000	-179141.506
548	8	10000	9295	0.5124	0.297	0.288	0.313	0.319	0.303	0.306	0.298	0.320	0.297	0.293	0.296	0.300	0.290	0.296	2.018	0.597	0.296	0.195	1.040	-178679.773
549	8	10000	9274	0.5115	0.289	0.293	0.296	0.303	0.300	0.299	0.311	0.307	0.290	0.305	0.291	0.317	0.303	0.312	2.027	0.595	0.307	0.195	1.066	-178857.973
550	8	10000	9251	0.5169	0.274	0.297	0.300	0.297	0.286	0.309	0.296	0.312	0.290	0.300	0.304	0.308	0.299	0.310	2.021	0.615	0.313	0.199	1.038	-178558.730
551	8	10000	9290	0.5108	0.299	0.310	0.293	0.296	0.307	0.300	0.304	0.297	0.292	0.299	0.309	0.300	0.296	0.300	1.960	0.572	0.283	0.196	1.000	-178610.941
552	8	10000	9308	0.5149	0.262	0.298	0.296	0.311	0.294	0.309	0.298	0.340	0.299	0.301	0.309	0.300	0.311	0.306	1.981	0.590	0.291	0.205	1.000	-179702.576
553	8	10000	9321	0.5119	0.309	0.295	0.310	0.301	0.315	0.296	0.312	0.289	0.309	0.305	0.300	0.302	0.294	0.315	2.014	0.604	0.298	0.197	1.241	-179328.183
554	8	10000	9281	0.5101	0.310	0.300	0.304	0.319	0.300	0.294	0.299	0.277	0.303	0.298	0.310	0.291	0.317	0.297	2.039	0.593	0.288	0.201	1.034	-178989.074
555	8	10000	9255	0.5117	0.265	0.294	0.302	0.301	0.304	0.297	0.310	0.326	0.298	0.299	0.311	0.301	0.294	0.305	1.969	0.592	0.292	0.202	1.076	-178891.651
556	8	10000	9323	0.5157	0.004	0.295	0.308	0.293	0.304	0.298	0.306	0.608	0.293	0.296	0.310	0.303	0.298	0.307	2.000	0.616	0.313	0.205	1.046	-179203.248
557	8	10000	9308	0.5139	0.266	0.306	0.310	0.304	0.305	0.296	0.300	0.323	0.297	0.302	0.297	0.306	0.296	0.292	2.024	0.613	0.311	0.201	1.000	-178786.550
558	8	10000	9251	0.5144	0.275	0.305	0.287	0.302	0.298	0.306	0.290	0.343	0.280	0.286	0.308	0.308	0.300	0.295	1.995	0.615	0.312	0.201	1.225	-178290.530
559	8	10000	9258	0.5125	0.364	0.306	0.280	0.304	0.278	0.317	0.284	0.346	0.286	0.301	0.299	0.302	0.295	0.290	2.006	0.669	0.319	0.208	12.442	-177913.550
560	8	10000	9255	0.5147	0.358	0.308	0.286	0.298	0.288	0.305	0.295	0.249	0.298	0.305	0.298	0.296	0.292	0.296	2.026	0.611	0.302	0.199	1.255	-177770.565
561	8	10000	9251	0.5135	0.339	0.293	0.290	0.297	0.293	0.292	0.297	0.259	0.311	0.293	0.310	0.289	0.298	0.305	1.991	0.587	0.312	0.198	1.000	-178405.899
562	8	10000	9294	0.5127	0.286	0.303	0.299	0.302	0.288	0.307	0.301	0.300	0.317	0.309	0.295	0.291	0.306	0.293	2.020	0.604	0.309	0.195	1.000	-178545.327
563	8	10000	9279	0.5104	0.308	0.305	0.295	0.304	0.301	0.305	0.314	0.280	0.297	0.301	0.298	0.299	0.294	0.301	1.987	0.595	0.309	0.201	1.049	-179007.851
564	8	10000	9287	0.5137	0.308	0.310	0.302	0.290	0.307	0.300	0.293	0.323	0.296	0.297	0.282	0.300	0.293	0.296	1.974	0.606	0.298	0.201	1.000	-178271.156
565	8	10000	9225	0.5138	0.279	0.298	0.290	0.297	0.298	0.297	0.307	0.330	0.304	0.298	0.305	0.287	0.293	0.296	2.010	0.605	0.295	0.197	1.219	-177712.122
566	8	10000	9240	0.5136	0.317	0.298	0.300	0.294	0.299	0.296	0.297	0.274	0.309	0.286	0.300	0.292	0.297	0.306	1.998	0.615	0.290	0.201	1.000	-177608.331
567	8	10000	9287	0.5139	0.327	0.294	0.306	0.300	0.295	0.292	0.299	0.298	0.296	0.299	0.298	0.309	0.307	0.297	1.985	0.615	0.314	0.201	1.021	-178891.090
568	8	10000	9243	0.5120	0.315	0.293	0.301	0.298	0.314	0.298	0.301	0.287	0.293	0.302	0.287	0.301	0.299	0.290	2.008	0.609	0.304	0.203	1.229	-178218.319
569	8	10000	9259	0.5134	0.304	0.300	0.295	0.298	0.283	0.305	0.286	0.288	0.294	0.297	0.284	0.300	0.300	0.305	1.958	0.607	0.293	0.200	1.000	-177438.843
570	8	10000	9297	0.5103	0.355	0.293	0.297	0.303	0.308	0.301	0.293	0.258	0.308	0.310	0.298	0.299	0.302	0.296	2.025	0.589	0.299	0.203	1.000	-178956.897
571	8	10000	9260	0.5132	0.298	0.300	0.295	0.300	0.301	0.284	0.299	0.291	0.299	0.298	0.317	0.290	0.292	0.300	2.011	0.610	0.307	0.201	1.577	-178042.927
572	8	10000	9297	0.5131	0.290	0.291	0.292	0.305	0.318	0.315	0.310	0.304	0.293	0.299	0.304	0.309	0.299	0.311	2.010	0.585	0.315	0.193	1.000	-179705.862
573	8	10000	9265	0.5133	0.292	0.297	0.287	0.302	0.295	0.313	0.293	0.308	0.319	0.304	0.298	0.291	0.303	0.299	2.002	0.601	0.303	0.198	1.000	-178635.096
574	8	10000	9287	0.5141	0.299	0.297	0.289	0.303	0.299	0.308	0.301	0.282	0.300	0.298	0.304	0.309	0.286	0.297	1.953	0.574	0.305	0.199	1.000	-178797.452
575	8	10000	9240	0.5137	0.270	0.294	0.307	0.293	0.298	0.308	0.309	0.328	0.301	0.298	0.300	0.302	0.294	0.291	2.032	0.631	0.311	0.198	1.089	-178136.627
576	8	10000	9246	0.5107	0.313	0.293	0.308	0.314	0.303	0.303	0.298	0.282	0.299	0.306	0.301	0.296	0.303	0.308	1.987	0.576	0.312	0.192	1.000	-179303.072
577	8	10000	9271	0.5133	0.290	0.302	0.302	0.285	0.298	0.294	0.291	0.294	0.300	0.305	0.297	0.288	0.294	0.300	1.962	0.613	0.303	0.202	1.152	-177844.082
578	8	10000	9293	0.5159	0.255	0.303	0.298	0.294	0.307	0.308	0.290	0.334	0.325	0.302	0.298	0.283	0.306	0.307	1.985	0.584	0.284	0.201	1.000	-179126.583
579	8	10000	9318	0.5178	0.328	0.311	0.309	0.301	0.317	0.287	0.311	0.263	0.312	0.308	0.302	0.305	0.315	0.291	1.985	0.594	0.310	0.199	1.050	-180074.677
580	8	10000	9295	0.5119	0.306	0.298	0.307	0.295	0.302	0.303	0.303	0.267	0.309	0.303	0.294	0.295	0.296	0.300	1.991	0.605	0.295	0.203	1.000	-178302.850
581	8	10000	9313	0.5120	0.288	0.295	0.292	0.299	0.296	0.309	0.289	0.311	0.308	0.292	0.304	0.287	0.300	0.291	1.920	0.594	0.282	0.209	1.000	-178274.157
582	8	10000	9255	0.5153	0.282	0.303	0.297	0.304	0.310	0.297	0.297	0.313	0.317	0.310	0.301	0.282	0.303	0.288	2.033	0.588	0.289	0.197	1.000	-178550.012
583	8	10000	9283	0.5154	0.314	0.301	0.310	0.286	0.322	0.289	0.296	0.306	0.295	0.300	0.311	0.283	0.305	0.303	1.992	0.614	0.310	0.204	1.000	-179043.026
584	8	10000	9286	0.5141	0.263	0.308	0.290	0.309	0.304	0.298	0.296	0.321	0.300	0.296	0.304	0.303	0.294	0.297	2.000	0.616	0.288	0.202	1.228	-178246.265
585	8	10000	9237	0.5155	0.290	0.293	0.295	0.298	0.300	0.303	0.290	0.299	0.314	0.290	0.306	0.295	0.285	0.312	1.950	0.631	0.312	0.200	1.393	-178069.557
586	8	10000	9250	0.5121	0.276	0.285	0.310	0.297	0.299	0.305	0.309	0.303	0.298	0.316	0.297	0.296	0.305	0.296	2.022	0.616	0.301	0.202	1.000	-178780.479
587	8	10000	9324	0.5161	0.323	0.306	0.301	0.292	0.291	0.313	0.291	0.298	0.293	0.307	0.301	0.313	0.306	0.296	1.982	0.589	0.310	0.203	1.059	-179806.543
588	8	10000	9224	0.5091	0.298	0.301	0.301	0.302	0.301	0.296	0.295	0.293	0.297	0.306	0.307	0.319	0.299	0.271	1.988	0.596	0.295	0.192	1.067	-177896.344
589	8	10000	9296	0.5105	0.308	0.326	0.299	0.319	0.301	0.302	0.305	0.282	0.304	0.289	0.307	0.310	0.301	0.298	1.988	0.604	0.304	0.201	1.462	-179587.554
590	8	10000	9315	0.5178	0.320	0.303	0.302	0.301	0.317	0.291	0.310	0.277	0.308	0.294	0.301	0.292	0.315	0.306	1.988	0.594	0.285	0.205	1.086	-179778.650
591	8	10000	9225	0.5079	0.257	0.289	0.299	0.304	0.314	0.297	0.308	0.326	0.316	0.296	0.303	0.299	0.297	0.297	2.046	0.592	0.297	0.196	1.427	-178253.246
592	8	10000	9217	0.5116	0.272	0.299	0.303	0.307	0.293	0.288	0.298	0.333	0.297	0.294	0.300	0.303	0.295	0.300	2.022	0.641	0.315	0.202	1.698	-177862.404
593	8	10000	9283	0.5144	0.298	0.317	0.291	0.302	0.305	0.308	0.300	0.290	0.290	0.304	0.311	0.308	0.308	0.295	1.990	0.590	0.304	0.203	1.122	-179564.956
594	8	10000	9302	0.5125	0.320	0.280	0.295	0.309	0.312	0.291	0.286	0.268	0.304	0.304	0.300	0.313	0.308	0.294	2.030	0.596	0.291	0.205	1.000	-178428.559
595	8	10000	9273	0.5104	0.298	0.302	0.305	0.296	0.302	0.300	0.296	0.317	0.295	0.298	0.293	0.314	0.303	0.311	2.016	0.605	0.305	0.200	1.000	-179018.415
596	8	10000	9276	0.5168	0.298	0.314	0.318	0.304	0.311	0.302	0.308	0.282	0.294	0.302	0.308	0.309	0.319	0.287	1.963	0.595	0.306	0.192	1.000	-179820.397
597	8	10000	9264	0.5153	0.308	0.310	0.287	0.302	0.299	0.306	0.304	0.279	0.301	0.289	0.295	0.289	0.290	0.300	1.971	0.603	0.309	0.204	1.057	-178452.186
598	8	10000	9307	0.5154	0.266	0.305	0.295	0.302	0.308	0.297	0.303	0.337	0.308	0.311	0.296	0.303	0.301	0.295	2.009	0.596	0.299	0.198	1.000	-179010.480
599	8	10000	9304	0.5109	0.284	0.297	0.292	0.304	0.292	0.312	0.293	0.324	0.293	0.293	0.302	0.324	0.291	0.293	1.955	0.610	0.311	0.207	1.267	-179105.505
600	8	10000	9296	0.5145	0.317	0.288	0.311	0.311	0.297	0.303	0.299	0.283	0.288	0.311	0.306	0.298	0.305	0.297	2.006	0.646	0.304	0.204	1.166	-178856.424
601	8	10000	9312	0.5141	0.300	0.303	0.302	0.314	0.287	0.311	0.292	0.287	0.310	0.287	0.310	0.299	0.309	0.304	2.006	0.597	0.292	0.200	1.000	-179211.305
602	8	10000	9305	0.5149	0.289	0.299	0.295	0.297	0.301	0.295	0.308	0.316	0.294	0.305	0.298	0.309	0.288	0.290	1.981	0.633	0.307	0.205	1.057	-178260.602
603	8	10000	9226	0.5118	0.607	0.293	0.305	0.289	0.291	0.292	0.299	0.000	0.313	0.299	0.302	0.297	0.300	0.302	2.009	0.615	0.300	0.193	1.000	-177794.335
604	8	10000	9328	0.5113	0.298	0.317	0.295	0.308	0.312	0.297	0.298	0.306	0.303	0.306	0.298	0.304	0.309	0.303	2.033	0.575	0.295	0.200	1.000	-179450.464
605	8	10000	9256	0.5129	0.315	0.309	0.292	0.303	0.292	0.298	0.307	0.314	0.294	0.301	0.305	0.295	0.297	0.315	2.020	0.603	0.312	0.198	1.241	-179241.085
606	8	10000	9331	0.5151	0.296	0.293	0.307	0.304	0.305	0.295	0.306	0.303	0.303	0.319	0.312	0.306	0.304	0.309	1.980	0.639	0.319	0.207	2.082	-180248.326
607	8	10000	9250	0.5131	0.291	0.291	0.295	0.307	0.299	0.296	0.285	0.303	0.307	0.299	0.297	0.283	0.291	0.298	2.037	0.597	0.292	0.199	1.000	-177293.981
608	8	10000	9265	0.5158	0.290	0.301	0.287	0.316	0.298	0.305	0.293	0.298	0.300	0.293	0.293	0.306	0.299	0.306	1.988	0.601	0.291	0.201	1.000	-178427.346
609	8	10000	9280	0.5108	0.278	0.308	0.312	0.304	0.293	0.305	0.306	0.323	0.292	0.305	0.306	0.300	0.300	0.297	2.022	0.613	0.311	0.202	1.160	-179271.200
610	8	10000	9251	0.5165	0.340	0.310	0.297	0.304	0.303	0.301	0.302	0.258	0.292	0.308	0.308	0.303	0.298	0.321	1.980	0.599	0.317	0.198	1.000	-179689.313
611	8	10000	9282	0.5175	0.308	0.301	0.296	0.295	0.302	0.304	0.288	0.294	0.314	0.308	0.290	0.312	0.286	0.300	2.008	0.592	0.298	0.199	1.000	-178502.693
612	8	10000	9254	0.5140	0.288	0.304	0.289	0.287	0.289	0.299	0.298	0.314	0.292	0.301	0.305	0.303	0.311	0.298	1.985	0.634	0.320	0.201	1.499	-178158.862
613	8	10000	9264	0.5122	0.301	0.307	0.293	0.301	0.293	0.300	0.299	0.299	0.308	0.297	0.302	0.301	0.303	0.302	1.931	0.605	0.296	0.195	1.000	-178518.694
614	8	10000	9308	0.5147	0.293	0.313	0.305	0.288	0.291	0.309	0.303	0.294	0.319	0.297	0.312	0.306	0.302	0.295	2.011	0.586	0.292	0.200	1.053	-179452.002
615	8	10000	9254	0.5153	0.302	0.292	0.302	0.306	0.320	0.292	0.297	0.310	0.299	0.295	0.307	0.305	0.301	0.313	2.002	0.601	0.307	0.199	1.115	-179441.508
616	8	10000	9286	0.5161	0.274	0.297	0.289	0.301	0.308	0.297	0.300	0.314	0.309	0.312	0.301	0.294	0.303	0.307	1.962	0.559	0.289	0.196	1.000	-179172.525
617	8	10000	9231	0.5160	0.339	0.299	0.305	0.309	0.292	0.300	0.302	0.250	0.293	0.295	0.302	0.309	0.298	0.301	1.988	0.588	0.307	0.191	1.001	-178362.884
618	8	10000	9263	0.5184	0.295	0.302	0.303	0.299	0.293	0.297	0.305	0.303	0.306	0.309	0.315	0.282	0.298	0.296	2.020	0.596	0.300	0.196	1.000	-178636.511
619	8	10000	9248	0.5185	0.313	0.311	0.295	0.297	0.287	0.307	0.293	0.292	0.309	0.297	0.304	0.280	0.302	0.292	1.986	0.603	0.305	0.200	1.000	-178513.776
620	8	10000	9273	0.5083	0.264	0.307	0.304	0.297	0.295	0.297	0.301	0.321	0.295	0.292	0.290	0.307	0.299	0.293	2.012	0.573	0.292	0.202	1.000	-178152.374
621	8	10000	9279	0.5151	0.279	0.304	0.302	0.296	0.289	0.304	0.303	0.313	0.294	0.293	0.292	0.284	0.308	0.307	2.011	0.627	0.310	0.206	1.112	-178360.464
622	8	10000	9257	0.5143	0.324	0.304	0.294	0.294	0.294	0.297	0.304	0.289	0.308	0.302	0.298	0.294	0.292	0.298	1.994	0.635	0.313	0.202	1.324	-178360.970
623	8	10000	9291	0.5131	0.330	0.294	0.318	0.302	0.298	0.308	0.289	0.283	0.292	0.303	0.302	0.293	0.314	0.300	1.959	0.584	0.294	0.195	1.000	-179151.603
624	8	10000	9235	0.5174	0.334	0.303	0.301	0.300	0.308	0.282	0.317	0.247	0.324	0.301	0.295	0.287	0.284	0.299	1.994	0.572	0.298	0.195	1.000	-178444.910
625	8	10000	9313	0.5111	0.305	0.298	0.293	0.301	0.322	0.297	0.296	0.300	0.299	0.307	0.313	0.296	0.297	0.298	2.017	0.618	0.298	0.202	1.278	-178840.284
626	8	10000	9258	0.5128	0.292	0.291	0.295	0.301	0.305	0.310	0.289	0.295	0.295	0.293	0.313	0.290	0.306	0.292	1.961	0.594	0.289	0.200	1.000	-178378.769
627	8	10000	9283	0.5125	0.333	0.322	0.305	0.318	0.290	0.298	0.305	0.301	0.306	0.309	0.292	0.297	0.289	0.308	2.011	0.633	0.318	0.198	1.686	-179334.239
628	8	10000	9275	0.5089	0.285	0.290	0.312	0.301	0.289	0.305	0.300	0.333	0.289	0.299	0.310	0.310	0.291	0.292	1.986	0.645	0.307	0.204	1.760	-178477.931
629	8	10000	9320	0.5111	0.321	0.298	0.307	0.294	0.308	0.299	0.302	0.298	0.302	0.304	0.310	0.304	0.305	0.307	1.999	0.631	0.321	0.203	1.479	-179741.904
630	8	10000	9262	0.5115	0.278	0.299	0.305	0.307	0.300	0.310	0.305	0.342	0.304	0.303	0.299	0.311	0.308	0.285	1.986	0.590	0.313	0.197	1.042	-179479.043
631	8	10000	9212	0.5115	0.325	0.292	0.289	0.301	0.297	0.312	0.301	0.269	0.325	0.317	0.293	0.303	0.299	0.292	2.010	0.596	0.300	0.197	1.000	-178557.197
632	8	10000	9278	0.5108	0.289	0.304	0.297	0.292	0.300	0.292	0.292	0.336	0.273	0.296	0.319	0.305	0.292	0.297	1.994	0.633	0.309	0.204	1.000	-178106.307
633	8	10000	9274	0.5103	0.090	0.322	0.299	0.307	0.293	0.310	0.299	0.492	0.284	0.304	0.310	0.297	0.310	0.301	2.010	0.629	0.310	0.204	1.190	-179040.613
634	8	10000	9271	0.5156	0.525	0.301	0.287	0.300	0.296	0.312	0.297	0.067	0.319	0.291	0.308	0.319	0.299	0.315	1.959	0.600	0.307	0.200	1.000	-179464.084
635	8	10000	9290	0.5119	0.278	0.298	0.299	0.313	0.312	0.306	0.293	0.345	0.308	0.297	0.299	0.297	0.310	0.294	1.970	0.628	0.318	0.207	1.131	-179796.453
636	8	10000	9255	0.5153	0.321	0.288	0.299	0.306	0.306	0.294	0.294	0.281	0.291	0.307	0.306	0.283	0.291	0.292	1.974	0.597	0.283	0.200	1.000	-177873.056
637	8	10000	9252	0.5133	0.317	0.298	0.302	0.295	0.282	0.300	0.283	0.297	0.312	0.297	0.303	0.287	0.302	0.299	1.969	0.642	0.308	0.203	1.593	-177926.964
638	8	10000	9240	0.5113	0.305	0.301	0.295	0.297	0.304	0.296	0.302	0.292	0.310	0.281	0.306	0.300	0.315	0.297	2.027	0.614	0.303	0.200	1.047	-178248.715
639	8	10000	9277	0.5145	0.238	0.308	0.310	0.293	0.287	0.297	0.306	0.366	0.290	0.311	0.289	0.310	0.300	0.290	2.017	0.594	0.297	0.198	1.000	-178467.992
640	8	10000	9301	0.5116	0.306	0.293	0.308	0.285	0.292	0.307	0.304	0.310	0.304	0.308	0.294	0.310	0.304	0.296	2.020	0.621	0.315	0.199	1.257	-178746.111
641	8	10000	9296	0.5143	0.281	0.289	0.300	0.304	0.287	0.303	0.298	0.322	0.298	0.296	0.300	0.294	0.317	0.294	2.036	0.623	0.302	0.203	1.213	-178269.344
642	8	10000	9279	0.5130	0.282	0.303	0.306	0.301	0.305	0.307	0.293	0.318	0.302	0.308	0.301	0.310	0.309	0.306	2.008	0.587	0.307	0.199	1.078	-179709.935
643	8	10000	9327	0.5137	0.319	0.302	0.307	0.307	0.296	0.298	0.308	0.289	0.294	0.307	0.294	0.298	0.291	0.293	1.968	0.619	0.308	0.200	1.254	-178773.951
644	8	10000	9250	0.5128	0.338	0.302	0.300	0.305	0.300	0.285	0.311	0.268	0.307	0.304	0.289	0.295	0.293	0.294	1.986	0.577	0.296	0.193	1.000	-178352.264
645	8	10000	9276	0.5108	0.285	0.306	0.302	0.302	0.299	0.289	0.310	0.334	0.289	0.295	0.306	0.310	0.296	0.299	2.053	0.620	0.309	0.203	1.000	-178730.597
646	8	10000	9283	0.5144	0.297	0.318	0.303	0.308	0.295	0.299	0.302	0.322	0.303	0.299	0.318	0.292	0.294	0.301	2.022	0.584	0.313	0.199	1.000	-179549.305
647	8	10000	9308	0.5146	0.311	0.298	0.300	0.297	0.306	0.300	0.299	0.283	0.301	0.319	0.294	0.293	0.292	0.325	1.947	0.581	0.289	0.203	1.000	-179573.725
648	8	10000	9302	0.5109	0.258	0.299	0.293	0.290	0.303	0.286	0.287	0.328	0.307	0.295	0.302	0.283	0.303	0.304	1.972	0.611	0.290	0.201	1.000	-177517.393
649	8	10000	9317	0.5143	0.289	0.303	0.294	0.297	0.298	0.315	0.299	0.319	0.295	0.305	0.295	0.297	0.286	0.296	2.018	0.611	0.296	0.207	1.121	-178670.345
650	8	10000	9327	0.5120	0.157	0.307	0.306	0.304	0.292	0.298	0.318	0.464	0.300	0.296	0.297	0.308	0.300	0.303	1.994	0.602	0.292	0.204	1.000	-179831.796
651	8	10000	9312	0.5180	0.271	0.300	0.296	0.294	0.300	0.291	0.295	0.309	0.296	0.313	0.289	0.295	0.298	0.305	1.990	0.614	0.291	0.205	1.158	-177970.055
652	8	10000	9302	0.5162	0.274	0.285	0.285	0.300	0.297	0.308	0.296	0.331	0.310	0.297	0.291	0.298	0.290	0.305	2.019	0.634	0.303	0.201	1.322	-177756.108

