1	8	10000	9296	0.5166	0.316	0.295	0.288	0.303	0.295	0.299	0.289	0.307	0.308	0.302	0.294	0.284	0.318	0.306	2.007	0.602	0.301	0.199	1.000	-178630.742
2	8	10000	9319	0.5116	0.331	0.312	0.307	0.308	0.303	0.306	0.314	0.280	0.314	0.301	0.307	0.295	0.299	0.301	2.015	0.627	0.316	0.202	1.728	-180009.257
3	8	10000	9250	0.5160	0.298	0.294	0.297	0.294	0.290	0.291	0.313	0.315	0.310	0.286	0.292	0.308	0.300	0.295	1.994	0.608	0.298	0.200	1.000	-178016.055
4	8	10000	9293	0.5137	0.313	0.300	0.296	0.291	0.309	0.303	0.302	0.277	0.293	0.302	0.306	0.306	0.297	0.296	2.037	0.580	0.298	0.199	1.000	-178558.451
5	8	10000	9285	0.5155	0.326	0.295	0.288	0.289	0.312	0.297	0.301	0.295	0.284	0.298	0.289	0.289	0.307	0.313	1.966	0.625	0.305	0.205	1.489	-178623.110
6	8	10000	9248	0.5116	0.317	0.280	0.291	0.304	0.295	0.306	0.293	0.302	0.292	0.312	0.286	0.293	0.299	0.308	1.997	0.621	0.305	0.202	1.101	-178029.548
7	8	10000	9251	0.5147	0.345	0.299	0.298	0.301	0.289	0.299	0.304	0.280	0.306	0.306	0.290	0.290	0.301	0.291	2.039	0.631	0.308	0.205	1.307	-178378.256
8	8	10000	9219	0.5115	0.293	0.295	0.297	0.299	0.294	0.311	0.302	0.318	0.299	0.276	0.308	0.307	0.292	0.296	1.998	0.608	0.318	0.198	1.242	-178239.515
9	8	10000	9203	0.5160	0.282	0.307	0.298	0.289	0.314	0.307	0.301	0.310	0.303	0.277	0.305	0.288	0.290	0.299	1.968	0.592	0.298	0.193	1.068	-177704.787
10	8	10000	9263	0.5136	0.281	0.284	0.299	0.303	0.311	0.305	0.299	0.340	0.299	0.290	0.303	0.297	0.305	0.301	2.053	0.609	0.319	0.204	1.000	-178747.213
11	8	10000	9280	0.5146	0.301	0.286	0.298	0.297	0.323	0.296	0.302	0.288	0.291	0.299	0.292	0.302	0.295	0.314	2.011	0.608	0.300	0.206	1.000	-178553.847
12	8	10000	9303	0.5165	0.319	0.302	0.304	0.294	0.299	0.297	0.295	0.294	0.316	0.288	0.299	0.290	0.299	0.307	2.021	0.642	0.290	0.204	2.008	-178414.907
13	8	10000	9256	0.5148	0.598	0.302	0.299	0.288	0.303	0.289	0.311	0.000	0.311	0.304	0.286	0.298	0.302	0.274	1.980	0.596	0.293	0.201	1.000	-177892.364
14	8	10000	9302	0.5164	0.321	0.307	0.303	0.298	0.284	0.299	0.302	0.290	0.294	0.291	0.305	0.302	0.314	0.293	2.010	0.596	0.295	0.199	1.000	-178722.887
15	8	10000	9304	0.5138	0.260	0.317	0.308	0.305	0.300	0.313	0.297	0.341	0.303	0.317	0.299	0.300	0.298	0.312	2.001	0.603	0.303	0.197	1.276	-179878.314
16	8	10000	9254	0.5157	0.305	0.287	0.293	0.297	0.295	0.296	0.296	0.289	0.296	0.288	0.309	0.284	0.287	0.299	1.993	0.598	0.292	0.198	1.000	-177171.685
17	8	10000	9283	0.5186	0.320	0.312	0.290	0.302	0.300	0.299	0.309	0.285	0.300	0.297	0.304	0.302	0.294	0.304	2.008	0.615	0.310	0.203	1.023	-179139.947
18	8	10000	9246	0.5140	0.300	0.306	0.300	0.303	0.288	0.295	0.295	0.304	0.316	0.296	0.305	0.294	0.311	0.296	2.016	0.617	0.304	0.194	1.213	-178356.239
19	8	10000	9262	0.5160	0.286	0.300	0.306	0.304	0.301	0.311	0.304	0.328	0.299	0.302	0.310	0.303	0.296	0.299	2.004	0.631	0.313	0.191	1.273	-178780.911
20	8	10000	9296	0.5125	0.269	0.313	0.308	0.297	0.299	0.293	0.297	0.329	0.297	0.303	0.305	0.296	0.299	0.305	1.984	0.608	0.314	0.204	1.269	-179191.903
21	8	10000	9252	0.5147	0.289	0.302	0.296	0.293	0.289	0.290	0.299	0.307	0.290	0.289	0.288	0.308	0.294	0.303	2.025	0.623	0.300	0.201	1.000	-177334.169
22	8	10000	9270	0.5131	0.313	0.295	0.294	0.307	0.290	0.311	0.291	0.303	0.298	0.301	0.302	0.297	0.290	0.284	2.031	0.614	0.289	0.203	1.000	-177550.947
23	8	10000	9284	0.5155	0.311	0.305	0.296	0.291	0.291	0.304	0.311	0.306	0.291	0.306	0.296	0.312	0.302	0.296	1.974	0.593	0.303	0.194	1.000	-178887.375
24	8	10000	9300	0.5123	0.331	0.313	0.304	0.288	0.298	0.305	0.299	0.263	0.283	0.288	0.307	0.293	0.306	0.298	2.032	0.593	0.304	0.201	1.000	-178289.964
25	8	10000	9286	0.5168	0.310	0.288	0.298	0.298	0.308	0.296	0.300	0.298	0.293	0.294	0.311	0.305	0.320	0.307	2.005	0.616	0.312	0.201	1.665	-179350.472
26	8	10000	9302	0.5166	0.328	0.302	0.305	0.297	0.306	0.297	0.300	0.295	0.300	0.298	0.310	0.281	0.293	0.308	2.009	0.641	0.307	0.203	1.255	-178789.984
27	8	10000	9278	0.5134	0.286	0.304	0.308	0.287	0.304	0.300	0.304	0.333	0.301	0.297	0.300	0.293	0.298	0.306	1.975	0.610	0.298	0.200	1.000	-178793.448
28	8	10000	9247	0.5131	0.269	0.297	0.306	0.293	0.298	0.284	0.307	0.331	0.287	0.297	0.279	0.308	0.292	0.301	1.980	0.661	0.318	0.202	2.529	-177275.177
29	8	10000	9282	0.5144	0.317	0.300	0.307	0.296	0.310	0.310	0.308	0.275	0.300	0.297	0.310	0.295	0.308	0.303	1.992	0.594	0.309	0.201	1.000	-179681.940
30	8	10000	9267	0.5119	0.305	0.299	0.297	0.300	0.296	0.306	0.290	0.299	0.314	0.293	0.287	0.290	0.299	0.304	2.017	0.627	0.322	0.197	1.000	-177940.354
31	8	10000	9310	0.5138	0.283	0.300	0.290	0.305	0.309	0.304	0.296	0.329	0.295	0.309	0.313	0.304	0.308	0.304	1.977	0.608	0.321	0.202	1.000	-180020.769
32	8	10000	9288	0.5117	0.329	0.305	0.305	0.304	0.300	0.304	0.301	0.278	0.295	0.297	0.302	0.286	0.294	0.303	2.041	0.588	0.297	0.196	1.000	-178606.372
33	8	10000	9318	0.5158	0.285	0.307	0.300	0.300	0.304	0.304	0.307	0.330	0.298	0.308	0.299	0.298	0.300	0.296	1.975	0.616	0.307	0.205	1.150	-179528.724
34	8	10000	9219	0.5113	0.325	0.310	0.290	0.297	0.282	0.300	0.295	0.259	0.291	0.287	0.294	0.309	0.306	0.299	2.038	0.601	0.298	0.200	1.160	-177258.097
35	8	10000	9262	0.5133	0.277	0.300	0.309	0.292	0.304	0.308	0.303	0.319	0.302	0.290	0.306	0.302	0.312	0.295	1.993	0.581	0.299	0.199	1.000	-179231.133
36	8	10000	9259	0.5112	0.306	0.307	0.304	0.304	0.285	0.301	0.300	0.310	0.305	0.299	0.308	0.309	0.290	0.297	2.049	0.587	0.315	0.193	1.294	-178808.254
37	8	10000	9290	0.5110	0.298	0.308	0.293	0.315	0.289	0.307	0.315	0.310	0.307	0.306	0.279	0.300	0.300	0.301	1.998	0.614	0.299	0.200	1.039	-178961.132
38	8	10000	9267	0.5129	0.280	0.293	0.280	0.299	0.295	0.288	0.308	0.332	0.312	0.304	0.287	0.307	0.307	0.286	1.962	0.631	0.300	0.205	1.426	-178220.285
39	8	10000	9266	0.5123	0.308	0.280	0.296	0.310	0.320	0.304	0.307	0.279	0.294	0.316	0.289	0.304	0.306	0.295	1.980	0.588	0.285	0.202	1.000	-178921.947
40	8	10000	9279	0.5131	0.293	0.300	0.310	0.298	0.301	0.302	0.307	0.305	0.300	0.307	0.294	0.303	0.293	0.295	2.004	0.610	0.313	0.202	1.107	-178948.135
41	8	10000	9299	0.5109	0.331	0.304	0.304	0.302	0.325	0.299	0.307	0.292	0.301	0.305	0.305	0.296	0.307	0.324	2.010	0.582	0.288	0.197	1.000	-180289.731
42	8	10000	9277	0.5118	0.282	0.289	0.302	0.289	0.297	0.294	0.292	0.292	0.302	0.305	0.303	0.309	0.302	0.295	2.004	0.579	0.291	0.201	1.000	-178094.144
43	8	10000	9271	0.5120	0.355	0.299	0.303	0.292	0.304	0.295	0.303	0.253	0.303	0.288	0.298	0.301	0.311	0.282	2.015	0.584	0.302	0.192	1.000	-177986.851
44	8	10000	9276	0.5142	0.283	0.312	0.295	0.296	0.287	0.281	0.305	0.327	0.300	0.293	0.310	0.308	0.311	0.301	2.022	0.621	0.313	0.201	1.529	-178543.887
45	8	10000	9309	0.5189	0.298	0.299	0.309	0.301	0.308	0.299	0.304	0.309	0.302	0.305	0.309	0.305	0.304	0.302	2.004	0.607	0.290	0.204	1.090	-179717.076
46	8	10000	9292	0.5163	0.288	0.299	0.297	0.296	0.301	0.296	0.289	0.324	0.289	0.305	0.295	0.276	0.292	0.305	1.945	0.609	0.296	0.205	1.000	-178022.716
47	8	10000	9288	0.5129	0.257	0.305	0.309	0.298	0.291	0.296	0.307	0.322	0.302	0.290	0.314	0.302	0.304	0.301	1.938	0.629	0.313	0.207	1.598	-179181.813
48	8	10000	9281	0.5104	0.266	0.290	0.292	0.302	0.308	0.306	0.294	0.339	0.309	0.294	0.306	0.286	0.312	0.296	2.015	0.617	0.298	0.200	1.000	-178314.230
49	8	10000	9285	0.5130	0.289	0.304	0.307	0.295	0.301	0.304	0.313	0.323	0.294	0.311	0.303	0.302	0.294	0.301	2.000	0.633	0.301	0.207	1.000	-179294.117
50	8	10000	9276	0.5145	0.275	0.313	0.298	0.321	0.302	0.298	0.298	0.326	0.302	0.302	0.305	0.295	0.306	0.312	2.000	0.623	0.307	0.203	1.000	-179517.697
51	8	10000	9285	0.5144	0.294	0.298	0.304	0.290	0.313	0.285	0.296	0.291	0.306	0.294	0.305	0.295	0.298	0.295	2.002	0.591	0.293	0.199	1.057	-177877.619
52	8	10000	9319	0.5104	0.288	0.297	0.304	0.305	0.292	0.309	0.302	0.331	0.308	0.309	0.297	0.286	0.300	0.306	1.972	0.630	0.323	0.202	1.612	-179232.133
53	8	10000	9250	0.5144	0.306	0.307	0.295	0.301	0.293	0.302	0.300	0.294	0.284	0.292	0.301	0.307	0.296	0.298	1.999	0.629	0.293	0.202	1.428	-178021.933
54	8	10000	9313	0.5108	0.301	0.297	0.290	0.302	0.310	0.305	0.294	0.301	0.310	0.293	0.296	0.302	0.297	0.285	2.001	0.608	0.291	0.205	1.000	-178243.934
55	8	10000	9284	0.5122	0.275	0.307	0.310	0.301	0.299	0.297	0.303	0.318	0.290	0.297	0.303	0.313	0.294	0.306	1.989	0.549	0.293	0.196	1.028	-179450.594
56	8	10000	9268	0.5160	0.340	0.300	0.306	0.296	0.290	0.293	0.296	0.268	0.286	0.309	0.309	0.322	0.295	0.302	1.993	0.616	0.311	0.197	1.536	-178881.767
57	8	10000	9272	0.5123	0.301	0.300	0.289	0.300	0.307	0.302	0.299	0.308	0.299	0.294	0.287	0.286	0.293	0.309	1.990	0.591	0.289	0.197	1.000	-177608.356
58	8	10000	9321	0.5127	0.297	0.293	0.300	0.295	0.311	0.283	0.302	0.326	0.296	0.308	0.296	0.321	0.296	0.303	2.030	0.580	0.293	0.200	1.028	-178938.206
59	8	10000	9255	0.5110	0.273	0.304	0.303	0.298	0.300	0.301	0.292	0.334	0.292	0.295	0.302	0.303	0.301	0.290	1.941	0.600	0.303	0.202	1.000	-178742.057
60	8	10000	9283	0.5145	0.334	0.279	0.307	0.291	0.323	0.294	0.301	0.287	0.306	0.306	0.310	0.290	0.285	0.291	2.000	0.592	0.292	0.194	1.000	-178297.836
61	8	10000	9308	0.5133	0.401	0.307	0.308	0.307	0.293	0.310	0.303	0.210	0.299	0.302	0.293	0.298	0.301	0.303	2.023	0.588	0.314	0.202	1.000	-179563.296
62	8	10000	9250	0.5146	0.279	0.310	0.315	0.304	0.307	0.296	0.290	0.334	0.295	0.307	0.299	0.299	0.304	0.294	2.012	0.596	0.310	0.191	1.061	-178766.653
63	8	10000	9292	0.5153	0.340	0.296	0.300	0.299	0.293	0.296	0.299	0.264	0.308	0.280	0.310	0.295	0.296	0.298	1.984	0.599	0.299	0.201	1.108	-178268.561
64	8	10000	9279	0.5192	0.306	0.278	0.305	0.299	0.304	0.310	0.297	0.305	0.287	0.301	0.323	0.304	0.285	0.302	1.965	0.613	0.295	0.202	1.115	-178968.629
65	8	10000	9273	0.5132	0.279	0.319	0.308	0.306	0.295	0.298	0.303	0.317	0.283	0.316	0.300	0.294	0.295	0.305	2.006	0.579	0.310	0.197	1.000	-179542.517
66	8	10000	9267	0.5124	0.315	0.299	0.294	0.302	0.302	0.303	0.297	0.286	0.303	0.308	0.289	0.299	0.293	0.313	1.967	0.620	0.304	0.196	1.332	-178385.915
67	8	10000	9260	0.5166	0.312	0.296	0.294	0.298	0.298	0.298	0.307	0.311	0.314	0.306	0.302	0.302	0.292	0.302	1.989	0.614	0.308	0.203	1.000	-179212.515
68	8	10000	9260	0.5118	0.306	0.296	0.307	0.295	0.292	0.300	0.306	0.290	0.289	0.290	0.295	0.302	0.300	0.293	1.960	0.592	0.303	0.196	1.000	-178088.753
69	8	10000	9311	0.5127	0.329	0.304	0.308	0.314	0.312	0.306	0.302	0.252	0.316	0.287	0.301	0.296	0.303	0.293	1.972	0.598	0.296	0.205	1.000	-179444.294
70	8	10000	9221	0.5088	0.270	0.297	0.297	0.297	0.296	0.297	0.294	0.308	0.300	0.312	0.292	0.287	0.317	0.291	2.018	0.589	0.293	0.201	1.179	-177840.448
71	8	10000	9241	0.5126	0.296	0.300	0.293	0.300	0.291	0.294	0.296	0.301	0.310	0.297	0.288	0.282	0.298	0.306	1.961	0.603	0.288	0.202	1.017	-177782.583
72	8	10000	9271	0.5094	0.296	0.297	0.297	0.293	0.303	0.299	0.305	0.303	0.310	0.319	0.298	0.293	0.293	0.311	2.018	0.582	0.295	0.201	1.000	-179255.457
73	8	10000	9262	0.5170	0.461	0.309	0.306	0.290	0.291	0.302	0.299	0.134	0.305	0.297	0.305	0.296	0.301	0.299	2.022	0.594	0.322	0.192	1.000	-178508.772
74	8	10000	9260	0.5120	0.294	0.307	0.296	0.306	0.287	0.311	0.295	0.309	0.298	0.291	0.300	0.310	0.308	0.298	2.009	0.620	0.305	0.200	1.180	-178402.407
75	8	10000	9318	0.5156	0.275	0.294	0.293	0.305	0.323	0.310	0.292	0.324	0.313	0.310	0.313	0.296	0.312	0.305	2.003	0.610	0.302	0.200	1.116	-179748.669
76	8	10000	9238	0.5146	0.251	0.309	0.309	0.307	0.318	0.283	0.296	0.334	0.301	0.294	0.297	0.312	0.299	0.301	1.990	0.587	0.291	0.200	1.000	-178906.912
77	8	10000	9295	0.5140	0.324	0.297	0.298	0.304	0.300	0.295	0.305	0.265	0.286	0.294	0.310	0.300	0.312	0.289	2.008	0.589	0.301	0.202	1.000	-178486.357
78	8	10000	9274	0.5122	0.298	0.307	0.306	0.303	0.300	0.305	0.304	0.287	0.300	0.306	0.301	0.300	0.307	0.290	2.022	0.622	0.312	0.198	1.551	-178931.509
79	8	10000	9258	0.5124	0.328	0.322	0.300	0.300	0.308	0.289	0.300	0.260	0.302	0.296	0.306	0.298	0.292	0.303	1.976	0.621	0.299	0.198	1.000	-178157.939
80	8	10000	9299	0.5166	0.277	0.304	0.312	0.298	0.314	0.304	0.301	0.319	0.279	0.287	0.308	0.307	0.296	0.300	1.992	0.620	0.304	0.205	1.485	-178994.944
81	8	10000	9295	0.5132	0.318	0.306	0.286	0.301	0.293	0.299	0.306	0.300	0.298	0.292	0.303	0.306	0.297	0.287	2.032	0.620	0.305	0.197	1.000	-177770.160
82	8	10000	9293	0.5138	0.280	0.294	0.308	0.293	0.286	0.296	0.312	0.307	0.317	0.304	0.295	0.308	0.307	0.305	2.014	0.599	0.306	0.196	1.000	-178915.712
83	8	10000	9321	0.5120	0.337	0.307	0.296	0.293	0.307	0.295	0.301	0.273	0.294	0.306	0.292	0.291	0.296	0.299	2.001	0.601	0.301	0.207	1.000	-178710.054
84	8	10000	9301	0.5139	0.297	0.291	0.299	0.300	0.296	0.295	0.297	0.304	0.305	0.303	0.301	0.307	0.302	0.312	1.994	0.625	0.311	0.202	1.540	-178754.782
85	8	10000	9243	0.5109	0.268	0.293	0.314	0.292	0.304	0.289	0.297	0.335	0.307	0.294	0.298	0.279	0.302	0.297	2.004	0.653	0.308	0.205	2.115	-177660.237
86	8	10000	9254	0.5139	0.287	0.294	0.288	0.299	0.301	0.291	0.296	0.320	0.285	0.287	0.296	0.298	0.294	0.288	1.970	0.629	0.283	0.202	1.000	-176805.150
87	8	10000	9256	0.5097	0.304	0.287	0.303	0.301	0.300	0.298	0.308	0.281	0.309	0.297	0.303	0.287	0.323	0.295	2.017	0.614	0.310	0.206	1.000	-178810.291
88	8	10000	9243	0.5141	0.327	0.290	0.304	0.291	0.294	0.293	0.306	0.273	0.302	0.304	0.297	0.288	0.301	0.305	1.996	0.604	0.291	0.202	1.000	-178263.358
89	8	10000	9316	0.5168	0.302	0.306	0.300	0.295	0.303	0.292	0.314	0.296	0.309	0.313	0.316	0.300	0.315	0.307	2.018	0.581	0.293	0.197	1.000	-180042.834
90	8	10000	9268	0.5151	0.280	0.314	0.297	0.308	0.288	0.308	0.302	0.312	0.301	0.304	0.286	0.301	0.299	0.315	1.989	0.564	0.279	0.194	1.006	-178678.196
91	8	10000	9248	0.5144	0.280	0.304	0.275	0.303	0.307	0.284	0.294	0.326	0.299	0.301	0.298	0.293	0.288	0.289	2.027	0.628	0.290	0.203	1.000	-176962.789
92	8	10000	9341	0.5142	0.305	0.300	0.313	0.301	0.298	0.288	0.303	0.304	0.301	0.304	0.309	0.301	0.304	0.310	1.976	0.628	0.316	0.203	1.383	-179654.359
93	8	10000	9232	0.5174	0.304	0.284	0.302	0.297	0.316	0.302	0.296	0.288	0.294	0.300	0.304	0.315	0.305	0.297	2.017	0.586	0.314	0.196	1.127	-178781.525
94	8	10000	9277	0.5143	0.316	0.308	0.286	0.296	0.291	0.302	0.290	0.259	0.302	0.306	0.297	0.312	0.302	0.302	1.978	0.589	0.272	0.198	1.000	-177957.834
95	8	10000	9272	0.5161	0.295	0.313	0.311	0.292	0.309	0.306	0.300	0.309	0.312	0.312	0.303	0.287	0.302	0.296	2.065	0.575	0.296	0.196	1.000	-179221.584
96	8	10000	9285	0.5132	0.313	0.295	0.287	0.302	0.312	0.296	0.303	0.295	0.305	0.295	0.304	0.304	0.288	0.296	1.993	0.583	0.296	0.199	1.000	-178552.415
97	8	10000	9299	0.5118	0.300	0.315	0.298	0.314	0.292	0.304	0.294	0.315	0.307	0.309	0.301	0.301	0.293	0.300	2.012	0.603	0.283	0.205	1.000	-179389.199
98	8	10000	9297	0.5137	0.297	0.294	0.305	0.297	0.309	0.300	0.297	0.301	0.299	0.295	0.298	0.286	0.302	0.300	2.034	0.606	0.297	0.200	1.516	-178060.189
99	8	10000	9243	0.5163	0.289	0.295	0.305	0.295	0.292	0.290	0.294	0.299	0.297	0.289	0.293	0.310	0.299	0.298	2.010	0.603	0.292	0.202	1.000	-177517.148
100	8	10000	9265	0.5084	0.265	0.294	0.285	0.300	0.296	0.306	0.297	0.327	0.302	0.308	0.289	0.290	0.297	0.312	2.026	0.608	0.296	0.201	1.056	-177726.715
101	8	10000	9254	0.5164	0.273	0.292	0.306	0.301	0.311	0.303	0.305	0.323	0.304	0.297	0.290	0.304	0.294	0.311	2.018	0.602	0.288	0.199	1.102	-178363.055
102	8	10000	9291	0.5081	0.282	0.293	0.296	0.310	0.292	0.301	0.295	0.307	0.296	0.304	0.289	0.306	0.307	0.294	1.972	0.603	0.290	0.206	1.118	-178428.327
103	8	10000	9271	0.5086	0.297	0.286	0.301	0.311	0.297	0.303	0.291	0.289	0.291	0.305	0.294	0.306	0.292	0.303	2.010	0.590	0.287	0.198	1.000	-177690.148
104	8	10000	9271	0.5112	0.296	0.297	0.310	0.294	0.301	0.308	0.292	0.307	0.310	0.296	0.293	0.306	0.304	0.299	2.035	0.614	0.300	0.204	1.251	-178752.373
105	8	10000	9262	0.5121	0.279	0.305	0.298	0.296	0.305	0.291	0.305	0.310	0.301	0.293	0.306	0.306	0.305	0.296	1.985	0.611	0.309	0.199	1.223	-178526.041
106	8	10000	9277	0.5164	0.293	0.294	0.304	0.304	0.326	0.295	0.295	0.303	0.298	0.298	0.305	0.291	0.301	0.319	2.007	0.623	0.301	0.196	1.182	-178689.595
107	8	10000	9268	0.5114	0.315	0.302	0.292	0.295	0.308	0.302	0.290	0.283	0.301	0.303	0.296	0.301	0.302	0.294	1.996	0.621	0.308	0.203	1.000	-178293.289
108	8	10000	9287	0.5160	0.335	0.296	0.305	0.285	0.297	0.296	0.302	0.269	0.306	0.302	0.302	0.287	0.302	0.302	2.037	0.605	0.292	0.201	1.262	-178184.623
109	8	10000	9220	0.5170	0.317	0.280	0.292	0.311	0.307	0.299	0.292	0.269	0.296	0.315	0.287	0.293	0.293	0.290	1.987	0.601	0.297	0.199	1.000	-177795.857
110	8	10000	9243	0.5165	0.306	0.303	0.308	0.305	0.289	0.293	0.292	0.294	0.294	0.314	0.290	0.285	0.298	0.305	2.034	0.570	0.290	0.193	1.000	-177948.466
111	8	10000	9241	0.5154	0.261	0.300	0.305	0.286	0.302	0.300	0.305	0.343	0.309	0.277	0.295	0.306	0.297	0.301	2.057	0.617	0.311	0.200	1.000	-178019.905
112	8	10000	9246	0.5145	0.261	0.289	0.291	0.302	0.295	0.299	0.296	0.330	0.296	0.314	0.302	0.287	0.295	0.300	1.969	0.613	0.301	0.202	1.000	-178302.137
113	8	10000	9311	0.5143	0.301	0.293	0.301	0.313	0.314	0.301	0.305	0.301	0.306	0.296	0.304	0.300	0.311	0.297	2.026	0.599	0.314	0.196	1.073	-179292.245
114	8	10000	9301	0.5141	0.292	0.307	0.304	0.313	0.326	0.298	0.307	0.313	0.300	0.303	0.285	0.308	0.300	0.294	2.010	0.613	0.317	0.199	1.272	-179266.829
115	8	10000	9307	0.5139	0.326	0.302	0.305	0.300	0.309	0.307	0.301	0.275	0.300	0.309	0.299	0.310	0.298	0.300	1.944	0.636	0.310	0.202	1.370	-179433.949
116	8	10000	9295	0.5100	0.313	0.308	0.299	0.298	0.294	0.304	0.302	0.277	0.287	0.295	0.320	0.289	0.305	0.296	1.975	0.597	0.285	0.199	1.125	-178385.041
117	8	10000	9291	0.5133	0.304	0.287	0.298	0.303	0.306	0.298	0.304	0.289	0.298	0.290	0.301	0.293	0.300	0.299	1.988	0.597	0.312	0.197	1.210	-178314.224
118	8	10000	9282	0.5133	0.282	0.304	0.288	0.302	0.300	0.302	0.297	0.304	0.298	0.293	0.304	0.302	0.298	0.307	1.991	0.614	0.292	0.203	1.000	-178187.889
119	8	10000	9286	0.5125	0.304	0.304	0.297	0.308	0.309	0.301	0.307	0.308	0.298	0.301	0.300	0.314	0.300	0.298	1.987	0.613	0.306	0.204	1.000	-179586.875
120	8	10000	9276	0.5152	0.333	0.294	0.307	0.298	0.293	0.284	0.303	0.269	0.286	0.315	0.293	0.294	0.301	0.298	2.031	0.608	0.311	0.201	1.000	-178042.490
121	8	10000	9304	0.5109	0.293	0.296	0.299	0.307	0.312	0.301	0.306	0.317	0.312	0.304	0.300	0.303	0.305	0.286	2.006	0.627	0.318	0.202	1.754	-179158.303
122	8	10000	9301	0.5133	0.324	0.309	0.310	0.297	0.289	0.304	0.295	0.273	0.301	0.301	0.303	0.290	0.300	0.309	2.009	0.594	0.293	0.203	1.068	-178995.502
123	8	10000	9285	0.5129	0.330	0.295	0.293	0.300	0.299	0.299	0.296	0.276	0.299	0.274	0.304	0.290	0.297	0.294	2.027	0.616	0.297	0.199	1.133	-177373.577
124	8	10000	9249	0.5173	0.300	0.293	0.301	0.294	0.316	0.304	0.303	0.289	0.296	0.312	0.301	0.301	0.304	0.293	1.973	0.607	0.299	0.204	1.080	-179049.372
125	8	10000	9254	0.5130	0.329	0.292	0.296	0.301	0.288	0.299	0.286	0.254	0.300	0.298	0.297	0.301	0.304	0.293	2.036	0.585	0.290	0.201	1.171	-177617.063
126	8	10000	9274	0.5112	0.313	0.305	0.307	0.297	0.300	0.303	0.305	0.280	0.301	0.303	0.304	0.303	0.303	0.296	2.001	0.633	0.316	0.206	1.338	-179214.148
127	8	10000	9275	0.5117	0.297	0.310	0.298	0.297	0.302	0.297	0.293	0.290	0.295	0.296	0.308	0.302	0.311	0.290	2.034	0.590	0.288	0.201	1.000	-178155.179
128	8	10000	9285	0.5116	0.294	0.295	0.298	0.303	0.304	0.310	0.290	0.316	0.301	0.299	0.306	0.298	0.289	0.304	2.013	0.584	0.294	0.198	1.000	-178818.413
129	8	10000	9233	0.5126	0.276	0.325	0.288	0.294	0.286	0.298	0.300	0.300	0.293	0.311	0.290	0.295	0.304	0.314	1.972	0.600	0.297	0.196	1.206	-178178.443
130	8	10000	9283	0.5171	0.306	0.309	0.299	0.308	0.290	0.295	0.304	0.297	0.297	0.299	0.309	0.284	0.302	0.297	1.978	0.590	0.310	0.197	1.044	-178825.723
131	8	10000	9258	0.5149	0.298	0.294	0.294	0.316	0.289	0.303	0.301	0.291	0.296	0.303	0.301	0.302	0.300	0.281	1.976	0.639	0.305	0.200	1.343	-177912.614
132	8	10000	9245	0.5133	0.309	0.293	0.304	0.296	0.297	0.311	0.299	0.311	0.304	0.290	0.302	0.296	0.313	0.291	1.999	0.672	0.328	0.203	77.447	-178442.573
133	8	10000	9301	0.5138	0.310	0.295	0.319	0.298	0.299	0.290	0.310	0.320	0.294	0.299	0.313	0.305	0.298	0.299	2.014	0.605	0.309	0.200	1.284	-179386.453
134	8	10000	9300	0.5130	0.317	0.296	0.301	0.302	0.296	0.304	0.296	0.316	0.280	0.289	0.316	0.297	0.295	0.303	1.995	0.630	0.305	0.206	1.286	-178713.363
135	8	10000	9272	0.5121	0.256	0.290	0.309	0.293	0.289	0.298	0.298	0.341	0.299	0.311	0.299	0.281	0.298	0.302	1.983	0.601	0.292	0.202	1.000	-178051.853
136	8	10000	9243	0.5132	0.278	0.310	0.300	0.290	0.298	0.292	0.293	0.308	0.297	0.291	0.293	0.287	0.302	0.303	2.003	0.636	0.288	0.201	1.165	-177002.657
137	8	10000	9292	0.5153	0.300	0.317	0.315	0.279	0.290	0.303	0.297	0.317	0.301	0.303	0.291	0.289	0.299	0.299	1.988	0.611	0.296	0.201	1.181	-178619.667
138	8	10000	9227	0.5147	0.244	0.297	0.306	0.305	0.293	0.302	0.283	0.369	0.298	0.301	0.315	0.294	0.306	0.294	2.008	0.578	0.294	0.192	1.000	-178417.111
139	8	10000	9268	0.5162	0.330	0.297	0.300	0.294	0.298	0.292	0.311	0.263	0.299	0.292	0.314	0.301	0.308	0.301	1.969	0.610	0.311	0.198	1.102	-178767.284
140	8	10000	9248	0.5148	0.285	0.281	0.292	0.303	0.297	0.307	0.299	0.321	0.287	0.294	0.291	0.297	0.296	0.305	1.985	0.610	0.304	0.204	1.246	-177922.384
141	8	10000	9296	0.5169	0.305	0.300	0.305	0.307	0.288	0.301	0.295	0.308	0.306	0.299	0.302	0.309	0.305	0.300	1.992	0.600	0.306	0.202	1.426	-179490.610
142	8	10000	9247	0.5142	0.301	0.297	0.295	0.309	0.303	0.298	0.309	0.292	0.304	0.297	0.303	0.303	0.308	0.296	2.005	0.607	0.314	0.193	1.000	-178633.119
143	8	10000	9287	0.5146	0.323	0.297	0.312	0.293	0.291	0.297	0.297	0.258	0.298	0.293	0.303	0.302	0.297	0.305	2.015	0.614	0.296	0.208	1.330	-178368.289
144	8	10000	9288	0.5171	0.285	0.308	0.298	0.305	0.285	0.293	0.296	0.312	0.286	0.294	0.304	0.306	0.298	0.294	1.987	0.611	0.292	0.200	1.000	-178064.308
145	8	10000	9283	0.5127	0.309	0.303	0.298	0.296	0.315	0.296	0.297	0.298	0.306	0.309	0.290	0.309	0.302	0.298	1.953	0.589	0.301	0.200	1.000	-179226.809
146	8	10000	9322	0.5105	0.298	0.296	0.299	0.309	0.305	0.307	0.303	0.324	0.295	0.303	0.302	0.298	0.323	0.291	2.001	0.614	0.320	0.203	1.457	-179777.641
147	8	10000	9246	0.5105	0.304	0.297	0.291	0.299	0.296	0.299	0.308	0.308	0.294	0.289	0.300	0.283	0.295	0.301	1.971	0.615	0.290	0.205	1.000	-177882.062
148	8	10000	9290	0.5125	0.281	0.298	0.307	0.294	0.304	0.300	0.302	0.311	0.300	0.300	0.306	0.323	0.304	0.297	1.948	0.614	0.303	0.201	1.147	-179389.593
149	8	10000	9347	0.5146	0.309	0.296	0.289	0.308	0.314	0.288	0.308	0.291	0.296	0.313	0.302	0.315	0.302	0.303	1.952	0.596	0.288	0.207	1.000	-179772.768
150	8	10000	9229	0.5128	0.310	0.294	0.298	0.290	0.280	0.298	0.295	0.309	0.293	0.300	0.294	0.303	0.297	0.294	2.030	0.627	0.312	0.200	1.529	-177415.914
151	8	10000	9289	0.5174	0.290	0.309	0.301	0.298	0.303	0.310	0.305	0.317	0.311	0.295	0.305	0.296	0.297	0.315	1.965	0.615	0.316	0.200	1.000	-179747.459
152	8	10000	9309	0.5117	0.315	0.304	0.301	0.308	0.301	0.302	0.296	0.267	0.298	0.312	0.288	0.301	0.303	0.311	2.034	0.624	0.302	0.208	1.445	-178888.507
153	8	10000	9276	0.5169	0.323	0.291	0.306	0.294	0.307	0.315	0.308	0.294	0.280	0.297	0.302	0.308	0.303	0.297	1.999	0.594	0.290	0.196	1.000	-178856.871
154	8	10000	9236	0.5125	0.325	0.308	0.308	0.301	0.313	0.295	0.288	0.273	0.297	0.298	0.301	0.286	0.286	0.307	1.996	0.591	0.308	0.201	1.000	-178588.890
155	8	10000	9274	0.5161	0.288	0.297	0.313	0.291	0.294	0.299	0.291	0.289	0.300	0.294	0.305	0.295	0.295	0.289	1.997	0.605	0.298	0.205	1.000	-177826.930
156	8	10000	9279	0.5152	0.288	0.286	0.308	0.296	0.312	0.312	0.293	0.300	0.286	0.295	0.285	0.307	0.298	0.297	2.054	0.624	0.279	0.211	1.000	-177839.510
157	8	10000	9260	0.5096	0.305	0.300	0.299	0.308	0.313	0.290	0.301	0.306	0.299	0.307	0.302	0.301	0.304	0.296	2.027	0.608	0.305	0.201	1.262	-178815.134
158	8	10000	9277	0.5146	0.293	0.291	0.308	0.287	0.305	0.299	0.298	0.329	0.295	0.301	0.301	0.292	0.306	0.301	1.988	0.585	0.300	0.194	1.000	-178420.313
159	8	10000	9260	0.5163	0.585	0.301	0.296	0.287	0.297	0.300	0.308	0.000	0.301	0.296	0.304	0.309	0.292	0.288	1.994	0.603	0.300	0.201	1.010	-177907.723
160	8	10000	9277	0.5165	0.336	0.289	0.308	0.297	0.307	0.297	0.300	0.281	0.276	0.309	0.299	0.314	0.291	0.300	2.008	0.645	0.327	0.204	1.000	-178648.291
161	8	10000	9261	0.5145	0.292	0.296	0.305	0.299	0.299	0.304	0.302	0.308	0.307	0.296	0.308	0.297	0.295	0.301	1.987	0.597	0.314	0.197	1.009	-178903.733
162	8	10000	9275	0.5116	0.305	0.291	0.297	0.301	0.302	0.297	0.297	0.301	0.298	0.289	0.313	0.293	0.302	0.297	1.993	0.610	0.302	0.201	1.000	-178037.197
163	8	10000	9265	0.5143	0.321	0.279	0.294	0.296	0.301	0.306	0.309	0.283	0.306	0.299	0.302	0.304	0.298	0.306	2.023	0.587	0.306	0.195	1.000	-178536.439
164	8	10000	9243	0.5138	0.247	0.281	0.299	0.301	0.298	0.290	0.302	0.318	0.298	0.295	0.297	0.310	0.293	0.287	1.995	0.581	0.288	0.201	1.000	-177507.110
165	8	10000	9296	0.5153	0.316	0.305	0.303	0.288	0.305	0.303	0.298	0.293	0.289	0.301	0.287	0.311	0.289	0.300	1.975	0.599	0.284	0.206	1.000	-178356.553
166	8	10000	9241	0.5147	0.278	0.300	0.295	0.299	0.289	0.300	0.297	0.317	0.294	0.302	0.299	0.285	0.289	0.297	1.970	0.584	0.292	0.203	1.000	-177887.858
167	8	10000	9218	0.5130	0.275	0.291	0.304	0.298	0.301	0.304	0.302	0.314	0.294	0.301	0.304	0.312	0.298	0.298	1.977	0.609	0.308	0.199	1.104	-178577.445
168	8	10000	9313	0.5166	0.329	0.292	0.300	0.306	0.308	0.294	0.309	0.283	0.301	0.293	0.297	0.308	0.300	0.300	1.978	0.585	0.306	0.190	1.000	-178682.813
169	8	10000	9280	0.5162	0.316	0.310	0.301	0.298	0.302	0.307	0.300	0.284	0.298	0.297	0.294	0.307	0.302	0.305	2.010	0.597	0.288	0.198	1.211	-178763.192
170	8	10000	9307	0.5124	0.269	0.298	0.306	0.296	0.291	0.295	0.305	0.320	0.302	0.296	0.286	0.296	0.301	0.309	2.010	0.615	0.305	0.204	1.000	-178120.277
171	8	10000	9309	0.5175	0.282	0.308	0.306	0.303	0.303	0.289	0.285	0.320	0.299	0.311	0.297	0.302	0.303	0.302	1.995	0.620	0.307	0.198	1.501	-178751.650
172	8	10000	9301	0.5128	0.295	0.289	0.303	0.302	0.313	0.309	0.292	0.323	0.315	0.299	0.311	0.298	0.293	0.297	2.025	0.569	0.304	0.201	1.000	-179603.801
173	8	10000	9224	0.5092	0.264	0.304	0.301	0.295	0.316	0.301	0.299	0.320	0.297	0.305	0.293	0.280	0.301	0.298	2.003	0.581	0.278	0.194	1.000	-177642.095
174	8	10000	9267	0.5136	0.330	0.312	0.298	0.298	0.297	0.304	0.303	0.283	0.313	0.289	0.307	0.287	0.291	0.297	2.009	0.613	0.303	0.196	1.227	-178496.549
175	8	10000	9227	0.5134	0.288	0.309	0.306	0.304	0.282	0.309	0.300	0.317	0.298	0.293	0.304	0.285	0.298	0.300	1.989	0.622	0.315	0.200	1.724	-178471.444
176	8	10000	9272	0.5162	0.309	0.303	0.285	0.303	0.302	0.299	0.293	0.306	0.293	0.297	0.300	0.299	0.298	0.291	1.987	0.583	0.294	0.195	1.000	-178244.727
177	8	10000	9305	0.5139	0.295	0.307	0.303	0.303	0.305	0.301	0.311	0.340	0.301	0.300	0.288	0.309	0.302	0.311	1.995	0.601	0.314	0.202	1.060	-180174.658
178	8	10000	9297	0.5130	0.284	0.311	0.301	0.310	0.297	0.297	0.291	0.323	0.297	0.313	0.308	0.288	0.301	0.300	2.015	0.609	0.311	0.196	1.161	-178801.257
179	8	10000	9311	0.5143	0.260	0.308	0.296	0.293	0.294	0.304	0.296	0.327	0.298	0.307	0.309	0.301	0.294	0.303	2.019	0.618	0.285	0.204	1.172	-178430.696
180	8	10000	9270	0.5130	0.284	0.302	0.295	0.305	0.298	0.312	0.301	0.300	0.304	0.296	0.296	0.299	0.301	0.294	1.946	0.585	0.299	0.194	1.000	-178503.677
181	8	10000	9260	0.5183	0.298	0.301	0.304	0.302	0.291	0.302	0.287	0.289	0.305	0.298	0.301	0.296	0.300	0.310	2.053	0.603	0.291	0.205	1.146	-178544.275
182	8	10000	9263	0.5122	0.298	0.302	0.297	0.296	0.302	0.306	0.299	0.297	0.297	0.290	0.300	0.312	0.298	0.301	1.977	0.594	0.302	0.189	1.302	-178313.442
183	8	10000	9292	0.5114	0.279	0.301	0.292	0.310	0.296	0.313	0.304	0.329	0.307	0.293	0.302	0.290	0.295	0.302	1.984	0.595	0.308	0.200	1.006	-179069.524
184	8	10000	9200	0.5125	0.326	0.299	0.301	0.310	0.283	0.294	0.304	0.268	0.288	0.290	0.289	0.291	0.302	0.293	2.007	0.599	0.312	0.205	1.000	-177798.627
185	8	10000	9265	0.5133	0.297	0.294	0.292	0.289	0.291	0.307	0.301	0.304	0.294	0.293	0.300	0.313	0.306	0.288	1.997	0.598	0.299	0.196	1.000	-177932.542
186	8	10000	9244	0.5142	0.306	0.291	0.307	0.304	0.295	0.295	0.298	0.306	0.305	0.297	0.306	0.292	0.288	0.306	1.998	0.616	0.313	0.202	1.000	-178614.773
187	8	10000	9291	0.5112	0.272	0.299	0.306	0.296	0.295	0.297	0.306	0.325	0.298	0.293	0.294	0.302	0.301	0.309	2.014	0.639	0.305	0.201	1.422	-178113.343
188	8	10000	9256	0.5158	0.321	0.307	0.320	0.293	0.283	0.306	0.295	0.278	0.289	0.298	0.286	0.313	0.312	0.303	2.028	0.589	0.293	0.196	1.185	-178710.391
189	8	10000	9296	0.5153	0.264	0.306	0.294	0.296	0.296	0.297	0.301	0.322	0.301	0.312	0.288	0.297	0.295	0.296	1.957	0.601	0.306	0.202	1.000	-178375.082
190	8	10000	9297	0.5158	0.319	0.292	0.304	0.288	0.302	0.296	0.287	0.275	0.310	0.295	0.302	0.301	0.289	0.301	2.024	0.604	0.302	0.198	1.000	-177829.121
191	8	10000	9233	0.5132	0.272	0.294	0.306	0.297	0.301	0.313	0.312	0.310	0.300	0.295	0.297	0.302	0.301	0.289	2.054	0.605	0.307	0.198	1.000	-178318.953
192	8	10000	9293	0.5144	0.323	0.313	0.296	0.296	0.309	0.308	0.304	0.301	0.283	0.291	0.305	0.298	0.300	0.295	1.961	0.603	0.297	0.190	1.092	-178479.734
193	8	10000	9293	0.5144	0.284	0.294	0.303	0.300	0.302	0.301	0.305	0.319	0.285	0.298	0.287	0.307	0.303	0.293	2.029	0.629	0.299	0.198	1.579	-177753.131
194	8	10000	9234	0.5110	0.269	0.287	0.296	0.294	0.290	0.299	0.297	0.350	0.290	0.293	0.308	0.311	0.289	0.303	1.951	0.611	0.287	0.201	1.000	-177994.729
195	8	10000	9255	0.5141	0.272	0.301	0.295	0.299	0.315	0.294	0.286	0.308	0.300	0.309	0.304	0.303	0.284	0.297	1.952	0.606	0.291	0.199	1.000	-178004.322
196	8	10000	9267	0.5132	0.283	0.303	0.301	0.299	0.295	0.300	0.288	0.312	0.300	0.304	0.301	0.302	0.293	0.298	2.004	0.597	0.299	0.198	1.000	-178142.623
197	8	10000	9258	0.5125	0.275	0.299	0.300	0.299	0.293	0.295	0.294	0.314	0.294	0.301	0.310	0.315	0.301	0.301	1.986	0.609	0.291	0.199	1.000	-178506.836
198	8	10000	9304	0.5134	0.285	0.314	0.299	0.297	0.287	0.291	0.322	0.314	0.307	0.302	0.292	0.319	0.293	0.289	2.008	0.610	0.296	0.204	1.107	-178797.562
199	8	10000	9301	0.5159	0.301	0.298	0.301	0.312	0.287	0.313	0.291	0.309	0.304	0.297	0.298	0.295	0.299	0.296	2.041	0.608	0.309	0.202	1.200	-178820.585
200	8	10000	9254	0.5147	0.308	0.301	0.294	0.311	0.301	0.302	0.291	0.302	0.299	0.310	0.299	0.295	0.291	0.297	1.991	0.606	0.294	0.197	1.000	-178259.422
201	8	10000	9255	0.5144	0.342	0.295	0.289	0.299	0.284	0.296	0.297	0.247	0.301	0.306	0.294	0.282	0.299	0.294	2.011	0.604	0.283	0.207	1.078	-177311.176
202	8	10000	9214	0.5138	0.275	0.291	0.285	0.306	0.306	0.299	0.294	0.312	0.283	0.302	0.286	0.300	0.306	0.297	1.988	0.595	0.302	0.198	1.136	-177492.297
203	8	10000	9283	0.5131	0.263	0.301	0.302	0.299	0.316	0.302	0.299	0.336	0.312	0.302	0.303	0.305	0.299	0.313	1.962	0.618	0.318	0.208	1.376	-179935.743
204	8	10000	9301	0.5134	0.332	0.299	0.321	0.312	0.285	0.292	0.298	0.278	0.285	0.294	0.304	0.314	0.300	0.288	1.992	0.638	0.325	0.205	1.959	-178960.877
205	8	10000	9248	0.5122	0.257	0.297	0.296	0.297	0.301	0.299	0.301	0.327	0.289	0.304	0.305	0.313	0.300	0.300	2.010	0.602	0.297	0.203	1.000	-178294.643
206	8	10000	9237	0.5144	0.279	0.309	0.298	0.307	0.291	0.288	0.298	0.310	0.293	0.305	0.299	0.292	0.306	0.286	2.032	0.604	0.294	0.202	1.000	-177789.681
207	8	10000	9248	0.5099	0.354	0.292	0.301	0.301	0.288	0.307	0.303	0.277	0.309	0.301	0.293	0.293	0.304	0.296	1.986	0.657	0.324	0.206	2.496	-178625.002
208	8	10000	9272	0.5095	0.329	0.296	0.302	0.297	0.285	0.311	0.312	0.281	0.307	0.305	0.303	0.288	0.300	0.282	2.000	0.594	0.306	0.198	1.000	-178638.182
209	8	10000	9250	0.5148	0.321	0.298	0.285	0.298	0.306	0.288	0.292	0.286	0.299	0.295	0.291	0.307	0.310	0.289	1.996	0.596	0.306	0.196	1.087	-178014.671
210	8	10000	9316	0.5161	0.322	0.304	0.310	0.293	0.306	0.297	0.303	0.275	0.290	0.301	0.290	0.298	0.307	0.309	2.010	0.624	0.301	0.211	1.000	-179075.344
211	8	10000	9271	0.5153	0.299	0.305	0.292	0.309	0.307	0.293	0.311	0.305	0.287	0.311	0.292	0.310	0.297	0.291	2.029	0.591	0.294	0.205	1.000	-178960.430
212	8	10000	9232	0.5157	0.322	0.293	0.302	0.297	0.291	0.309	0.287	0.260	0.297	0.309	0.299	0.297	0.283	0.298	1.982	0.594	0.293	0.196	1.000	-177575.179
213	8	10000	9280	0.5125	0.337	0.306	0.296	0.304	0.296	0.292	0.302	0.287	0.294	0.294	0.309	0.308	0.300	0.290	1.972	0.622	0.298	0.203	1.000	-178494.365
214	8	10000	9259	0.5132	0.365	0.303	0.307	0.299	0.285	0.304	0.286	0.240	0.296	0.301	0.300	0.298	0.298	0.301	2.015	0.605	0.302	0.201	1.000	-178177.334
215	8	10000	9310	0.5143	0.258	0.294	0.303	0.304	0.300	0.304	0.301	0.357	0.302	0.307	0.297	0.282	0.298	0.297	1.996	0.625	0.314	0.208	1.267	-179172.181
216	8	10000	9265	0.5117	0.274	0.300	0.308	0.294	0.304	0.306	0.306	0.333	0.290	0.301	0.302	0.287	0.303	0.300	2.018	0.621	0.297	0.204	1.000	-178578.096
217	8	10000	9273	0.5106	0.298	0.311	0.300	0.306	0.297	0.298	0.290	0.302	0.304	0.297	0.304	0.304	0.296	0.311	1.991	0.583	0.306	0.199	1.040	-179287.534
218	8	10000	9224	0.5128	0.324	0.310	0.296	0.298	0.293	0.317	0.296	0.298	0.292	0.288	0.288	0.299	0.298	0.297	2.018	0.611	0.302	0.200	1.113	-178098.002
219	8	10000	9281	0.5126	0.269	0.300	0.319	0.296	0.291	0.288	0.298	0.313	0.295	0.311	0.298	0.300	0.298	0.302	2.010	0.609	0.296	0.207	1.000	-178534.607
220	8	10000	9291	0.5142	0.311	0.308	0.302	0.304	0.284	0.296	0.301	0.323	0.298	0.300	0.303	0.284	0.297	0.318	2.010	0.609	0.308	0.202	1.000	-179154.831
221	8	10000	9274	0.5168	0.300	0.305	0.289	0.294	0.309	0.294	0.315	0.295	0.305	0.304	0.295	0.308	0.302	0.289	1.980	0.610	0.307	0.199	1.423	-178787.706
222	8	10000	9278	0.5152	0.321	0.295	0.306	0.302	0.277	0.305	0.297	0.254	0.303	0.296	0.297	0.291	0.304	0.298	2.023	0.612	0.309	0.205	1.164	-178085.928
223	8	10000	9294	0.5144	0.319	0.302	0.316	0.282	0.305	0.292	0.303	0.281	0.297	0.307	0.289	0.309	0.305	0.292	2.018	0.580	0.310	0.195	1.000	-178772.687
224	8	10000	9270	0.5120	0.287	0.291	0.299	0.296	0.312	0.301	0.294	0.335	0.292	0.289	0.300	0.303	0.293	0.296	2.024	0.589	0.292	0.200	1.000	-178202.452
225	8	10000	9274	0.5148	0.286	0.285	0.287	0.305	0.306	0.305	0.292	0.317	0.287	0.309	0.305	0.312	0.303	0.294	1.985	0.623	0.300	0.205	1.000	-178600.024
226	8	10000	9262	0.5149	0.000	0.309	0.301	0.293	0.296	0.299	0.287	0.629	0.300	0.304	0.299	0.298	0.305	0.287	2.057	0.661	0.323	0.205	3.013	-178157.748
227	8	10000	9264	0.5104	0.293	0.292	0.309	0.303	0.305	0.307	0.302	0.325	0.301	0.308	0.306	0.307	0.301	0.291	2.007	0.645	0.314	0.204	1.756	-179139.187
228	8	10000	9251	0.5160	0.270	0.314	0.294	0.293	0.306	0.303	0.294	0.312	0.296	0.308	0.298	0.310	0.295	0.312	2.001	0.594	0.292	0.197	1.000	-178458.520
229	8	10000	9311	0.5142	0.312	0.289	0.304	0.299	0.299	0.309	0.308	0.291	0.294	0.301	0.305	0.299	0.292	0.308	1.999	0.605	0.306	0.198	1.000	-178980.400
230	8	10000	9271	0.5141	0.327	0.307	0.297	0.301	0.290	0.307	0.297	0.279	0.308	0.296	0.298	0.297	0.303	0.306	1.992	0.587	0.294	0.195	1.000	-178748.002
231	8	10000	9246	0.5129	0.267	0.305	0.295	0.300	0.289	0.297	0.298	0.313	0.294	0.299	0.307	0.307	0.289	0.312	2.079	0.623	0.304	0.201	1.187	-177713.752
232	8	10000	9225	0.5157	0.280	0.294	0.303	0.296	0.286	0.307	0.299	0.330	0.302	0.291	0.304	0.300	0.294	0.295	2.059	0.620	0.312	0.192	1.786	-177565.562
233	8	10000	9301	0.5141	0.276	0.295	0.295	0.309	0.306	0.311	0.299	0.331	0.313	0.294	0.309	0.296	0.292	0.298	2.008	0.593	0.297	0.199	1.000	-178952.475
234	8	10000	9265	0.5109	0.252	0.284	0.298	0.295	0.302	0.311	0.292	0.345	0.304	0.309	0.295	0.309	0.289	0.299	1.944	0.620	0.326	0.204	1.194	-178681.674
235	8	10000	9304	0.5090	0.288	0.301	0.305	0.294	0.298	0.302	0.302	0.317	0.303	0.294	0.293	0.296	0.309	0.292	1.993	0.601	0.300	0.200	1.000	-178556.991
236	8	10000	9285	0.5116	0.343	0.297	0.293	0.300	0.304	0.304	0.303	0.277	0.308	0.290	0.316	0.304	0.311	0.304	1.989	0.593	0.305	0.196	1.000	-179622.118
237	8	10000	9277	0.5113	0.348	0.294	0.297	0.301	0.312	0.289	0.305	0.255	0.303	0.303	0.293	0.293	0.294	0.310	2.023	0.634	0.307	0.202	1.834	-178241.925
238	8	10000	9314	0.5139	0.305	0.294	0.289	0.311	0.311	0.305	0.316	0.290	0.303	0.305	0.303	0.301	0.304	0.312	2.024	0.632	0.301	0.202	1.534	-179347.908
239	8	10000	9302	0.5127	0.281	0.295	0.293	0.307	0.300	0.297	0.304	0.329	0.293	0.298	0.289	0.317	0.305	0.303	2.022	0.594	0.290	0.197	1.000	-178604.483
240	8	10000	9266	0.5114	0.312	0.296	0.304	0.302	0.299	0.310	0.286	0.280	0.301	0.298	0.312	0.293	0.292	0.301	1.991	0.609	0.303	0.198	1.000	-178402.765
241	8	10000	9251	0.5096	0.007	0.301	0.301	0.297	0.302	0.308	0.298	0.574	0.295	0.296	0.292	0.296	0.293	0.311	2.028	0.619	0.307	0.205	1.359	-178399.467
242	8	10000	9274	0.5138	0.315	0.297	0.306	0.294	0.315	0.292	0.307	0.280	0.302	0.299	0.283	0.302	0.291	0.293	2.009	0.623	0.304	0.199	1.342	-177741.955
243	8	10000	9284	0.5154	0.266	0.303	0.292	0.305	0.308	0.291	0.306	0.353	0.312	0.283	0.303	0.295	0.296	0.301	2.005	0.604	0.305	0.199	1.164	-178620.006
244	8	10000	9240	0.5155	0.348	0.296	0.292	0.295	0.304	0.310	0.295	0.256	0.299	0.299	0.311	0.307	0.297	0.309	1.983	0.611	0.302	0.205	1.000	-179125.636
245	8	10000	9281	0.5116	0.292	0.285	0.294	0.299	0.313	0.307	0.298	0.285	0.300	0.306	0.302	0.296	0.301	0.298	1.964	0.613	0.301	0.198	1.439	-178303.376
246	8	10000	9271	0.5128	0.302	0.299	0.298	0.305	0.302	0.300	0.303	0.292	0.295	0.298	0.308	0.294	0.285	0.306	2.035	0.580	0.300	0.206	1.193	-178706.289
247	8	10000	9231	0.5133	0.293	0.296	0.313	0.285	0.305	0.292	0.306	0.308	0.303	0.291	0.304	0.291	0.304	0.310	1.975	0.624	0.309	0.200	1.511	-178488.836
248	8	10000	9307	0.5186	0.335	0.312	0.307	0.298	0.283	0.313	0.300	0.288	0.299	0.300	0.300	0.289	0.308	0.284	1.998	0.599	0.306	0.200	1.000	-178954.810
249	8	10000	9288	0.5131	0.337	0.276	0.299	0.309	0.306	0.303	0.296	0.273	0.296	0.299	0.293	0.298	0.309	0.292	2.003	0.590	0.297	0.198	1.000	-178594.387
250	8	10000	9217	0.5148	0.280	0.307	0.290	0.306	0.301	0.293	0.299	0.321	0.296	0.292	0.297	0.289	0.287	0.308	1.966	0.630	0.307	0.201	1.167	-177880.143
251	8	10000	9264	0.5112	0.291	0.309	0.301	0.293	0.283	0.296	0.294	0.305	0.305	0.302	0.293	0.297	0.286	0.298	2.014	0.637	0.293	0.203	1.276	-177341.187
252	8	10000	9276	0.5153	0.320	0.297	0.296	0.298	0.295	0.299	0.314	0.286	0.298	0.303	0.300	0.302	0.302	0.287	1.981	0.614	0.298	0.204	1.313	-178561.254
253	8	10000	9266	0.5168	0.303	0.306	0.296	0.311	0.294	0.298	0.304	0.337	0.308	0.300	0.292	0.290	0.299	0.294	2.029	0.655	0.322	0.200	2.723	-178447.472
254	8	10000	9234	0.5136	0.315	0.292	0.299	0.296	0.282	0.294	0.285	0.293	0.298	0.297	0.308	0.299	0.300	0.298	1.985	0.617	0.304	0.199	1.000	-177467.284
255	8	10000	9268	0.5155	0.241	0.290	0.294	0.297	0.317	0.305	0.298	0.335	0.296	0.307	0.289	0.309	0.308	0.293	1.970	0.575	0.290	0.201	1.000	-178740.948
256	8	10000	9279	0.5092	0.307	0.303	0.287	0.292	0.299	0.304	0.295	0.287	0.300	0.294	0.300	0.297	0.296	0.292	2.022	0.597	0.284	0.202	1.000	-177338.799
257	8	10000	9265	0.5118	0.328	0.307	0.303	0.301	0.299	0.309	0.300	0.282	0.295	0.322	0.294	0.299	0.299	0.305	1.995	0.625	0.314	0.208	1.475	-179699.613
258	8	10000	9268	0.5128	0.314	0.303	0.298	0.300	0.295	0.300	0.308	0.301	0.271	0.310	0.300	0.316	0.301	0.285	2.004	0.654	0.315	0.204	2.068	-178208.399
259	8	10000	9300	0.5180	0.328	0.312	0.302	0.286	0.301	0.307	0.308	0.293	0.317	0.305	0.293	0.295	0.291	0.306	2.000	0.620	0.322	0.203	1.189	-179539.200
260	8	10000	9302	0.5135	0.280	0.290	0.306	0.298	0.311	0.296	0.298	0.353	0.300	0.307	0.312	0.296	0.298	0.314	1.984	0.606	0.318	0.200	1.000	-179746.234
261	8	10000	9343	0.5113	0.311	0.316	0.303	0.319	0.312	0.302	0.290	0.294	0.282	0.307	0.311	0.305	0.309	0.314	2.046	0.627	0.295	0.200	1.000	-179656.584
262	8	10000	9303	0.5127	0.307	0.310	0.294	0.312	0.303	0.309	0.299	0.297	0.314	0.313	0.301	0.303	0.305	0.289	2.042	0.614	0.305	0.201	1.548	-179472.722
263	8	10000	9269	0.5166	0.300	0.296	0.296	0.310	0.298	0.295	0.302	0.307	0.293	0.297	0.299	0.291	0.307	0.294	2.027	0.593	0.296	0.199	1.000	-178285.008
264	8	10000	9296	0.5140	0.286	0.301	0.304	0.295	0.300	0.315	0.299	0.307	0.295	0.297	0.287	0.298	0.313	0.299	2.001	0.610	0.306	0.203	1.000	-178894.556
265	8	10000	9243	0.5124	0.322	0.291	0.305	0.303	0.303	0.302	0.300	0.260	0.301	0.300	0.291	0.291	0.308	0.287	2.015	0.596	0.310	0.198	1.521	-178152.359
266	8	10000	9308	0.5043	0.282	0.290	0.301	0.310	0.304	0.293	0.290	0.319	0.300	0.298	0.308	0.297	0.310	0.291	2.000	0.600	0.290	0.202	1.000	-178547.043
267	8	10000	9329	0.5129	0.298	0.283	0.297	0.310	0.296	0.287	0.300	0.299	0.307	0.313	0.306	0.311	0.297	0.307	2.018	0.579	0.279	0.192	1.000	-178526.888
268	8	10000	9239	0.5118	0.334	0.307	0.296	0.305	0.299	0.304	0.309	0.261	0.298	0.319	0.299	0.297	0.296	0.303	2.007	0.595	0.293	0.196	1.090	-178658.802
269	8	10000	9261	0.5134	0.579	0.309	0.303	0.298	0.306	0.307	0.295	0.000	0.300	0.291	0.300	0.304	0.297	0.304	2.004	0.613	0.311	0.200	1.069	-178286.836
270	8	10000	9256	0.5123	0.317	0.297	0.292	0.296	0.308	0.300	0.298	0.288	0.290	0.303	0.297	0.312	0.309	0.305	2.050	0.579	0.286	0.200	1.000	-178773.695
271	8	10000	9203	0.5112	0.274	0.312	0.297	0.289	0.298	0.291	0.296	0.305	0.291	0.298	0.296	0.290	0.299	0.297	1.983	0.595	0.280	0.198	1.000	-177142.538
272	8	10000	9243	0.5101	0.335	0.290	0.300	0.295	0.288	0.293	0.311	0.294	0.294	0.302	0.305	0.298	0.292	0.304	2.000	0.604	0.315	0.197	1.000	-178526.263
273	8	10000	9269	0.5127	0.310	0.297	0.302	0.296	0.306	0.313	0.292	0.305	0.287	0.308	0.289	0.301	0.292	0.294	2.000	0.597	0.308	0.202	1.000	-178578.127
274	8	10000	9298	0.5107	0.323	0.296	0.299	0.308	0.294	0.305	0.302	0.290	0.300	0.297	0.302	0.305	0.313	0.301	1.979	0.636	0.293	0.211	1.000	-179166.415
275	8	10000	9313	0.5143	0.260	0.308	0.314	0.309	0.297	0.318	0.300	0.337	0.292	0.289	0.301	0.301	0.310	0.306	1.981	0.601	0.289	0.196	1.168	-179486.397
276	8	10000	9253	0.5158	0.280	0.302	0.300	0.296	0.305	0.289	0.295	0.321	0.295	0.298	0.300	0.297	0.295	0.303	1.965	0.617	0.306	0.200	1.000	-178022.734
277	8	10000	9277	0.5106	0.279	0.296	0.307	0.308	0.295	0.299	0.292	0.335	0.304	0.308	0.303	0.298	0.306	0.285	2.036	0.601	0.295	0.203	1.044	-178677.240
278	8	10000	9264	0.5135	0.317	0.295	0.300	0.299	0.297	0.302	0.296	0.264	0.308	0.299	0.303	0.291	0.301	0.313	1.979	0.583	0.289	0.205	1.000	-178969.291
279	8	10000	9271	0.5119	0.322	0.310	0.299	0.304	0.289	0.304	0.295	0.286	0.303	0.298	0.319	0.292	0.298	0.312	1.973	0.608	0.306	0.195	1.345	-178998.444
280	8	10000	9323	0.5152	0.319	0.308	0.315	0.304	0.308	0.298	0.301	0.295	0.299	0.302	0.301	0.298	0.313	0.295	2.008	0.603	0.303	0.207	1.000	-179864.839
281	8	10000	9292	0.5100	0.255	0.312	0.302	0.297	0.310	0.305	0.292	0.331	0.307	0.314	0.299	0.308	0.305	0.304	1.952	0.592	0.305	0.200	1.000	-179736.102
282	8	10000	9274	0.5138	0.308	0.297	0.313	0.290	0.303	0.290	0.297	0.278	0.307	0.304	0.302	0.302	0.298	0.295	2.006	0.584	0.296	0.199	1.256	-178354.480
283	8	10000	9253	0.5162	0.291	0.299	0.299	0.296	0.296	0.282	0.307	0.299	0.296	0.296	0.310	0.301	0.292	0.311	2.014	0.589	0.291	0.206	1.144	-178550.508
284	8	10000	9272	0.5127	0.291	0.291	0.308	0.287	0.293	0.294	0.310	0.292	0.309	0.295	0.311	0.307	0.302	0.303	2.011	0.576	0.281	0.198	1.000	-178426.467
285	8	10000	9237	0.5122	0.277	0.283	0.314	0.291	0.305	0.282	0.306	0.326	0.310	0.286	0.302	0.298	0.295	0.297	2.013	0.603	0.308	0.196	1.148	-177708.411
286	8	10000	9273	0.5158	0.249	0.314	0.315	0.297	0.310	0.314	0.298	0.344	0.305	0.308	0.304	0.306	0.303	0.308	1.981	0.595	0.307	0.200	1.043	-180216.219
287	8	10000	9294	0.5181	0.288	0.295	0.299	0.295	0.304	0.308	0.315	0.298	0.301	0.292	0.297	0.295	0.303	0.293	1.992	0.602	0.301	0.202	1.000	-178512.049
288	8	10000	9330	0.5112	0.294	0.317	0.302	0.298	0.301	0.305	0.312	0.295	0.301	0.288	0.309	0.298	0.296	0.304	1.994	0.622	0.292	0.201	1.164	-178652.288
289	8	10000	9282	0.5163	0.324	0.296	0.307	0.287	0.304	0.313	0.294	0.272	0.293	0.303	0.308	0.311	0.304	0.309	2.002	0.610	0.318	0.200	1.379	-179510.812
290	8	10000	9240	0.5098	0.287	0.295	0.296	0.298	0.308	0.290	0.305	0.314	0.292	0.299	0.297	0.299	0.297	0.297	2.043	0.592	0.300	0.196	1.000	-177657.867
291	8	10000	9209	0.5115	0.273	0.314	0.296	0.301	0.299	0.296	0.283	0.325	0.299	0.304	0.292	0.298	0.298	0.289	2.007	0.593	0.292	0.196	1.045	-177600.936
292	8	10000	9287	0.5127	0.326	0.291	0.300	0.300	0.310	0.307	0.305	0.311	0.294	0.301	0.293	0.307	0.311	0.297	1.983	0.637	0.320	0.207	1.569	-179591.035
293	8	10000	9267	0.5134	0.324	0.304	0.297	0.311	0.305	0.305	0.299	0.263	0.294	0.313	0.301	0.302	0.294	0.299	2.006	0.593	0.315	0.200	1.198	-179188.380
294	8	10000	9322	0.5136	0.314	0.291	0.303	0.297	0.305	0.301	0.304	0.338	0.304	0.304	0.299	0.282	0.301	0.303	1.981	0.658	0.329	0.210	5.641	-179376.407
295	8	10000	9239	0.5081	0.006	0.294	0.291	0.301	0.302	0.303	0.300	0.603	0.287	0.301	0.308	0.301	0.297	0.303	1.973	0.608	0.307	0.200	1.000	-178476.410
296	8	10000	9246	0.5120	0.299	0.288	0.301	0.303	0.300	0.298	0.309	0.309	0.285	0.299	0.305	0.292	0.300	0.300	1.984	0.645	0.325	0.199	1.730	-178282.840
297	8	10000	9281	0.5201	0.304	0.295	0.295	0.300	0.303	0.309	0.294	0.282	0.307	0.305	0.300	0.306	0.290	0.292	2.027	0.598	0.298	0.200	1.138	-178658.264
298	8	10000	9262	0.5138	0.300	0.295	0.300	0.306	0.326	0.309	0.291	0.292	0.318	0.291	0.313	0.295	0.309	0.292	2.021	0.567	0.290	0.196	1.054	-179219.957
299	8	10000	9346	0.5171	0.328	0.289	0.295	0.306	0.290	0.302	0.299	0.305	0.300	0.313	0.308	0.303	0.302	0.320	2.008	0.641	0.309	0.207	1.391	-179738.627
300	8	10000	9253	0.5133	0.317	0.306	0.296	0.290	0.294	0.291	0.296	0.281	0.301	0.300	0.303	0.307	0.294	0.315	1.999	0.569	0.287	0.196	1.000	-178281.382
301	8	10000	9282	0.5124	0.257	0.319	0.288	0.314	0.297	0.303	0.293	0.347	0.299	0.275	0.317	0.310	0.303	0.297	1.981	0.624	0.298	0.205	1.000	-178761.328
302	8	10000	9203	0.5167	0.265	0.303	0.302	0.285	0.295	0.295	0.297	0.313	0.302	0.296	0.306	0.305	0.296	0.296	1.990	0.603	0.319	0.193	1.000	-177867.576
303	8	10000	9242	0.5110	0.292	0.297	0.290	0.303	0.294	0.303	0.309	0.295	0.302	0.299	0.286	0.306	0.294	0.312	1.993	0.595	0.305	0.197	1.000	-178338.391
304	8	10000	9301	0.5165	0.492	0.302	0.298	0.297	0.326	0.295	0.293	0.105	0.299	0.299	0.304	0.300	0.294	0.294	2.043	0.622	0.299	0.198	1.000	-177958.382
305	8	10000	9240	0.5149	0.299	0.301	0.303	0.308	0.301	0.291	0.297	0.300	0.295	0.303	0.294	0.300	0.298	0.301	2.032	0.601	0.307	0.198	1.194	-178376.492
306	8	10000	9299	0.5129	0.278	0.300	0.298	0.312	0.301	0.317	0.298	0.335	0.297	0.293	0.304	0.312	0.312	0.305	1.980	0.614	0.317	0.203	1.000	-179779.740
307	8	10000	9310	0.5164	0.326	0.301	0.293	0.323	0.321	0.300	0.303	0.267	0.285	0.307	0.302	0.313	0.299	0.301	2.000	0.609	0.295	0.207	1.159	-179667.050
308	8	10000	9291	0.5141	0.319	0.312	0.291	0.306	0.302	0.311	0.301	0.268	0.300	0.298	0.307	0.308	0.299	0.305	2.004	0.619	0.308	0.201	1.562	-179301.360
309	8	10000	9282	0.5169	0.000	0.288	0.312	0.297	0.282	0.309	0.298	0.653	0.307	0.292	0.302	0.289	0.303	0.317	2.019	0.680	0.315	0.207	18.346	-178349.475
310	8	10000	9286	0.5123	0.000	0.305	0.292	0.297	0.298	0.289	0.314	0.675	0.302	0.308	0.302	0.294	0.288	0.301	2.004	0.673	0.324	0.209	24.201	-178779.675
311	8	10000	9256	0.5127	0.285	0.313	0.294	0.309	0.283	0.295	0.301	0.323	0.305	0.299	0.300	0.284	0.287	0.308	1.984	0.603	0.309	0.201	1.078	-178611.340
312	8	10000	9250	0.5121	0.319	0.295	0.304	0.301	0.299	0.308	0.302	0.299	0.298	0.323	0.297	0.293	0.316	0.296	2.019	0.613	0.325	0.200	1.437	-179834.365
313	8	10000	9231	0.5139	0.292	0.290	0.286	0.311	0.320	0.302	0.293	0.289	0.289	0.289	0.299	0.296	0.288	0.295	1.987	0.612	0.319	0.197	1.552	-177812.172
314	8	10000	9252	0.5151	0.290	0.307	0.300	0.304	0.294	0.307	0.290	0.320	0.288	0.295	0.301	0.307	0.302	0.294	2.040	0.600	0.303	0.196	1.000	-178436.495
315	8	10000	9261	0.5106	0.317	0.295	0.293	0.309	0.296	0.295	0.293	0.283	0.291	0.311	0.309	0.304	0.295	0.291	2.021	0.592	0.297	0.198	1.000	-178265.845
316	8	10000	9285	0.5115	0.296	0.323	0.293	0.303	0.296	0.301	0.308	0.321	0.308	0.300	0.298	0.292	0.300	0.296	2.003	0.610	0.292	0.202	1.012	-178832.308
317	8	10000	9264	0.5127	0.322	0.306	0.295	0.303	0.295	0.302	0.304	0.273	0.303	0.298	0.300	0.307	0.307	0.285	2.016	0.591	0.299	0.201	1.000	-178920.738
318	8	10000	9260	0.5169	0.301	0.314	0.298	0.291	0.286	0.301	0.298	0.295	0.281	0.287	0.293	0.302	0.295	0.295	1.989	0.606	0.313	0.198	1.387	-177724.001
319	8	10000	9293	0.5149	0.310	0.308	0.293	0.294	0.294	0.289	0.292	0.304	0.312	0.292	0.304	0.292	0.306	0.302	2.004	0.615	0.291	0.203	1.000	-178219.673
320	8	10000	9286	0.5112	0.334	0.285	0.308	0.311	0.321	0.298	0.295	0.270	0.298	0.292	0.307	0.297	0.293	0.298	1.993	0.601	0.305	0.206	1.082	-179147.796
321	8	10000	9241	0.5146	0.323	0.300	0.302	0.302	0.304	0.300	0.299	0.286	0.301	0.303	0.299	0.306	0.308	0.288	1.981	0.639	0.304	0.195	1.264	-178205.157
322	8	10000	9224	0.5113	0.282	0.290	0.294	0.292	0.315	0.301	0.310	0.296	0.304	0.319	0.302	0.297	0.309	0.282	1.986	0.576	0.294	0.198	1.042	-178550.062
323	8	10000	9277	0.5146	0.297	0.319	0.293	0.299	0.293	0.312	0.292	0.309	0.294	0.310	0.301	0.302	0.303	0.295	2.035	0.601	0.298	0.201	1.141	-178958.769
324	8	10000	9283	0.5137	0.005	0.292	0.301	0.309	0.288	0.298	0.308	0.619	0.308	0.304	0.298	0.287	0.297	0.302	1.984	0.614	0.297	0.205	1.000	-178783.419
325	8	10000	9308	0.5109	0.286	0.303	0.302	0.301	0.309	0.292	0.293	0.316	0.297	0.303	0.292	0.313	0.306	0.299	1.994	0.594	0.288	0.203	1.000	-178788.360
326	8	10000	9297	0.5178	0.281	0.310	0.307	0.293	0.300	0.309	0.301	0.319	0.295	0.290	0.303	0.306	0.307	0.295	1.992	0.614	0.314	0.202	1.177	-179267.835
327	8	10000	9239	0.5153	0.295	0.300	0.291	0.300	0.288	0.301	0.308	0.315	0.307	0.302	0.292	0.295	0.305	0.292	1.990	0.623	0.305	0.204	1.126	-178507.588
328	8	10000	9231	0.5123	0.211	0.300	0.299	0.297	0.306	0.302	0.298	0.380	0.295	0.305	0.298	0.285	0.293	0.293	1.975	0.615	0.295	0.203	1.000	-177865.123
329	8	10000	9261	0.5117	0.407	0.289	0.297	0.299	0.303	0.302	0.313	0.201	0.293	0.298	0.304	0.284	0.290	0.297	2.004	0.597	0.294	0.202	1.000	-178099.114
330	8	10000	9297	0.5149	0.309	0.309	0.295	0.305	0.290	0.306	0.296	0.285	0.290	0.299	0.294	0.301	0.299	0.297	2.038	0.615	0.297	0.206	1.102	-178042.593
331	8	10000	9286	0.5197	0.272	0.314	0.286	0.297	0.304	0.293	0.304	0.324	0.294	0.296	0.309	0.301	0.305	0.299	2.013	0.586	0.290	0.200	1.000	-178733.004
332	8	10000	9315	0.5106	0.279	0.309	0.294	0.307	0.297	0.309	0.294	0.364	0.311	0.308	0.313	0.296	0.298	0.301	2.008	0.618	0.303	0.202	1.117	-179789.339
333	8	10000	9250	0.5135	0.323	0.297	0.298	0.294	0.285	0.297	0.294	0.279	0.307	0.298	0.296	0.277	0.292	0.296	1.971	0.619	0.304	0.202	1.000	-177478.638
334	8	10000	9231	0.5123	0.326	0.288	0.286	0.289	0.290	0.300	0.291	0.295	0.297	0.307	0.293	0.298	0.300	0.283	2.029	0.598	0.300	0.195	1.157	-177184.776
335	8	10000	9245	0.5158	0.310	0.287	0.285	0.313	0.310	0.296	0.309	0.302	0.291	0.303	0.295	0.307	0.314	0.301	2.034	0.597	0.301	0.193	1.051	-178623.949
336	8	10000	9252	0.5141	0.330	0.322	0.289	0.309	0.302	0.297	0.298	0.279	0.294	0.295	0.298	0.303	0.287	0.308	2.024	0.632	0.309	0.202	1.217	-178371.820
337	8	10000	9274	0.5103	0.261	0.286	0.281	0.305	0.309	0.304	0.298	0.326	0.295	0.293	0.313	0.296	0.287	0.314	2.007	0.604	0.294	0.201	1.212	-178161.815
338	8	10000	9307	0.5119	0.298	0.292	0.303	0.318	0.304	0.307	0.299	0.325	0.287	0.304	0.294	0.305	0.292	0.310	2.022	0.614	0.302	0.208	1.027	-179394.086
339	8	10000	9258	0.5148	0.274	0.295	0.309	0.296	0.286	0.308	0.300	0.323	0.299	0.298	0.308	0.308	0.302	0.298	2.021	0.590	0.315	0.197	1.224	-178926.075
340	8	10000	9289	0.5141	0.328	0.315	0.293	0.307	0.300	0.306	0.293	0.275	0.289	0.306	0.306	0.309	0.303	0.301	1.996	0.605	0.299	0.201	1.000	-179320.167
341	8	10000	9273	0.5133	0.307	0.299	0.295	0.304	0.331	0.303	0.294	0.291	0.299	0.289	0.293	0.309	0.300	0.303	1.999	0.603	0.307	0.192	1.123	-178428.700
342	8	10000	9245	0.5124	0.270	0.295	0.304	0.301	0.302	0.291	0.294	0.315	0.314	0.290	0.306	0.302	0.298	0.295	2.010	0.580	0.294	0.198	1.000	-178212.102
343	8	10000	9269	0.5160	0.290	0.299	0.288	0.303	0.287	0.314	0.297	0.312	0.298	0.308	0.296	0.305	0.312	0.302	2.007	0.608	0.309	0.201	1.000	-179038.640
344	8	10000	9270	0.5150	0.277	0.295	0.292	0.292	0.313	0.311	0.300	0.291	0.299	0.300	0.299	0.303	0.310	0.293	2.015	0.558	0.285	0.197	1.000	-178606.289
345	8	10000	9294	0.5153	0.314	0.298	0.306	0.293	0.299	0.302	0.301	0.286	0.278	0.302	0.286	0.298	0.318	0.300	2.010	0.616	0.290	0.204	1.233	-178401.654
346	8	10000	9225	0.5139	0.309	0.292	0.304	0.316	0.298	0.290	0.310	0.303	0.301	0.276	0.298	0.300	0.299	0.303	1.991	0.618	0.317	0.195	1.199	-178448.670
347	8	10000	9318	0.5166	0.280	0.308	0.295	0.302	0.294	0.308	0.297	0.311	0.311	0.292	0.297	0.303	0.304	0.318	1.981	0.571	0.281	0.203	1.000	-179520.211
348	8	10000	9265	0.5112	0.354	0.299	0.303	0.299	0.299	0.294	0.304	0.261	0.295	0.299	0.298	0.294	0.303	0.303	2.009	0.608	0.292	0.199	1.000	-178237.053
349	8	10000	9274	0.5131	0.287	0.301	0.303	0.304	0.313	0.297	0.305	0.335	0.293	0.306	0.304	0.302	0.295	0.293	2.033	0.644	0.319	0.203	1.000	-178888.116
350	8	10000	9295	0.5129	0.309	0.312	0.298	0.300	0.291	0.298	0.314	0.289	0.309	0.291	0.300	0.295	0.301	0.286	2.059	0.612	0.293	0.209	1.000	-178455.836
351	8	10000	9227	0.5115	0.331	0.290	0.297	0.296	0.298	0.299	0.294	0.253	0.304	0.293	0.308	0.298	0.298	0.300	2.018	0.595	0.308	0.195	1.203	-177703.576
352	8	10000	9251	0.5125	0.306	0.304	0.315	0.297	0.288	0.295	0.305	0.318	0.295	0.302	0.306	0.310	0.301	0.302	2.028	0.599	0.309	0.199	1.000	-179217.880
353	8	10000	9242	0.5121	0.327	0.292	0.294	0.294	0.302	0.300	0.308	0.276	0.291	0.287	0.289	0.304	0.301	0.294	2.022	0.627	0.315	0.199	1.609	-177669.212
354	8	10000	9313	0.5172	0.309	0.312	0.284	0.303	0.304	0.303	0.307	0.302	0.300	0.296	0.299	0.300	0.315	0.292	1.961	0.599	0.304	0.201	1.075	-179353.577
355	8	10000	9274	0.5108	0.273	0.307	0.304	0.300	0.279	0.309	0.297	0.332	0.302	0.310	0.304	0.300	0.304	0.315	2.002	0.597	0.306	0.199	1.000	-179195.886
356	8	10000	9257	0.5159	0.360	0.305	0.297	0.290	0.282	0.307	0.298	0.216	0.301	0.293	0.300	0.304	0.305	0.294	1.997	0.601	0.286	0.197	1.000	-177553.455
357	8	10000	9218	0.5153	0.325	0.296	0.301	0.295	0.298	0.306	0.291	0.265	0.301	0.305	0.301	0.297	0.309	0.286	1.980	0.592	0.296	0.195	1.000	-178159.999
358	8	10000	9252	0.5136	0.293	0.284	0.311	0.300	0.322	0.300	0.300	0.308	0.303	0.308	0.313	0.301	0.298	0.310	2.043	0.621	0.301	0.196	1.398	-179073.718
359	8	10000	9292	0.5115	0.261	0.298	0.294	0.302	0.298	0.292	0.305	0.338	0.305	0.305	0.310	0.278	0.312	0.298	1.946	0.583	0.299	0.195	1.075	-178704.942
360	8	10000	9268	0.5131	0.274	0.300	0.300	0.300	0.293	0.293	0.316	0.315	0.302	0.298	0.301	0.296	0.300	0.313	1.993	0.621	0.301	0.202	1.204	-178498.636
361	8	10000	9258	0.5139	0.281	0.297	0.309	0.295	0.310	0.288	0.298	0.303	0.294	0.303	0.293	0.304	0.291	0.302	2.000	0.583	0.294	0.195	1.131	-177859.645
362	8	10000	9266	0.5140	0.283	0.294	0.299	0.298	0.308	0.301	0.290	0.294	0.296	0.306	0.298	0.309	0.300	0.304	2.036	0.614	0.302	0.196	1.268	-177975.864
363	8	10000	9308	0.5115	0.342	0.292	0.316	0.297	0.305	0.301	0.293	0.257	0.312	0.293	0.308	0.315	0.294	0.311	2.003	0.583	0.296	0.194	1.132	-179015.614
364	8	10000	9250	0.5136	0.283	0.305	0.297	0.299	0.288	0.290	0.294	0.310	0.294	0.288	0.300	0.309	0.298	0.312	2.006	0.636	0.309	0.206	1.782	-177914.078
365	8	10000	9249	0.5163	0.299	0.291	0.291	0.310	0.289	0.292	0.301	0.286	0.283	0.309	0.295	0.300	0.304	0.294	2.004	0.589	0.295	0.198	1.068	-177938.466
366	8	10000	9314	0.5114	0.307	0.286	0.298	0.305	0.296	0.296	0.309	0.304	0.302	0.304	0.300	0.301	0.300	0.306	2.015	0.589	0.299	0.200	1.000	-178955.406
367	8	10000	9278	0.5112	0.290	0.305	0.300	0.294	0.298	0.288	0.292	0.319	0.291	0.299	0.308	0.301	0.295	0.310	2.026	0.639	0.299	0.201	1.213	-177892.211
368	8	10000	9291	0.5131	0.415	0.298	0.291	0.292	0.303	0.300	0.307	0.205	0.310	0.295	0.306	0.302	0.284	0.309	2.006	0.615	0.310	0.205	1.000	-178900.883
369	8	10000	9267	0.5158	0.324	0.294	0.297	0.300	0.301	0.305	0.309	0.306	0.305	0.298	0.297	0.303	0.308	0.309	2.018	0.636	0.322	0.202	1.595	-179305.323
370	8	10000	9254	0.5108	0.312	0.296	0.293	0.305	0.301	0.299	0.296	0.287	0.291	0.307	0.285	0.307	0.305	0.298	2.022	0.623	0.301	0.205	1.000	-177952.155
371	8	10000	9277	0.5127	0.326	0.289	0.293	0.316	0.308	0.299	0.305	0.292	0.298	0.301	0.300	0.296	0.306	0.285	2.058	0.621	0.320	0.202	1.000	-178563.254
372	8	10000	9291	0.5144	0.273	0.315	0.298	0.301	0.288	0.287	0.299	0.321	0.303	0.321	0.292	0.292	0.318	0.303	1.969	0.604	0.298	0.198	1.279	-178934.148
373	8	10000	9295	0.5184	0.302	0.309	0.311	0.296	0.297	0.304	0.303	0.322	0.308	0.297	0.305	0.308	0.304	0.291	2.007	0.595	0.310	0.190	1.000	-179260.876
374	8	10000	9262	0.5167	0.279	0.314	0.293	0.301	0.305	0.307	0.303	0.332	0.300	0.297	0.310	0.306	0.301	0.305	2.030	0.593	0.314	0.195	1.012	-179503.722
375	8	10000	9341	0.5103	0.276	0.304	0.292	0.309	0.306	0.310	0.298	0.315	0.288	0.306	0.302	0.300	0.313	0.298	2.025	0.603	0.286	0.207	1.067	-179260.025
376	8	10000	9234	0.5107	0.295	0.304	0.312	0.290	0.285	0.294	0.295	0.326	0.301	0.300	0.305	0.308	0.296	0.295	1.966	0.627	0.309	0.201	1.365	-178555.560
377	8	10000	9270	0.5122	0.324	0.306	0.306	0.293	0.300	0.294	0.292	0.298	0.298	0.296	0.295	0.292	0.292	0.300	1.967	0.616	0.308	0.194	1.340	-177935.302
378	8	10000	9262	0.5094	0.292	0.288	0.303	0.322	0.292	0.298	0.309	0.321	0.292	0.291	0.307	0.299	0.311	0.290	2.000	0.601	0.314	0.201	1.000	-179135.544
379	8	10000	9284	0.5106	0.276	0.293	0.303	0.301	0.302	0.311	0.294	0.319	0.293	0.301	0.304	0.308	0.295	0.300	1.990	0.626	0.311	0.203	1.542	-178624.531
380	8	10000	9269	0.5086	0.281	0.311	0.312	0.287	0.292	0.316	0.301	0.325	0.321	0.305	0.293	0.277	0.298	0.305	1.972	0.594	0.293	0.201	1.000	-179009.027
381	8	10000	9288	0.5126	0.277	0.322	0.298	0.304	0.286	0.292	0.295	0.330	0.292	0.299	0.304	0.319	0.306	0.296	2.016	0.614	0.304	0.203	1.297	-178877.981
382	8	10000	9277	0.5146	0.274	0.293	0.307	0.313	0.298	0.297	0.299	0.336	0.296	0.287	0.308	0.294	0.298	0.297	1.971	0.594	0.306	0.192	1.148	-178534.555
383	8	10000	9285	0.5193	0.314	0.320	0.299	0.304	0.286	0.321	0.301	0.288	0.297	0.300	0.300	0.292	0.311	0.302	1.977	0.605	0.297	0.203	1.000	-179574.664
384	8	10000	9278	0.5164	0.273	0.307	0.306	0.297	0.284	0.296	0.304	0.328	0.287	0.290	0.308	0.298	0.302	0.309	2.015	0.630	0.306	0.199	1.509	-178214.246
385	8	10000	9260	0.5162	0.343	0.296	0.305	0.303	0.286	0.305	0.295	0.293	0.296	0.316	0.301	0.311	0.296	0.296	1.992	0.612	0.327	0.198	1.180	-179340.071
386	8	10000	9283	0.5116	0.285	0.280	0.295	0.313	0.304	0.301	0.311	0.293	0.312	0.301	0.300	0.278	0.311	0.301	1.961	0.601	0.302	0.204	1.304	-179210.403
387	8	10000	9314	0.5129	0.299	0.287	0.308	0.294	0.305	0.307	0.298	0.312	0.294	0.300	0.297	0.310	0.302	0.297	1.992	0.614	0.316	0.209	1.000	-179119.787
388	8	10000	9308	0.5162	0.105	0.288	0.300	0.305	0.305	0.307	0.298	0.505	0.302	0.304	0.294	0.305	0.299	0.297	1.957	0.629	0.299	0.204	1.000	-179214.852
389	8	10000	9246	0.5103	0.318	0.291	0.303	0.299	0.320	0.296	0.305	0.277	0.291	0.303	0.289	0.307	0.300	0.304	2.021	0.628	0.323	0.195	1.113	-178243.349
390	8	10000	9222	0.5135	0.326	0.290	0.293	0.302	0.295	0.291	0.310	0.261	0.294	0.301	0.304	0.284	0.301	0.291	1.974	0.584	0.300	0.192	1.002	-177547.147
391	8	10000	9286	0.5188	0.322	0.291	0.298	0.298	0.306	0.288	0.300	0.299	0.304	0.304	0.310	0.289	0.301	0.310	2.002	0.602	0.298	0.201	1.000	-178863.360
392	8	10000	9270	0.5140	0.304	0.311	0.284	0.292	0.296	0.287	0.307	0.291	0.294	0.307	0.296	0.284	0.310	0.298	1.985	0.595	0.291	0.203	1.035	-178284.410
393	8	10000	9275	0.5123	0.321	0.292	0.303	0.315	0.294	0.310	0.293	0.292	0.296	0.304	0.301	0.297	0.287	0.294	1.969	0.642	0.302	0.208	1.189	-178771.459
394	8	10000	9250	0.5166	0.278	0.290	0.292	0.309	0.296	0.297	0.295	0.293	0.301	0.304	0.284	0.305	0.302	0.300	1.998	0.620	0.308	0.203	1.487	-177809.088
395	8	10000	9246	0.5141	0.266	0.308	0.291	0.296	0.305	0.295	0.302	0.327	0.299	0.300	0.296	0.288	0.292	0.288	2.003	0.616	0.296	0.206	1.173	-177711.997
396	8	10000	9271	0.5124	0.333	0.305	0.289	0.297	0.301	0.304	0.312	0.262	0.296	0.304	0.307	0.296	0.306	0.304	1.953	0.603	0.299	0.204	1.000	-179244.195
397	8	10000	9269	0.5159	0.000	0.297	0.299	0.317	0.312	0.300	0.309	0.601	0.305	0.305	0.298	0.317	0.301	0.294	1.954	0.587	0.324	0.195	1.064	-179974.590
398	8	10000	9308	0.5147	0.309	0.296	0.304	0.302	0.297	0.285	0.303	0.295	0.309	0.293	0.304	0.311	0.299	0.299	1.991	0.593	0.294	0.198	1.100	-178814.314
399	8	10000	9330	0.5126	0.332	0.290	0.307	0.307	0.291	0.306	0.293	0.273	0.326	0.306	0.285	0.302	0.307	0.308	1.942	0.595	0.297	0.206	1.049	-180004.821
400	8	10000	9288	0.5104	0.277	0.319	0.299	0.292	0.314	0.312	0.307	0.320	0.311	0.305	0.302	0.313	0.303	0.315	2.022	0.619	0.330	0.196	1.260	-179844.288
401	8	10000	9334	0.5093	0.211	0.296	0.299	0.301	0.310	0.292	0.311	0.376	0.303	0.302	0.313	0.302	0.303	0.296	1.984	0.617	0.287	0.206	1.000	-179014.243
402	8	10000	9248	0.5100	0.306	0.301	0.305	0.287	0.301	0.305	0.294	0.300	0.312	0.304	0.291	0.300	0.297	0.298	1.973	0.607	0.316	0.200	1.000	-178794.477
403	8	10000	9258	0.5177	0.323	0.306	0.294	0.316	0.306	0.302	0.299	0.283	0.303	0.283	0.310	0.290	0.293	0.315	2.009	0.610	0.298	0.198	1.000	-178986.026
404	8	10000	9279	0.5171	0.125	0.291	0.288	0.306	0.294	0.301	0.303	0.495	0.309	0.300	0.306	0.280	0.295	0.311	2.005	0.604	0.294	0.200	1.000	-178632.884
405	8	10000	9308	0.5144	0.288	0.296	0.312	0.309	0.311	0.307	0.290	0.306	0.292	0.310	0.284	0.306	0.317	0.288	2.026	0.582	0.314	0.204	1.000	-179310.070
406	8	10000	9277	0.5142	0.473	0.308	0.295	0.301	0.293	0.302	0.302	0.148	0.306	0.299	0.288	0.302	0.308	0.294	2.014	0.641	0.313	0.205	1.796	-178736.767
407	8	10000	9311	0.5145	0.316	0.306	0.301	0.303	0.291	0.300	0.316	0.301	0.294	0.309	0.305	0.312	0.303	0.298	2.034	0.594	0.306	0.198	1.000	-179643.087
408	8	10000	9238	0.5134	0.303	0.293	0.299	0.309	0.300	0.300	0.286	0.284	0.303	0.292	0.309	0.291	0.298	0.305	1.986	0.598	0.294	0.202	1.000	-178424.103
409	8	10000	9331	0.5138	0.312	0.308	0.291	0.306	0.301	0.297	0.307	0.287	0.305	0.297	0.305	0.288	0.320	0.292	2.009	0.584	0.307	0.196	1.000	-179143.905
410	8	10000	9238	0.5129	0.307	0.298	0.299	0.291	0.289	0.291	0.310	0.313	0.324	0.301	0.297	0.271	0.299	0.292	2.018	0.634	0.312	0.205	1.394	-177826.977
411	8	10000	9290	0.5141	0.274	0.301	0.286	0.304	0.306	0.298	0.290	0.318	0.293	0.319	0.293	0.290	0.305	0.302	1.979	0.633	0.302	0.201	1.203	-178164.269
412	8	10000	9280	0.5134	0.300	0.298	0.292	0.294	0.312	0.284	0.299	0.323	0.288	0.288	0.303	0.293	0.296	0.300	2.000	0.628	0.307	0.205	1.000	-177838.926
413	8	10000	9277	0.5144	0.257	0.313	0.304	0.297	0.300	0.304	0.301	0.334	0.286	0.305	0.288	0.303	0.304	0.303	2.018	0.624	0.311	0.201	1.172	-178558.916
414	8	10000	9308	0.5139	0.330	0.303	0.292	0.301	0.300	0.295	0.307	0.277	0.295	0.304	0.289	0.300	0.291	0.310	1.984	0.589	0.293	0.207	1.000	-178874.816
415	8	10000	9258	0.5130	0.343	0.293	0.297	0.302	0.303	0.295	0.306	0.272	0.301	0.313	0.286	0.311	0.307	0.288	1.959	0.593	0.305	0.196	1.000	-178957.597
416	8	10000	9300	0.5125	0.288	0.301	0.297	0.292	0.300	0.298	0.294	0.278	0.310	0.302	0.300	0.290	0.309	0.301	1.979	0.612	0.289	0.200	1.000	-177997.316
417	8	10000	9240	0.5116	0.332	0.300	0.303	0.303	0.304	0.297	0.300	0.250	0.297	0.296	0.306	0.315	0.309	0.291	1.971	0.620	0.314	0.199	1.390	-178772.583
418	8	10000	9264	0.5140	0.305	0.301	0.309	0.296	0.296	0.298	0.306	0.310	0.302	0.302	0.306	0.274	0.309	0.297	2.012	0.613	0.304	0.193	1.000	-178398.606
419	8	10000	9240	0.5157	0.311	0.306	0.298	0.289	0.302	0.306	0.308	0.298	0.304	0.300	0.309	0.287	0.298	0.309	1.991	0.580	0.294	0.195	1.000	-179022.883
420	8	10000	9293	0.5133	0.296	0.298	0.306	0.295	0.303	0.300	0.305	0.320	0.303	0.299	0.306	0.300	0.300	0.299	2.005	0.616	0.298	0.196	1.000	-178519.767
421	8	10000	9245	0.5150	0.315	0.297	0.292	0.292	0.292	0.308	0.302	0.285	0.310	0.303	0.299	0.298	0.300	0.302	2.011	0.584	0.292	0.192	1.000	-178171.694
422	8	10000	9262	0.5141	0.298	0.305	0.302	0.293	0.299	0.291	0.279	0.281	0.287	0.305	0.290	0.315	0.297	0.298	1.976	0.636	0.303	0.204	1.322	-177666.370
423	8	10000	9252	0.5142	0.311	0.303	0.312	0.313	0.303	0.303	0.308	0.282	0.298	0.300	0.304	0.297	0.284	0.294	2.016	0.604	0.313	0.196	1.424	-178748.696
424	8	10000	9280	0.5102	0.314	0.305	0.305	0.300	0.302	0.300	0.300	0.268	0.312	0.293	0.303	0.292	0.290	0.304	1.988	0.583	0.287	0.200	1.000	-178360.342
425	8	10000	9264	0.5149	0.317	0.301	0.306	0.304	0.293	0.301	0.297	0.285	0.296	0.298	0.293	0.307	0.307	0.305	1.996	0.601	0.287	0.204	1.148	-178799.446
426	8	10000	9324	0.5152	0.308	0.299	0.304	0.301	0.295	0.289	0.285	0.316	0.307	0.299	0.306	0.290	0.308	0.298	1.992	0.595	0.303	0.200	1.000	-178695.882
427	8	10000	9274	0.5121	0.306	0.290	0.306	0.299	0.296	0.313	0.297	0.285	0.285	0.305	0.300	0.303	0.304	0.293	1.991	0.591	0.299	0.205	1.000	-178901.950
428	8	10000	9247	0.5091	0.291	0.297	0.302	0.293	0.300	0.300	0.295	0.322	0.292	0.293	0.293	0.290	0.292	0.300	2.034	0.634	0.305	0.211	1.102	-177709.941
429	8	10000	9332	0.5165	0.316	0.295	0.302	0.309	0.298	0.310	0.302	0.302	0.300	0.304	0.302	0.308	0.319	0.288	1.945	0.635	0.311	0.210	1.000	-180138.590
430	8	10000	9302	0.5176	0.313	0.300	0.291	0.304	0.308	0.290	0.297	0.307	0.308	0.301	0.301	0.295	0.294	0.297	1.989	0.593	0.312	0.197	1.000	-178731.428
431	8	10000	9255	0.5122	0.324	0.302	0.299	0.302	0.303	0.302	0.290	0.282	0.286	0.300	0.304	0.314	0.291	0.300	1.995	0.642	0.310	0.207	1.752	-178657.845
432	8	10000	9291	0.5132	0.289	0.312	0.298	0.300	0.301	0.295	0.310	0.317	0.300	0.301	0.306	0.305	0.298	0.304	2.024	0.629	0.312	0.204	1.901	-179230.411
433	8	10000	9292	0.5140	0.310	0.298	0.303	0.309	0.287	0.283	0.299	0.290	0.304	0.297	0.303	0.305	0.296	0.294	2.006	0.594	0.293	0.199	1.000	-178203.601
434	8	10000	9268	0.5132	0.318	0.301	0.306	0.296	0.306	0.298	0.295	0.297	0.287	0.303	0.308	0.315	0.315	0.297	1.954	0.604	0.297	0.199	1.000	-179356.795
435	8	10000	9286	0.5128	0.306	0.304	0.303	0.300	0.293	0.293	0.287	0.302	0.293	0.286	0.305	0.298	0.294	0.279	2.014	0.623	0.290	0.208	1.000	-177581.948
436	8	10000	9287	0.5113	0.294	0.299	0.296	0.307	0.294	0.298	0.313	0.309	0.299	0.301	0.293	0.300	0.291	0.307	2.079	0.591	0.293	0.197	1.000	-178249.875
437	8	10000	9291	0.5134	0.297	0.299	0.296	0.309	0.298	0.292	0.312	0.311	0.292	0.292	0.304	0.301	0.311	0.298	1.966	0.617	0.310	0.200	1.374	-178956.147
438	8	10000	9300	0.5123	0.332	0.289	0.302	0.302	0.307	0.295	0.308	0.274	0.298	0.302	0.293	0.303	0.295	0.303	1.967	0.586	0.294	0.203	1.000	-178990.654
439	8	10000	9288	0.5122	0.267	0.291	0.310	0.291	0.305	0.286	0.299	0.333	0.297	0.303	0.305	0.299	0.294	0.317	1.982	0.595	0.295	0.200	1.000	-178647.464
440	8	10000	9283	0.5110	0.294	0.298	0.301	0.296	0.302	0.293	0.311	0.310	0.290	0.305	0.284	0.305	0.295	0.303	2.029	0.656	0.301	0.216	1.507	-178390.480
441	8	10000	9261	0.5171	0.327	0.295	0.303	0.306	0.305	0.291	0.308	0.278	0.322	0.299	0.302	0.286	0.302	0.311	1.984	0.603	0.316	0.195	1.118	-179276.738
442	8	10000	9289	0.5131	0.342	0.281	0.300	0.309	0.301	0.306	0.298	0.339	0.302	0.298	0.296	0.295	0.297	0.300	2.038	0.671	0.325	0.206	30.597	-178383.881
443	8	10000	9320	0.5112	0.305	0.314	0.291	0.307	0.304	0.312	0.299	0.281	0.302	0.311	0.300	0.310	0.304	0.309	1.986	0.607	0.311	0.203	1.000	-179852.402
444	8	10000	9267	0.5128	0.336	0.294	0.301	0.308	0.284	0.298	0.302	0.268	0.272	0.297	0.303	0.301	0.310	0.314	1.969	0.583	0.289	0.201	1.000	-178883.262
445	8	10000	9255	0.5125	0.278	0.306	0.307	0.309	0.297	0.310	0.304	0.305	0.299	0.302	0.298	0.295	0.314	0.297	1.979	0.565	0.293	0.204	1.000	-179901.877
446	8	10000	9268	0.5120	0.333	0.301	0.303	0.301	0.298	0.296	0.305	0.276	0.306	0.305	0.287	0.289	0.306	0.305	2.011	0.617	0.313	0.203	1.241	-178810.845
447	8	10000	9279	0.5091	0.312	0.313	0.301	0.303	0.299	0.300	0.310	0.279	0.289	0.310	0.300	0.286	0.303	0.302	1.978	0.594	0.304	0.202	1.000	-179182.130
448	8	10000	9269	0.5145	0.325	0.291	0.306	0.301	0.311	0.300	0.286	0.271	0.293	0.286	0.308	0.299	0.299	0.288	1.978	0.603	0.301	0.202	1.000	-177998.863
449	8	10000	9256	0.5136	0.303	0.295	0.296	0.295	0.312	0.303	0.306	0.302	0.296	0.304	0.300	0.304	0.301	0.317	2.017	0.584	0.298	0.203	1.000	-179576.344
450	8	10000	9267	0.5141	0.331	0.310	0.308	0.292	0.298	0.304	0.293	0.258	0.303	0.306	0.304	0.298	0.308	0.290	1.993	0.617	0.302	0.199	1.037	-178730.439
451	8	10000	9296	0.5151	0.307	0.296	0.308	0.293	0.296	0.305	0.302	0.308	0.304	0.301	0.302	0.303	0.300	0.296	2.031	0.587	0.305	0.200	1.000	-178986.721
452	8	10000	9242	0.5155	0.290	0.307	0.297	0.289	0.292	0.315	0.293	0.290	0.313	0.305	0.298	0.303	0.298	0.313	2.014	0.644	0.318	0.201	2.324	-178400.047
453	8	10000	9281	0.5159	0.277	0.304	0.306	0.292	0.293	0.304	0.298	0.337	0.294	0.305	0.294	0.317	0.298	0.304	2.018	0.573	0.307	0.201	1.000	-179552.335
454	8	10000	9272	0.5121	0.326	0.308	0.310	0.296	0.308	0.295	0.291	0.264	0.310	0.295	0.303	0.305	0.291	0.311	2.038	0.618	0.307	0.199	1.000	-178418.911
455	8	10000	9326	0.5130	0.355	0.303	0.302	0.292	0.302	0.301	0.302	0.270	0.302	0.290	0.295	0.295	0.303	0.283	1.993	0.622	0.327	0.203	1.512	-178638.855
456	8	10000	9284	0.5103	0.594	0.314	0.312	0.306	0.296	0.302	0.295	0.000	0.302	0.305	0.295	0.293	0.302	0.303	1.967	0.596	0.295	0.200	1.000	-179293.517
457	8	10000	9248	0.5144	0.282	0.303	0.285	0.300	0.299	0.298	0.298	0.321	0.294	0.303	0.300	0.312	0.299	0.289	2.019	0.592	0.310	0.194	1.000	-177988.360
458	8	10000	9279	0.5112	0.287	0.295	0.298	0.307	0.313	0.296	0.294	0.298	0.309	0.295	0.304	0.309	0.297	0.309	2.038	0.645	0.316	0.209	2.228	-178848.584
459	8	10000	9311	0.5125	0.277	0.298	0.300	0.307	0.295	0.301	0.294	0.340	0.304	0.293	0.304	0.301	0.300	0.310	2.074	0.600	0.319	0.205	1.000	-179377.424
460	8	10000	9252	0.5153	0.262	0.290	0.296	0.299	0.300	0.302	0.293	0.333	0.287	0.287	0.300	0.306	0.300	0.291	1.975	0.639	0.318	0.200	1.946	-177652.947
461	8	10000	9333	0.5186	0.312	0.285	0.310	0.315	0.329	0.316	0.299	0.287	0.307	0.303	0.309	0.308	0.296	0.310	2.054	0.591	0.288	0.204	1.121	-180281.007
462	8	10000	9230	0.5118	0.319	0.309	0.292	0.306	0.307	0.288	0.302	0.298	0.294	0.300	0.304	0.286	0.300	0.291	1.978	0.612	0.305	0.197	1.000	-178057.233
463	8	10000	9252	0.5104	0.291	0.307	0.296	0.300	0.302	0.299	0.293	0.303	0.299	0.283	0.313	0.306	0.299	0.298	1.983	0.604	0.299	0.197	1.000	-178169.191
464	8	10000	9265	0.5128	0.002	0.307	0.295	0.302	0.306	0.304	0.283	0.598	0.296	0.310	0.298	0.301	0.309	0.302	2.045	0.592	0.308	0.198	1.000	-178679.807
465	8	10000	9239	0.5078	0.330	0.292	0.290	0.291	0.306	0.303	0.301	0.284	0.301	0.301	0.303	0.304	0.302	0.298	1.987	0.627	0.301	0.203	1.368	-178402.419
466	8	10000	9277	0.5103	0.290	0.294	0.292	0.277	0.296	0.302	0.298	0.316	0.290	0.298	0.296	0.294	0.298	0.305	1.955	0.615	0.305	0.201	1.265	-177899.659
467	8	10000	9305	0.5134	0.333	0.294	0.311	0.290	0.299	0.287	0.290	0.273	0.312	0.304	0.305	0.287	0.296	0.306	2.005	0.607	0.298	0.205	1.000	-178395.842
468	8	10000	9274	0.5141	0.305	0.302	0.296	0.304	0.308	0.299	0.300	0.313	0.300	0.305	0.310	0.292	0.305	0.304	1.988	0.595	0.297	0.204	1.190	-179628.366
469	8	10000	9212	0.5100	0.284	0.296	0.297	0.302	0.291	0.289	0.307	0.327	0.300	0.306	0.295	0.315	0.311	0.289	1.981	0.637	0.319	0.199	1.833	-178345.477
470	8	10000	9283	0.5123	0.305	0.312	0.302	0.302	0.305	0.299	0.291	0.295	0.310	0.299	0.313	0.301	0.295	0.308	2.042	0.602	0.308	0.197	1.000	-179026.179
471	8	10000	9228	0.5145	0.311	0.293	0.288	0.286	0.297	0.300	0.302	0.297	0.303	0.294	0.296	0.300	0.295	0.305	2.017	0.629	0.313	0.199	1.381	-177502.516
472	8	10000	9302	0.5130	0.310	0.297	0.289	0.304	0.306	0.293	0.300	0.297	0.313	0.291	0.297	0.307	0.308	0.304	1.972	0.630	0.312	0.202	1.550	-178649.193
473	8	10000	9290	0.5128	0.259	0.308	0.303	0.317	0.285	0.300	0.320	0.331	0.302	0.317	0.296	0.309	0.298	0.305	1.964	0.582	0.293	0.207	1.000	-180447.573
474	8	10000	9263	0.5177	0.270	0.296	0.302	0.288	0.300	0.305	0.298	0.336	0.283	0.303	0.301	0.294	0.305	0.303	2.000	0.627	0.298	0.201	1.120	-178141.832
475	8	10000	9253	0.5146	0.306	0.295	0.305	0.295	0.307	0.284	0.300	0.288	0.311	0.288	0.311	0.292	0.300	0.312	1.958	0.609	0.282	0.204	1.000	-178344.958
476	8	10000	9265	0.5144	0.318	0.306	0.310	0.290	0.296	0.297	0.311	0.279	0.297	0.306	0.297	0.291	0.301	0.307	1.993	0.641	0.318	0.201	2.029	-178609.473
477	8	10000	9302	0.5196	0.277	0.302	0.322	0.304	0.314	0.295	0.309	0.295	0.312	0.296	0.288	0.305	0.296	0.309	2.015	0.588	0.295	0.195	1.000	-179083.390
478	8	10000	9266	0.5161	0.338	0.286	0.305	0.295	0.305	0.294	0.305	0.292	0.296	0.293	0.298	0.293	0.305	0.295	1.978	0.598	0.318	0.199	1.000	-178858.909
479	8	10000	9252	0.5156	0.260	0.296	0.308	0.291	0.298	0.296	0.283	0.328	0.291	0.308	0.312	0.293	0.294	0.295	2.016	0.612	0.297	0.199	1.000	-177581.187
480	8	10000	9308	0.5154	0.267	0.311	0.299	0.302	0.309	0.298	0.294	0.314	0.331	0.299	0.297	0.305	0.308	0.292	1.983	0.586	0.294	0.203	1.000	-179531.986
481	8	10000	9284	0.5160	0.281	0.303	0.298	0.294	0.298	0.310	0.302	0.323	0.311	0.297	0.298	0.298	0.287	0.301	2.011	0.587	0.305	0.196	1.000	-178842.853
482	8	10000	9247	0.5142	0.290	0.285	0.302	0.284	0.296	0.296	0.296	0.310	0.293	0.311	0.284	0.301	0.300	0.302	1.988	0.608	0.288	0.202	1.066	-177614.882
483	8	10000	9266	0.5120	0.323	0.288	0.303	0.297	0.301	0.290	0.304	0.295	0.303	0.303	0.300	0.300	0.308	0.294	1.996	0.636	0.319	0.199	1.152	-178596.361
484	8	10000	9274	0.5144	0.340	0.287	0.282	0.315	0.301	0.308	0.308	0.278	0.295	0.303	0.299	0.291	0.303	0.302	2.008	0.599	0.309	0.198	1.144	-179029.800
485	8	10000	9311	0.5124	0.292	0.298	0.303	0.302	0.298	0.307	0.299	0.304	0.282	0.302	0.305	0.312	0.312	0.298	2.012	0.629	0.306	0.202	1.437	-178845.513
486	8	10000	9274	0.5138	0.310	0.296	0.298	0.295	0.303	0.289	0.305	0.297	0.300	0.298	0.299	0.303	0.303	0.305	2.032	0.620	0.306	0.204	1.503	-178704.038
487	8	10000	9340	0.5122	0.313	0.305	0.312	0.309	0.296	0.293	0.295	0.276	0.315	0.308	0.291	0.306	0.299	0.300	1.984	0.613	0.292	0.207	1.000	-179386.964
488	8	10000	9300	0.5117	0.270	0.294	0.295	0.298	0.302	0.298	0.289	0.328	0.309	0.312	0.302	0.294	0.300	0.305	1.984	0.596	0.294	0.202	1.000	-178613.442
489	8	10000	9237	0.5137	0.309	0.311	0.305	0.304	0.294	0.296	0.290	0.314	0.288	0.289	0.306	0.297	0.290	0.289	2.011	0.591	0.303	0.194	1.000	-177846.725
490	8	10000	9291	0.5122	0.275	0.311	0.313	0.295	0.300	0.301	0.298	0.317	0.300	0.292	0.300	0.300	0.300	0.302	1.996	0.620	0.305	0.200	1.301	-178600.663
491	8	10000	9273	0.5098	0.294	0.311	0.294	0.295	0.303	0.306	0.294	0.295	0.305	0.304	0.308	0.303	0.305	0.311	1.985	0.595	0.301	0.201	1.062	-179227.895
492	8	10000	9271	0.5113	0.259	0.313	0.284	0.302	0.302	0.299	0.290	0.346	0.303	0.308	0.306	0.313	0.304	0.297	2.015	0.596	0.295	0.204	1.037	-179211.301
493	8	10000	9277	0.5132	0.318	0.295	0.302	0.313	0.287	0.300	0.293	0.287	0.310	0.317	0.288	0.295	0.298	0.299	2.029	0.607	0.298	0.201	1.022	-178487.868
494	8	10000	9330	0.5164	0.305	0.310	0.304	0.319	0.298	0.292	0.298	0.294	0.297	0.302	0.287	0.303	0.300	0.298	2.016	0.589	0.295	0.207	1.008	-179404.099
495	8	10000	9273	0.5140	0.281	0.308	0.306	0.287	0.318	0.309	0.313	0.311	0.296	0.313	0.301	0.299	0.313	0.291	2.001	0.597	0.311	0.194	1.000	-179298.766
496	8	10000	9267	0.5133	0.321	0.303	0.296	0.296	0.300	0.290	0.304	0.282	0.293	0.303	0.300	0.308	0.291	0.305	2.032	0.621	0.313	0.204	1.411	-178621.166
497	8	10000	9293	0.5143	0.304	0.288	0.303	0.301	0.308	0.302	0.301	0.303	0.307	0.311	0.296	0.295	0.309	0.297	1.987	0.609	0.305	0.205	1.000	-179426.045
498	8	10000	9311	0.5151	0.291	0.289	0.303	0.298	0.303	0.295	0.303	0.319	0.308	0.312	0.292	0.299	0.308	0.298	1.993	0.610	0.303	0.205	1.478	-179196.420
499	8	10000	9288	0.5128	0.310	0.305	0.293	0.294	0.292	0.313	0.295	0.273	0.288	0.287	0.303	0.303	0.308	0.294	2.011	0.622	0.296	0.207	1.000	-178000.396
500	8	10000	9306	0.5082	0.274	0.309	0.291	0.302	0.290	0.300	0.303	0.333	0.295	0.294	0.316	0.288	0.298	0.298	1.986	0.573	0.297	0.196	1.000	-178671.009
501	8	10000	9302	0.5165	0.289	0.307	0.304	0.301	0.295	0.296	0.305	0.329	0.311	0.308	0.303	0.292	0.311	0.287	1.990	0.629	0.317	0.204	1.679	-179621.878
502	8	10000	9289	0.5169	0.252	0.307	0.292	0.305	0.291	0.292	0.317	0.337	0.303	0.303	0.293	0.301	0.303	0.294	1.973	0.613	0.293	0.202	1.065	-178778.834
503	8	10000	9278	0.5168	0.330	0.302	0.297	0.301	0.313	0.303	0.282	0.280	0.291	0.310	0.302	0.301	0.307	0.299	1.988	0.611	0.302	0.197	1.000	-178773.674
504	8	10000	9294	0.5158	0.283	0.301	0.300	0.289	0.308	0.302	0.305	0.327	0.308	0.305	0.307	0.297	0.305	0.314	1.995	0.616	0.311	0.201	1.000	-179704.323
505	8	10000	9241	0.5134	0.296	0.306	0.303	0.299	0.286	0.302	0.306	0.309	0.289	0.301	0.294	0.281	0.306	0.312	1.974	0.613	0.306	0.206	1.000	-178789.767
506	8	10000	9376	0.5147	0.309	0.295	0.305	0.306	0.293	0.312	0.297	0.298	0.294	0.307	0.300	0.300	0.299	0.311	1.944	0.603	0.301	0.207	1.000	-179970.380
507	8	10000	9275	0.5117	0.302	0.295	0.302	0.297	0.305	0.300	0.284	0.305	0.301	0.291	0.306	0.306	0.302	0.312	1.996	0.607	0.283	0.197	1.001	-178070.555
508	8	10000	9288	0.5163	0.292	0.310	0.281	0.306	0.300	0.319	0.294	0.290	0.304	0.300	0.308	0.304	0.293	0.303	2.020	0.607	0.299	0.200	1.198	-178795.409
509	8	10000	9297	0.5115	0.327	0.317	0.296	0.290	0.309	0.301	0.292	0.281	0.300	0.299	0.295	0.295	0.300	0.293	2.023	0.617	0.302	0.201	1.000	-178160.551
510	8	10000	9290	0.5165	0.297	0.298	0.299	0.302	0.303	0.297	0.312	0.292	0.307	0.307	0.300	0.318	0.294	0.301	2.048	0.638	0.302	0.207	1.637	-179064.208
511	8	10000	9238	0.5118	0.000	0.292	0.303	0.297	0.291	0.294	0.301	0.609	0.299	0.296	0.292	0.300	0.306	0.286	2.006	0.635	0.304	0.205	1.000	-177874.506
512	8	10000	9227	0.5169	0.285	0.303	0.296	0.298	0.291	0.294	0.310	0.305	0.297	0.300	0.316	0.289	0.287	0.299	2.007	0.602	0.316	0.202	1.000	-178458.864
513	8	10000	9286	0.5109	0.300	0.293	0.299	0.311	0.313	0.314	0.301	0.293	0.288	0.326	0.297	0.288	0.310	0.298	1.996	0.586	0.301	0.204	1.000	-179673.804
514	8	10000	9254	0.5137	0.287	0.294	0.303	0.298	0.301	0.307	0.306	0.317	0.298	0.304	0.291	0.312	0.288	0.306	2.004	0.598	0.298	0.202	1.064	-178729.967
515	8	10000	9274	0.5139	0.291	0.313	0.307	0.308	0.289	0.298	0.299	0.302	0.299	0.297	0.305	0.294	0.300	0.305	2.031	0.564	0.288	0.199	1.000	-179103.005
516	8	10000	9229	0.5164	0.294	0.302	0.306	0.298	0.294	0.293	0.301	0.300	0.308	0.290	0.299	0.302	0.301	0.299	1.991	0.593	0.297	0.199	1.000	-178418.436
517	8	10000	9263	0.5133	0.287	0.313	0.301	0.297	0.301	0.305	0.309	0.301	0.305	0.286	0.313	0.294	0.303	0.287	2.035	0.624	0.295	0.206	1.000	-178292.139
518	8	10000	9278	0.5138	0.279	0.303	0.299	0.298	0.306	0.303	0.299	0.289	0.305	0.305	0.296	0.296	0.307	0.305	2.001	0.587	0.303	0.200	1.314	-178929.738
519	8	10000	9227	0.5138	0.321	0.296	0.299	0.293	0.296	0.293	0.302	0.290	0.297	0.304	0.306	0.308	0.300	0.307	2.011	0.590	0.292	0.192	1.000	-178371.456
520	8	10000	9256	0.5129	0.306	0.303	0.304	0.291	0.303	0.305	0.302	0.303	0.292	0.289	0.294	0.302	0.291	0.300	2.020	0.611	0.296	0.203	1.078	-178231.305
521	8	10000	9260	0.5132	0.294	0.300	0.308	0.303	0.308	0.294	0.305	0.283	0.301	0.290	0.310	0.307	0.303	0.312	1.996	0.591	0.296	0.198	1.000	-179031.599
522	8	10000	9273	0.5163	0.278	0.288	0.296	0.305	0.299	0.308	0.292	0.301	0.295	0.287	0.313	0.291	0.293	0.314	2.009	0.590	0.285	0.203	1.059	-178207.541
523	8	10000	9212	0.5106	0.264	0.287	0.291	0.297	0.309	0.293	0.301	0.353	0.307	0.297	0.289	0.297	0.300	0.302	1.969	0.597	0.316	0.193	1.000	-177878.980
524	8	10000	9282	0.5168	0.340	0.312	0.298	0.298	0.293	0.303	0.291	0.257	0.291	0.298	0.302	0.309	0.298	0.304	1.998	0.589	0.299	0.199	1.015	-178700.595
525	8	10000	9287	0.5112	0.334	0.283	0.295	0.302	0.298	0.289	0.303	0.265	0.294	0.302	0.303	0.301	0.301	0.309	1.973	0.593	0.298	0.202	1.000	-178606.388
526	8	10000	9270	0.5128	0.086	0.297	0.296	0.305	0.296	0.290	0.292	0.526	0.287	0.302	0.302	0.308	0.301	0.297	2.024	0.612	0.300	0.203	1.000	-178332.552
527	8	10000	9293	0.5138	0.215	0.277	0.285	0.313	0.307	0.297	0.299	0.374	0.311	0.301	0.288	0.301	0.295	0.290	1.992	0.609	0.301	0.203	1.000	-178094.137
528	8	10000	9300	0.5132	0.266	0.306	0.304	0.308	0.296	0.304	0.289	0.327	0.306	0.299	0.297	0.292	0.301	0.317	1.947	0.652	0.321	0.210	1.983	-179438.087
529	8	10000	9237	0.5155	0.328	0.296	0.301	0.296	0.289	0.299	0.308	0.272	0.304	0.297	0.295	0.290	0.288	0.311	2.001	0.623	0.305	0.199	1.473	-177812.147
530	8	10000	9302	0.5115	0.303	0.319	0.303	0.292	0.303	0.303	0.308	0.284	0.305	0.302	0.305	0.304	0.297	0.300	1.982	0.606	0.306	0.201	1.427	-179521.340
531	8	10000	9305	0.5105	0.336	0.303	0.308	0.302	0.314	0.300	0.296	0.264	0.313	0.304	0.306	0.303	0.288	0.324	2.005	0.604	0.298	0.203	1.000	-179603.826
532	8	10000	9264	0.5141	0.310	0.305	0.290	0.309	0.302	0.299	0.298	0.292	0.299	0.298	0.293	0.308	0.301	0.308	2.031	0.585	0.299	0.198	1.000	-178486.132
533	8	10000	9281	0.5150	0.279	0.307	0.294	0.292	0.300	0.295	0.308	0.320	0.301	0.305	0.301	0.289	0.297	0.293	2.024	0.638	0.298	0.209	1.167	-178122.982
534	8	10000	9272	0.5155	0.318	0.306	0.305	0.293	0.294	0.309	0.305	0.274	0.307	0.298	0.293	0.300	0.297	0.294	2.027	0.600	0.299	0.199	1.000	-178638.493
535	8	10000	9273	0.5114	0.313	0.308	0.297	0.303	0.304	0.307	0.295	0.274	0.324	0.299	0.298	0.301	0.291	0.305	2.036	0.593	0.299	0.196	1.000	-178493.523
536	8	10000	9265	0.5140	0.281	0.296	0.298	0.299	0.293	0.298	0.296	0.321	0.317	0.301	0.294	0.303	0.293	0.296	2.030	0.605	0.315	0.203	1.000	-178582.847
537	8	10000	9256	0.5107	0.331	0.307	0.302	0.294	0.323	0.300	0.303	0.276	0.292	0.309	0.298	0.302	0.308	0.308	2.027	0.566	0.293	0.200	1.000	-179746.832
538	8	10000	9289	0.5129	0.284	0.303	0.305	0.303	0.299	0.301	0.302	0.317	0.300	0.299	0.304	0.292	0.297	0.300	2.033	0.588	0.294	0.200	1.000	-178714.420
539	8	10000	9287	0.5146	0.259	0.303	0.301	0.286	0.307	0.310	0.299	0.340	0.315	0.302	0.299	0.296	0.305	0.309	2.059	0.605	0.294	0.202	1.000	-179027.293
540	8	10000	9277	0.5134	0.284	0.308	0.301	0.300	0.305	0.290	0.303	0.316	0.308	0.305	0.301	0.295	0.300	0.318	1.994	0.642	0.288	0.203	1.770	-178890.890
541	8	10000	9274	0.5103	0.315	0.290	0.294	0.298	0.294	0.309	0.294	0.272	0.297	0.294	0.298	0.305	0.285	0.305	1.962	0.599	0.283	0.203	1.000	-177760.318
542	8	10000	9296	0.5126	0.305	0.293	0.279	0.306	0.294	0.302	0.308	0.272	0.295	0.306	0.287	0.303	0.294	0.302	1.986	0.608	0.301	0.201	1.000	-177861.241
543	8	10000	9291	0.5126	0.310	0.298	0.301	0.313	0.292	0.304	0.285	0.282	0.302	0.300	0.292	0.307	0.304	0.291	2.048	0.594	0.305	0.208	1.099	-178686.616
544	8	10000	9259	0.5106	0.582	0.304	0.314	0.304	0.288	0.304	0.291	0.000	0.307	0.306	0.301	0.299	0.299	0.297	1.992	0.605	0.318	0.202	1.000	-178752.525
545	8	10000	9284	0.5121	0.299	0.299	0.302	0.296	0.304	0.283	0.306	0.301	0.301	0.301	0.296	0.294	0.296	0.299	2.024	0.601	0.301	0.201	1.118	-178080.545
546	8	10000	9256	0.5161	0.290	0.308	0.295	0.302	0.306	0.302	0.290	0.291	0.300	0.305	0.300	0.301	0.299	0.300	2.000	0.586	0.300	0.200	1.000	-178596.604
547	8	10000	9279	0.5132	0.329	0.305	0.294	0.303	0.297	0.293	0.294	0.271	0.309	0.299	0.296	0.303	0.293	0.296	2.017	0.589	0.296	0.192	1.033	-177844.177
548	8	10000	9340	0.5129	0.316	0.317	0.301	0.305	0.316	0.305	0.302	0.279	0.291	0.290	0.299	0.300	0.308	0.305	2.041	0.596	0.297	0.203	1.000	-179370.403
549	8	10000	9273	0.5153	0.318	0.282	0.304	0.293	0.301	0.303	0.290	0.267	0.303	0.304	0.299	0.285	0.304	0.304	2.022	0.617	0.298	0.204	1.206	-177813.840
550	8	10000	9334	0.5139	0.304	0.299	0.295	0.300	0.311	0.298	0.296	0.291	0.310	0.297	0.301	0.291	0.291	0.296	1.985	0.622	0.287	0.212	1.219	-178852.767
551	8	10000	9250	0.5173	0.303	0.307	0.300	0.300	0.292	0.303	0.305	0.291	0.287	0.302	0.311	0.300	0.291	0.303	1.988	0.610	0.297	0.205	1.118	-178914.994
552	8	10000	9259	0.5139	0.316	0.319	0.298	0.305	0.291	0.291	0.304	0.280	0.303	0.296	0.296	0.304	0.306	0.299	2.009	0.612	0.312	0.196	1.290	-178546.306
553	8	10000	9207	0.5164	0.285	0.295	0.291	0.294	0.294	0.293	0.301	0.299	0.306	0.306	0.280	0.301	0.282	0.306	2.014	0.588	0.296	0.200	1.076	-177566.125
554	8	10000	9248	0.5112	0.316	0.307	0.305	0.306	0.302	0.294	0.306	0.290	0.292	0.302	0.306	0.295	0.315	0.302	1.966	0.618	0.325	0.197	1.542	-179553.786
555	8	10000	9261	0.5126	0.284	0.294	0.308	0.297	0.304	0.308	0.304	0.314	0.301	0.314	0.296	0.298	0.283	0.300	1.996	0.620	0.313	0.202	1.458	-178819.634
556	8	10000	9279	0.5163	0.321	0.300	0.308	0.302	0.293	0.312	0.307	0.301	0.309	0.295	0.297	0.294	0.287	0.303	2.023	0.597	0.319	0.201	1.000	-179249.262
557	8	10000	9249	0.5172	0.286	0.281	0.307	0.296	0.294	0.295	0.298	0.307	0.302	0.306	0.306	0.304	0.294	0.297	1.996	0.603	0.304	0.203	1.000	-178515.569
558	8	10000	9286	0.5146	0.262	0.311	0.298	0.320	0.290	0.318	0.299	0.331	0.291	0.299	0.309	0.305	0.295	0.298	2.021	0.615	0.307	0.200	1.452	-179253.504
559	8	10000	9232	0.5121	0.315	0.290	0.301	0.299	0.283	0.293	0.285	0.289	0.301	0.294	0.297	0.304	0.299	0.284	1.964	0.650	0.297	0.199	1.593	-176724.698
560	8	10000	9302	0.5137	0.320	0.318	0.295	0.303	0.295	0.302	0.307	0.304	0.289	0.290	0.294	0.307	0.304	0.304	2.011	0.608	0.311	0.208	1.000	-179431.784
561	8	10000	9323	0.5148	0.275	0.299	0.297	0.294	0.307	0.312	0.301	0.331	0.299	0.297	0.305	0.297	0.300	0.299	1.980	0.621	0.304	0.206	1.000	-178973.135
562	8	10000	9283	0.5122	0.000	0.301	0.307	0.307	0.302	0.307	0.301	0.610	0.292	0.297	0.306	0.304	0.308	0.296	2.044	0.617	0.304	0.204	1.000	-179276.151
563	8	10000	9251	0.5103	0.302	0.281	0.307	0.295	0.312	0.307	0.292	0.305	0.301	0.312	0.283	0.291	0.288	0.290	2.040	0.607	0.300	0.197	1.071	-177513.202
564	8	10000	9264	0.5118	0.291	0.317	0.299	0.298	0.296	0.292	0.289	0.283	0.293	0.309	0.299	0.293	0.295	0.302	2.019	0.575	0.280	0.198	1.000	-177882.033
565	8	10000	9313	0.5154	0.266	0.289	0.300	0.309	0.314	0.301	0.305	0.349	0.295	0.295	0.295	0.290	0.305	0.299	2.040	0.621	0.319	0.201	1.119	-178835.018
566	8	10000	9225	0.5134	0.000	0.292	0.286	0.310	0.309	0.303	0.314	0.579	0.302	0.292	0.298	0.291	0.278	0.308	1.982	0.631	0.319	0.199	1.654	-177829.716
567	8	10000	9244	0.5105	0.284	0.300	0.298	0.299	0.303	0.301	0.303	0.309	0.296	0.297	0.296	0.296	0.297	0.303	1.961	0.605	0.295	0.200	1.000	-178175.663
568	8	10000	9270	0.5145	0.334	0.292	0.299	0.309	0.297	0.293	0.303	0.259	0.301	0.301	0.296	0.300	0.291	0.304	2.037	0.643	0.306	0.207	1.291	-178168.915
569	8	10000	9293	0.5099	0.273	0.300	0.296	0.294	0.301	0.299	0.307	0.316	0.310	0.292	0.295	0.298	0.297	0.301	2.019	0.616	0.305	0.203	1.195	-178029.239
570	8	10000	9252	0.5156	0.322	0.287	0.296	0.314	0.310	0.298	0.291	0.291	0.289	0.290	0.293	0.299	0.305	0.299	1.993	0.628	0.305	0.199	1.233	-178006.071
571	8	10000	9259	0.5171	0.276	0.294	0.299	0.302	0.315	0.299	0.303	0.334	0.283	0.312	0.296	0.306	0.301	0.302	2.016	0.586	0.298	0.196	1.000	-178638.563
572	8	10000	9203	0.5114	0.259	0.305	0.302	0.306	0.287	0.300	0.297	0.311	0.318	0.283	0.291	0.300	0.305	0.293	2.009	0.575	0.283	0.196	1.037	-177484.086
573	8	10000	9248	0.5142	0.299	0.319	0.284	0.297	0.295	0.294	0.296	0.327	0.283	0.309	0.298	0.301	0.311	0.300	1.996	0.621	0.296	0.199	1.169	-178224.059
574	8	10000	9283	0.5134	0.264	0.303	0.296	0.304	0.318	0.297	0.304	0.343	0.300	0.300	0.299	0.303	0.308	0.291	1.996	0.645	0.304	0.201	1.781	-178796.545
575	8	10000	9282	0.5141	0.000	0.285	0.305	0.302	0.302	0.308	0.308	0.609	0.305	0.301	0.306	0.278	0.304	0.299	1.994	0.631	0.326	0.198	1.723	-179188.632
576	8	10000	9241	0.5158	0.303	0.297	0.305	0.305	0.306	0.301	0.309	0.289	0.301	0.322	0.302	0.302	0.304	0.290	2.006	0.590	0.317	0.194	1.061	-179379.722
577	8	10000	9239	0.5121	0.344	0.318	0.294	0.299	0.300	0.300	0.287	0.260	0.308	0.294	0.303	0.302	0.306	0.296	2.012	0.587	0.307	0.194	1.498	-178580.832
578	8	10000	9265	0.5133	0.267	0.299	0.288	0.312	0.289	0.297	0.297	0.346	0.290	0.287	0.304	0.294	0.308	0.307	1.982	0.617	0.305	0.197	1.391	-178110.466
579	8	10000	9305	0.5148	0.313	0.307	0.293	0.311	0.303	0.303	0.302	0.292	0.317	0.308	0.302	0.325	0.291	0.306	2.017	0.581	0.307	0.194	1.008	-179915.154
580	8	10000	9264	0.5135	0.262	0.311	0.287	0.303	0.284	0.302	0.313	0.337	0.302	0.291	0.300	0.294	0.301	0.301	2.043	0.620	0.313	0.199	1.302	-178223.554
581	8	10000	9247	0.5140	0.314	0.309	0.308	0.301	0.292	0.294	0.302	0.319	0.308	0.288	0.295	0.291	0.293	0.306	2.000	0.610	0.306	0.195	1.252	-178486.272
582	8	10000	9273	0.5148	0.305	0.279	0.292	0.305	0.302	0.288	0.298	0.310	0.292	0.303	0.309	0.308	0.297	0.301	2.048	0.615	0.298	0.202	1.236	-177952.435
583	8	10000	9287	0.5103	0.317	0.292	0.299	0.313	0.307	0.298	0.302	0.289	0.316	0.306	0.299	0.303	0.299	0.298	1.960	0.625	0.300	0.202	1.118	-179041.300
584	8	10000	9289	0.5165	0.273	0.294	0.293	0.285	0.306	0.303	0.303	0.329	0.302	0.303	0.303	0.290	0.315	0.301	1.961	0.593	0.289	0.200	1.000	-178809.007
585	8	10000	9282	0.5174	0.293	0.321	0.301	0.301	0.292	0.290	0.318	0.296	0.296	0.300	0.298	0.298	0.276	0.295	1.982	0.604	0.288	0.201	1.000	-178129.306
586	8	10000	9234	0.5122	0.279	0.317	0.304	0.293	0.298	0.293	0.297	0.292	0.288	0.293	0.304	0.299	0.301	0.302	1.978	0.599	0.293	0.194	1.199	-177816.488
587	8	10000	9263	0.5160	0.301	0.308	0.296	0.289	0.303	0.308	0.315	0.279	0.306	0.298	0.303	0.304	0.297	0.305	2.027	0.572	0.299	0.196	1.000	-178947.108
588	8	10000	9255	0.5160	0.315	0.283	0.303	0.298	0.292	0.298	0.290	0.294	0.279	0.297	0.302	0.311	0.302	0.299	1.983	0.607	0.306	0.201	1.000	-177989.842
589	8	10000	9287	0.5103	0.303	0.291	0.305	0.296	0.290	0.283	0.307	0.302	0.288	0.303	0.304	0.296	0.304	0.315	2.019	0.630	0.302	0.204	1.258	-178192.870
590	8	10000	9306	0.5150	0.288	0.303	0.294	0.295	0.299	0.295	0.302	0.322	0.302	0.293	0.290	0.293	0.310	0.307	1.969	0.624	0.306	0.206	1.334	-178739.537
591	8	10000	9252	0.5120	0.280	0.282	0.301	0.292	0.308	0.305	0.298	0.339	0.292	0.297	0.305	0.294	0.289	0.291	2.021	0.636	0.316	0.198	1.713	-177616.934
592	8	10000	9264	0.5117	0.299	0.291	0.295	0.295	0.292	0.296	0.291	0.305	0.296	0.310	0.290	0.301	0.300	0.302	1.980	0.608	0.289	0.205	1.142	-178062.121
593	8	10000	9268	0.5103	0.292	0.309	0.307	0.286	0.289	0.304	0.286	0.301	0.293	0.317	0.293	0.312	0.301	0.309	2.001	0.592	0.304	0.200	1.155	-178710.244
594	8	10000	9260	0.5133	0.279	0.303	0.295	0.306	0.292	0.290	0.302	0.300	0.303	0.304	0.306	0.288	0.280	0.307	1.963	0.604	0.301	0.202	1.000	-178156.614
595	8	10000	9253	0.5144	0.310	0.294	0.289	0.311	0.314	0.300	0.310	0.266	0.289	0.302	0.291	0.314	0.299	0.302	2.061	0.604	0.314	0.196	1.000	-178401.094
596	8	10000	9278	0.5130	0.347	0.308	0.292	0.313	0.303	0.296	0.302	0.236	0.299	0.305	0.316	0.313	0.295	0.309	1.995	0.594	0.304	0.203	1.000	-179697.580
597	8	10000	9219	0.5158	0.301	0.311	0.297	0.295	0.302	0.297	0.291	0.301	0.314	0.293	0.298	0.292	0.284	0.304	1.981	0.601	0.298	0.196	1.016	-177827.714
598	8	10000	9304	0.5128	0.329	0.304	0.308	0.303	0.309	0.294	0.283	0.290	0.316	0.296	0.317	0.299	0.306	0.306	2.006	0.601	0.312	0.203	1.053	-180088.806
599	8	10000	9300	0.5141	0.329	0.296	0.298	0.311	0.304	0.311	0.285	0.274	0.297	0.315	0.293	0.301	0.311	0.313	1.954	0.584	0.302	0.200	1.000	-179782.246
600	8	10000	9247	0.5125	0.316	0.298	0.297	0.305	0.305	0.301	0.288	0.268	0.298	0.305	0.297	0.309	0.289	0.311	2.021	0.582	0.291	0.195	1.000	-178110.455
601	8	10000	9278	0.5127	0.317	0.300	0.298	0.291	0.319	0.312	0.291	0.298	0.297	0.300	0.300	0.294	0.301	0.292	1.983	0.647	0.307	0.205	1.703	-178518.182
602	8	10000	9272	0.5142	0.268	0.299	0.300	0.308	0.301	0.293	0.306	0.334	0.308	0.286	0.304	0.303	0.315	0.287	2.024	0.588	0.295	0.199	1.000	-178584.872
603	8	10000	9272	0.5164	0.307	0.294	0.298	0.303	0.294	0.299	0.303	0.282	0.308	0.306	0.295	0.307	0.288	0.315	1.998	0.615	0.300	0.193	1.313	-178198.464

