1	8	10000	9287	0.5103	0.311	0.292	0.299	0.313	0.307	0.298	0.302	0.294	0.316	0.306	0.299	0.303	0.299	0.298	1.960	0.619	0.298	0.202	-179041.358
2	8	10000	9289	0.5165	0.310	0.294	0.293	0.285	0.306	0.303	0.303	0.292	0.302	0.303	0.303	0.290	0.315	0.301	1.961	0.593	0.289	0.200	-178809.007
3	8	10000	9282	0.5174	0.302	0.321	0.301	0.301	0.292	0.290	0.318	0.287	0.296	0.300	0.298	0.298	0.276	0.295	1.982	0.604	0.288	0.201	-178129.306
4	8	10000	9234	0.5122	0.302	0.317	0.304	0.293	0.298	0.293	0.297	0.267	0.288	0.293	0.304	0.299	0.301	0.302	1.977	0.585	0.287	0.194	-177816.800
5	8	10000	9263	0.5160	0.311	0.308	0.296	0.289	0.303	0.308	0.315	0.269	0.306	0.298	0.303	0.304	0.297	0.305	2.027	0.572	0.299	0.196	-178947.108
6	8	10000	9255	0.5160	0.306	0.283	0.303	0.298	0.292	0.298	0.290	0.304	0.279	0.297	0.302	0.311	0.302	0.299	1.983	0.607	0.306	0.201	-177989.842
7	8	10000	9287	0.5103	0.286	0.291	0.305	0.296	0.290	0.283	0.307	0.316	0.288	0.303	0.304	0.296	0.304	0.315	2.018	0.616	0.296	0.203	-178193.076
8	8	10000	9306	0.5150	0.322	0.303	0.294	0.295	0.299	0.295	0.302	0.285	0.302	0.293	0.290	0.293	0.310	0.307	1.968	0.608	0.299	0.205	-178740.087
9	8	10000	9252	0.5120	0.285	0.282	0.301	0.292	0.309	0.305	0.298	0.328	0.292	0.297	0.305	0.294	0.289	0.291	2.019	0.612	0.306	0.197	-177618.428
10	8	10000	9264	0.5117	0.280	0.291	0.295	0.295	0.292	0.296	0.291	0.322	0.296	0.310	0.290	0.301	0.300	0.302	1.980	0.597	0.284	0.205	-178062.275
11	8	10000	9268	0.5103	0.301	0.309	0.307	0.286	0.289	0.304	0.286	0.291	0.294	0.317	0.293	0.312	0.301	0.309	2.001	0.581	0.299	0.200	-178710.384
12	8	10000	9260	0.5133	0.280	0.303	0.295	0.306	0.292	0.290	0.302	0.299	0.303	0.304	0.306	0.288	0.280	0.307	1.963	0.604	0.301	0.202	-178156.614
13	8	10000	9253	0.5144	0.299	0.294	0.289	0.311	0.314	0.300	0.310	0.277	0.289	0.302	0.291	0.314	0.299	0.302	2.061	0.604	0.314	0.196	-178401.094
14	8	10000	9278	0.5130	0.285	0.308	0.292	0.313	0.303	0.296	0.302	0.299	0.299	0.305	0.316	0.313	0.295	0.309	1.995	0.594	0.304	0.203	-179697.580
15	8	10000	9219	0.5158	0.272	0.311	0.297	0.295	0.302	0.297	0.291	0.330	0.314	0.293	0.298	0.292	0.284	0.304	1.981	0.600	0.297	0.196	-177827.715
16	8	10000	9304	0.5128	0.289	0.304	0.308	0.303	0.310	0.294	0.283	0.330	0.316	0.296	0.317	0.299	0.306	0.306	2.006	0.598	0.311	0.203	-180088.823
17	8	10000	9300	0.5141	0.261	0.296	0.298	0.311	0.304	0.311	0.285	0.342	0.297	0.315	0.293	0.301	0.311	0.313	1.954	0.584	0.302	0.200	-179782.246
18	8	10000	9247	0.5125	0.302	0.298	0.297	0.305	0.305	0.301	0.288	0.282	0.298	0.305	0.297	0.309	0.289	0.311	2.021	0.582	0.291	0.195	-178110.455
19	8	10000	9278	0.5127	0.293	0.300	0.298	0.291	0.319	0.313	0.291	0.316	0.297	0.300	0.300	0.294	0.301	0.292	1.981	0.625	0.298	0.204	-178519.635
20	8	10000	9272	0.5142	0.284	0.299	0.300	0.308	0.301	0.293	0.306	0.317	0.308	0.286	0.304	0.303	0.315	0.287	2.024	0.588	0.295	0.199	-178584.872
21	8	10000	9272	0.5164	0.263	0.294	0.298	0.303	0.294	0.299	0.303	0.323	0.308	0.306	0.295	0.307	0.288	0.315	1.996	0.597	0.292	0.192	-178199.095

