1	8	10000	9283	0.5125	0.346	0.322	0.305	0.318	0.290	0.298	0.305	0.282	0.306	0.309	0.292	0.297	0.289	0.308	2.010	0.610	0.309	0.197	-179335.577
2	8	10000	9275	0.5089	0.306	0.290	0.312	0.301	0.289	0.305	0.300	0.304	0.289	0.299	0.310	0.310	0.291	0.293	1.985	0.618	0.296	0.203	-178479.238
3	8	10000	9320	0.5111	0.302	0.298	0.307	0.294	0.308	0.299	0.302	0.312	0.302	0.304	0.310	0.304	0.305	0.307	1.997	0.614	0.313	0.202	-179742.344
4	8	10000	9262	0.5115	0.309	0.299	0.305	0.307	0.300	0.310	0.305	0.310	0.304	0.303	0.299	0.312	0.308	0.285	1.986	0.587	0.311	0.197	-179479.054
5	8	10000	9212	0.5115	0.278	0.292	0.289	0.301	0.297	0.312	0.301	0.316	0.325	0.317	0.293	0.303	0.299	0.292	2.010	0.596	0.300	0.197	-178557.197
6	8	10000	9278	0.5108	0.295	0.304	0.297	0.292	0.300	0.292	0.292	0.330	0.273	0.296	0.319	0.305	0.292	0.297	1.994	0.633	0.309	0.204	-178106.307
7	8	10000	9274	0.5103	0.309	0.322	0.299	0.307	0.293	0.310	0.299	0.271	0.284	0.304	0.310	0.297	0.310	0.301	2.009	0.621	0.307	0.203	-179040.798
8	8	10000	9271	0.5156	0.307	0.301	0.287	0.300	0.296	0.312	0.297	0.284	0.319	0.291	0.308	0.319	0.299	0.315	1.959	0.600	0.307	0.200	-179464.084
9	8	10000	9290	0.5119	0.306	0.298	0.299	0.313	0.313	0.306	0.293	0.315	0.308	0.297	0.299	0.297	0.310	0.294	1.970	0.622	0.315	0.207	-179796.489
10	8	10000	9255	0.5153	0.313	0.288	0.299	0.306	0.306	0.294	0.294	0.289	0.291	0.307	0.306	0.283	0.291	0.292	1.974	0.597	0.283	0.200	-177873.056
11	8	10000	9252	0.5133	0.293	0.298	0.302	0.295	0.282	0.300	0.283	0.316	0.312	0.297	0.303	0.287	0.302	0.299	1.968	0.622	0.300	0.202	-177928.435
12	8	10000	9240	0.5113	0.315	0.301	0.295	0.297	0.304	0.296	0.302	0.282	0.310	0.281	0.306	0.300	0.315	0.297	2.027	0.612	0.302	0.199	-178248.731
13	8	10000	9277	0.5145	0.314	0.308	0.310	0.293	0.287	0.297	0.306	0.290	0.290	0.311	0.289	0.310	0.300	0.290	2.017	0.594	0.297	0.198	-178467.992
14	8	10000	9301	0.5116	0.317	0.293	0.308	0.285	0.292	0.307	0.305	0.297	0.304	0.308	0.294	0.310	0.304	0.296	2.020	0.609	0.310	0.199	-178746.306
15	8	10000	9296	0.5143	0.290	0.289	0.300	0.304	0.287	0.303	0.298	0.311	0.298	0.296	0.300	0.294	0.317	0.294	2.035	0.611	0.297	0.202	-178269.572
16	8	10000	9279	0.5130	0.287	0.303	0.306	0.301	0.305	0.307	0.293	0.313	0.302	0.308	0.301	0.310	0.309	0.306	2.007	0.582	0.304	0.199	-179709.982
17	8	10000	9327	0.5137	0.311	0.302	0.307	0.307	0.297	0.298	0.308	0.294	0.294	0.307	0.294	0.298	0.291	0.293	1.967	0.606	0.303	0.200	-178774.211
18	8	10000	9250	0.5128	0.283	0.302	0.300	0.305	0.300	0.285	0.311	0.323	0.307	0.304	0.289	0.295	0.293	0.294	1.986	0.577	0.296	0.193	-178352.264
19	8	10000	9276	0.5108	0.312	0.306	0.302	0.302	0.299	0.289	0.310	0.307	0.289	0.295	0.306	0.310	0.296	0.299	2.053	0.620	0.309	0.203	-178730.597
20	8	10000	9283	0.5144	0.313	0.318	0.303	0.308	0.295	0.299	0.302	0.306	0.303	0.299	0.318	0.292	0.294	0.301	2.022	0.584	0.313	0.199	-179549.305
21	8	10000	9308	0.5146	0.295	0.298	0.300	0.297	0.306	0.300	0.299	0.299	0.301	0.319	0.294	0.293	0.292	0.325	1.947	0.581	0.289	0.203	-179573.725
22	8	10000	9302	0.5109	0.321	0.299	0.293	0.290	0.303	0.286	0.287	0.265	0.307	0.295	0.302	0.283	0.303	0.304	1.972	0.611	0.290	0.201	-177517.393
23	8	10000	9317	0.5143	0.300	0.303	0.294	0.297	0.298	0.315	0.299	0.307	0.295	0.305	0.295	0.297	0.286	0.296	2.018	0.603	0.293	0.207	-178670.455
24	8	10000	9327	0.5120	0.313	0.307	0.306	0.304	0.292	0.298	0.318	0.308	0.300	0.296	0.297	0.308	0.300	0.303	1.994	0.602	0.292	0.204	-179831.796
25	8	10000	9312	0.5180	0.280	0.300	0.296	0.294	0.300	0.291	0.295	0.299	0.296	0.313	0.289	0.296	0.298	0.305	1.989	0.603	0.287	0.205	-177970.243
26	8	10000	9302	0.5162	0.301	0.286	0.285	0.300	0.298	0.308	0.296	0.301	0.310	0.297	0.291	0.298	0.290	0.305	2.019	0.619	0.297	0.200	-177756.453

