1	8	10000	9261	0.5126	0.328	0.304	0.300	0.298	0.298	0.301	0.299	0.281	0.301	0.307	0.302	0.289	0.301	0.293	1.985	0.611	0.302	0.196	1.000	-178357.889
2	8	10000	9277	0.5126	0.288	0.290	0.302	0.283	0.322	0.301	0.308	0.317	0.303	0.296	0.316	0.320	0.303	0.299	2.016	0.591	0.307	0.201	1.000	-179668.918
3	8	10000	9291	0.5116	0.335	0.305	0.303	0.299	0.318	0.311	0.291	0.284	0.308	0.301	0.305	0.294	0.297	0.290	2.005	0.617	0.313	0.204	1.083	-179295.605
4	8	10000	9279	0.5137	0.308	0.316	0.287	0.302	0.312	0.297	0.310	0.277	0.299	0.296	0.325	0.289	0.291	0.292	2.021	0.640	0.307	0.202	1.791	-178444.354
5	8	10000	9272	0.5130	0.332	0.299	0.295	0.295	0.286	0.296	0.298	0.258	0.299	0.281	0.298	0.301	0.290	0.305	2.013	0.606	0.298	0.207	1.000	-177908.670
6	8	10000	9245	0.5105	0.306	0.300	0.288	0.308	0.308	0.288	0.306	0.304	0.304	0.303	0.310	0.299	0.307	0.299	1.965	0.617	0.318	0.196	1.246	-178974.158
7	8	10000	9294	0.5125	0.321	0.304	0.304	0.294	0.312	0.298	0.295	0.264	0.296	0.299	0.310	0.313	0.292	0.296	1.970	0.624	0.287	0.206	1.304	-178783.760
8	8	10000	9239	0.5115	0.331	0.305	0.296	0.297	0.293	0.296	0.304	0.264	0.300	0.294	0.299	0.289	0.296	0.301	1.943	0.656	0.297	0.204	1.000	-177782.626
9	8	10000	9288	0.5173	0.262	0.301	0.297	0.311	0.316	0.302	0.293	0.337	0.289	0.295	0.295	0.300	0.298	0.318	2.079	0.610	0.311	0.200	1.000	-178482.914
10	8	10000	9275	0.5131	0.320	0.294	0.300	0.297	0.305	0.287	0.290	0.257	0.292	0.292	0.288	0.301	0.300	0.289	1.982	0.643	0.298	0.199	1.403	-176569.243
11	8	10000	9281	0.5172	0.312	0.309	0.291	0.308	0.293	0.301	0.300	0.285	0.289	0.323	0.307	0.322	0.299	0.305	1.989	0.614	0.318	0.203	1.204	-179862.286
12	8	10000	9269	0.5136	0.324	0.300	0.307	0.302	0.286	0.294	0.312	0.313	0.294	0.294	0.313	0.295	0.304	0.306	1.989	0.597	0.313	0.197	1.022	-179472.390
13	8	10000	9239	0.5160	0.293	0.294	0.301	0.276	0.294	0.290	0.292	0.300	0.283	0.305	0.280	0.298	0.294	0.307	1.999	0.622	0.279	0.204	1.000	-176696.776
14	8	10000	9291	0.5155	0.285	0.303	0.298	0.304	0.297	0.317	0.295	0.309	0.298	0.304	0.301	0.289	0.305	0.301	1.971	0.631	0.302	0.204	1.475	-179071.743
15	8	10000	9298	0.5159	0.294	0.307	0.310	0.303	0.314	0.296	0.298	0.311	0.288	0.294	0.311	0.309	0.310	0.301	1.975	0.588	0.305	0.198	1.142	-179699.882
16	8	10000	9263	0.5112	0.313	0.292	0.304	0.309	0.290	0.305	0.294	0.300	0.290	0.304	0.304	0.304	0.297	0.304	2.011	0.631	0.311	0.200	1.103	-178694.004
17	8	10000	9299	0.5123	0.302	0.303	0.294	0.303	0.308	0.304	0.289	0.279	0.302	0.296	0.302	0.304	0.305	0.290	2.023	0.589	0.292	0.200	1.000	-178323.229
18	8	10000	9250	0.5115	0.295	0.303	0.300	0.311	0.301	0.301	0.305	0.317	0.312	0.299	0.298	0.307	0.305	0.294	2.013	0.576	0.290	0.196	1.000	-179103.066
19	8	10000	9231	0.5150	0.313	0.303	0.303	0.300	0.294	0.311	0.292	0.291	0.306	0.306	0.297	0.299	0.300	0.289	2.003	0.632	0.304	0.202	1.433	-178347.068
20	8	10000	9297	0.5154	0.277	0.294	0.291	0.308	0.305	0.301	0.296	0.321	0.291	0.299	0.306	0.301	0.299	0.286	2.001	0.608	0.307	0.202	1.000	-178462.663
21	8	10000	9278	0.5122	0.304	0.292	0.293	0.298	0.295	0.311	0.295	0.291	0.286	0.304	0.302	0.316	0.290	0.296	2.010	0.621	0.304	0.202	1.043	-178160.310
22	8	10000	9234	0.5145	0.323	0.308	0.294	0.312	0.292	0.287	0.315	0.276	0.299	0.293	0.304	0.289	0.291	0.295	1.959	0.586	0.291	0.200	1.000	-178357.787
23	8	10000	9288	0.5119	0.312	0.301	0.311	0.298	0.308	0.303	0.294	0.289	0.294	0.285	0.297	0.315	0.298	0.295	1.986	0.625	0.309	0.202	1.178	-178578.087
24	8	10000	9254	0.5141	0.339	0.311	0.305	0.294	0.311	0.300	0.308	0.265	0.301	0.296	0.287	0.305	0.294	0.296	2.006	0.601	0.315	0.201	1.145	-178801.395
25	8	10000	9256	0.5141	0.285	0.298	0.292	0.300	0.292	0.286	0.305	0.313	0.295	0.304	0.309	0.301	0.288	0.300	2.056	0.627	0.318	0.197	1.558	-177590.787
26	8	10000	9242	0.5123	0.300	0.299	0.306	0.285	0.306	0.291	0.303	0.294	0.296	0.292	0.277	0.298	0.289	0.292	1.966	0.605	0.303	0.198	1.000	-177012.239
27	8	10000	9302	0.5121	0.011	0.288	0.291	0.300	0.292	0.306	0.313	0.598	0.293	0.297	0.292	0.294	0.288	0.301	2.030	0.623	0.295	0.202	1.000	-177585.698
28	8	10000	9283	0.5121	0.282	0.297	0.289	0.307	0.311	0.303	0.299	0.324	0.301	0.300	0.297	0.319	0.293	0.298	2.019	0.609	0.295	0.204	1.280	-178787.236
29	8	10000	9231	0.5122	0.305	0.309	0.295	0.315	0.292	0.302	0.291	0.303	0.296	0.305	0.299	0.289	0.305	0.307	1.956	0.626	0.305	0.201	1.242	-178785.311
30	8	10000	9296	0.5144	0.254	0.301	0.302	0.300	0.294	0.295	0.300	0.324	0.292	0.299	0.314	0.312	0.304	0.298	2.012	0.609	0.305	0.200	1.000	-178742.765
31	8	10000	9296	0.5166	0.298	0.295	0.288	0.303	0.295	0.299	0.289	0.325	0.308	0.302	0.294	0.284	0.318	0.306	2.007	0.602	0.301	0.199	1.000	-178630.742
32	8	10000	9319	0.5116	0.280	0.312	0.307	0.308	0.303	0.306	0.314	0.330	0.314	0.301	0.307	0.295	0.299	0.301	2.015	0.627	0.316	0.202	1.728	-180009.257
33	8	10000	9250	0.5160	0.327	0.294	0.297	0.294	0.290	0.291	0.313	0.287	0.310	0.286	0.292	0.308	0.300	0.295	1.994	0.608	0.298	0.200	1.000	-178016.055
34	8	10000	9293	0.5137	0.257	0.300	0.296	0.291	0.309	0.303	0.302	0.333	0.293	0.302	0.306	0.306	0.297	0.296	2.037	0.580	0.298	0.199	1.000	-178558.451
35	8	10000	9285	0.5155	0.355	0.295	0.288	0.289	0.312	0.297	0.301	0.267	0.284	0.298	0.289	0.289	0.307	0.313	1.966	0.625	0.305	0.205	1.489	-178623.110
36	8	10000	9248	0.5116	0.342	0.280	0.291	0.304	0.295	0.306	0.293	0.278	0.292	0.312	0.286	0.293	0.299	0.308	1.997	0.621	0.305	0.202	1.101	-178029.548
37	8	10000	9251	0.5147	0.335	0.299	0.298	0.301	0.289	0.299	0.304	0.290	0.306	0.306	0.290	0.290	0.301	0.291	2.039	0.631	0.308	0.205	1.307	-178378.256
38	8	10000	9219	0.5115	0.264	0.295	0.297	0.299	0.294	0.311	0.302	0.347	0.299	0.276	0.308	0.307	0.292	0.296	1.998	0.608	0.318	0.198	1.242	-178239.515
39	8	10000	9203	0.5160	0.241	0.307	0.298	0.289	0.314	0.307	0.301	0.351	0.303	0.277	0.305	0.288	0.290	0.299	1.968	0.592	0.298	0.193	1.068	-177704.787
40	8	10000	9263	0.5136	0.336	0.284	0.299	0.303	0.311	0.305	0.299	0.285	0.299	0.290	0.303	0.297	0.305	0.301	2.053	0.609	0.319	0.204	1.000	-178747.213
41	8	10000	9280	0.5146	0.000	0.286	0.298	0.297	0.323	0.296	0.302	0.590	0.291	0.299	0.292	0.302	0.295	0.314	2.011	0.608	0.300	0.206	1.000	-178553.847
42	8	10000	9303	0.5165	0.306	0.302	0.304	0.294	0.299	0.297	0.295	0.307	0.316	0.288	0.299	0.290	0.299	0.307	2.021	0.642	0.290	0.204	2.008	-178414.907
43	8	10000	9256	0.5148	0.305	0.302	0.299	0.288	0.303	0.289	0.311	0.293	0.311	0.304	0.286	0.298	0.302	0.274	1.980	0.596	0.293	0.201	1.000	-177892.364
44	8	10000	9302	0.5164	0.327	0.307	0.303	0.298	0.284	0.299	0.302	0.283	0.294	0.291	0.305	0.302	0.314	0.293	2.010	0.596	0.295	0.199	1.000	-178722.887
45	8	10000	9304	0.5138	0.334	0.317	0.308	0.305	0.300	0.313	0.297	0.267	0.303	0.317	0.299	0.300	0.298	0.312	2.001	0.603	0.303	0.197	1.276	-179878.314
46	8	10000	9254	0.5157	0.335	0.287	0.293	0.297	0.295	0.296	0.296	0.259	0.296	0.288	0.309	0.284	0.287	0.299	1.993	0.598	0.292	0.198	1.000	-177171.685
47	8	10000	9283	0.5186	0.286	0.312	0.290	0.302	0.300	0.299	0.309	0.319	0.300	0.297	0.304	0.302	0.294	0.304	2.008	0.615	0.310	0.203	1.023	-179139.947
48	8	10000	9246	0.5140	0.307	0.306	0.300	0.303	0.288	0.295	0.295	0.297	0.316	0.296	0.305	0.294	0.311	0.296	2.016	0.617	0.304	0.194	1.213	-178356.239
49	8	10000	9262	0.5160	0.314	0.300	0.306	0.304	0.301	0.311	0.304	0.300	0.299	0.302	0.310	0.303	0.296	0.299	2.004	0.631	0.313	0.191	1.273	-178780.911
50	8	10000	9296	0.5125	0.327	0.313	0.308	0.297	0.299	0.293	0.297	0.272	0.297	0.303	0.305	0.296	0.299	0.305	1.984	0.608	0.314	0.204	1.269	-179191.903
51	8	10000	9252	0.5147	0.298	0.302	0.296	0.293	0.289	0.290	0.299	0.298	0.290	0.289	0.288	0.308	0.294	0.303	2.025	0.623	0.300	0.201	1.000	-177334.169
52	8	10000	9270	0.5131	0.330	0.295	0.294	0.307	0.290	0.311	0.291	0.286	0.298	0.301	0.302	0.297	0.290	0.284	2.031	0.614	0.289	0.203	1.000	-177550.947
53	8	10000	9284	0.5155	0.333	0.305	0.296	0.291	0.291	0.304	0.311	0.284	0.291	0.306	0.296	0.312	0.302	0.296	1.974	0.593	0.303	0.194	1.000	-178887.375
54	8	10000	9300	0.5123	0.291	0.313	0.304	0.288	0.298	0.305	0.299	0.303	0.283	0.288	0.307	0.293	0.306	0.298	2.032	0.593	0.304	0.201	1.000	-178289.964
55	8	10000	9286	0.5168	0.283	0.288	0.298	0.298	0.308	0.296	0.300	0.325	0.293	0.294	0.311	0.305	0.320	0.307	2.005	0.616	0.312	0.201	1.665	-179350.472
56	8	10000	9302	0.5166	0.322	0.302	0.305	0.297	0.306	0.297	0.300	0.301	0.300	0.298	0.310	0.281	0.293	0.308	2.009	0.641	0.307	0.203	1.256	-178789.984
57	8	10000	9278	0.5134	0.326	0.304	0.308	0.287	0.304	0.300	0.304	0.294	0.301	0.297	0.300	0.293	0.298	0.306	1.975	0.610	0.298	0.200	1.000	-178793.448
58	8	10000	9247	0.5131	0.279	0.297	0.306	0.293	0.298	0.284	0.307	0.322	0.287	0.297	0.279	0.308	0.292	0.301	1.980	0.661	0.318	0.202	2.529	-177275.177
59	8	10000	9282	0.5144	0.319	0.300	0.307	0.296	0.310	0.310	0.308	0.272	0.300	0.297	0.310	0.295	0.308	0.303	1.992	0.594	0.309	0.201	1.000	-179681.940
60	8	10000	9267	0.5119	0.293	0.299	0.297	0.300	0.296	0.306	0.290	0.311	0.314	0.293	0.287	0.290	0.299	0.304	2.017	0.627	0.322	0.197	1.000	-177940.354
61	8	10000	9310	0.5138	0.305	0.300	0.290	0.305	0.309	0.304	0.296	0.307	0.295	0.309	0.313	0.304	0.308	0.304	1.977	0.608	0.321	0.202	1.000	-180020.769
62	8	10000	9288	0.5117	0.301	0.305	0.305	0.304	0.300	0.304	0.301	0.305	0.295	0.297	0.302	0.286	0.294	0.303	2.041	0.588	0.297	0.196	1.000	-178606.372
63	8	10000	9318	0.5158	0.299	0.307	0.300	0.300	0.304	0.304	0.307	0.316	0.298	0.308	0.299	0.298	0.300	0.296	1.975	0.616	0.307	0.205	1.150	-179528.724
64	8	10000	9219	0.5113	0.282	0.310	0.290	0.297	0.282	0.300	0.295	0.302	0.291	0.287	0.294	0.309	0.306	0.299	2.038	0.601	0.298	0.200	1.160	-177258.097
65	8	10000	9262	0.5133	0.317	0.300	0.309	0.292	0.304	0.308	0.303	0.279	0.302	0.290	0.306	0.302	0.312	0.295	1.993	0.581	0.299	0.199	1.000	-179231.133
66	8	10000	9259	0.5112	0.333	0.307	0.304	0.304	0.285	0.301	0.300	0.283	0.305	0.299	0.308	0.309	0.290	0.297	2.049	0.587	0.315	0.193	1.294	-178808.254
67	8	10000	9290	0.5110	0.304	0.308	0.293	0.315	0.289	0.307	0.315	0.304	0.307	0.306	0.279	0.300	0.300	0.301	1.998	0.614	0.299	0.200	1.039	-178961.132
68	8	10000	9267	0.5129	0.306	0.293	0.280	0.299	0.295	0.288	0.308	0.306	0.312	0.304	0.287	0.307	0.307	0.286	1.962	0.631	0.300	0.205	1.426	-178220.285
69	8	10000	9266	0.5123	0.284	0.280	0.296	0.310	0.320	0.304	0.307	0.303	0.294	0.316	0.289	0.304	0.306	0.295	1.980	0.588	0.285	0.202	1.000	-178921.947
70	8	10000	9279	0.5131	0.297	0.300	0.310	0.298	0.301	0.302	0.307	0.301	0.300	0.307	0.294	0.303	0.293	0.295	2.004	0.610	0.313	0.202	1.107	-178948.135
71	8	10000	9299	0.5109	0.282	0.304	0.304	0.302	0.325	0.299	0.307	0.341	0.301	0.305	0.305	0.296	0.307	0.324	2.010	0.582	0.288	0.197	1.000	-180289.731
72	8	10000	9277	0.5118	0.311	0.289	0.302	0.289	0.297	0.294	0.292	0.262	0.302	0.305	0.303	0.309	0.302	0.295	2.004	0.579	0.291	0.201	1.000	-178094.144
73	8	10000	9271	0.5120	0.263	0.299	0.303	0.292	0.304	0.295	0.303	0.345	0.303	0.288	0.298	0.301	0.311	0.282	2.015	0.584	0.302	0.192	1.000	-177986.851
74	8	10000	9276	0.5142	0.334	0.312	0.295	0.296	0.287	0.281	0.305	0.277	0.300	0.293	0.310	0.308	0.311	0.301	2.022	0.621	0.313	0.201	1.529	-178543.887
75	8	10000	9309	0.5189	0.323	0.299	0.309	0.301	0.308	0.299	0.304	0.285	0.302	0.305	0.309	0.305	0.304	0.302	2.004	0.607	0.290	0.204	1.090	-179717.076
76	8	10000	9292	0.5163	0.273	0.299	0.297	0.296	0.301	0.296	0.289	0.340	0.289	0.305	0.295	0.276	0.292	0.305	1.945	0.609	0.296	0.205	1.000	-178022.716
77	8	10000	9288	0.5129	0.258	0.305	0.309	0.298	0.291	0.296	0.307	0.321	0.302	0.290	0.314	0.302	0.304	0.301	1.938	0.629	0.313	0.207	1.598	-179181.813
78	8	10000	9281	0.5104	0.323	0.290	0.292	0.302	0.308	0.306	0.294	0.283	0.309	0.294	0.306	0.286	0.312	0.296	2.015	0.617	0.298	0.200	1.000	-178314.230
79	8	10000	9285	0.5130	0.314	0.304	0.307	0.295	0.301	0.304	0.313	0.297	0.294	0.311	0.303	0.302	0.294	0.301	2.000	0.633	0.301	0.207	1.000	-179294.117
80	8	10000	9276	0.5145	0.287	0.313	0.298	0.321	0.302	0.298	0.298	0.314	0.302	0.302	0.305	0.295	0.306	0.312	2.000	0.623	0.307	0.203	1.000	-179517.697
81	8	10000	9285	0.5144	0.289	0.298	0.304	0.290	0.313	0.285	0.296	0.296	0.306	0.294	0.305	0.295	0.298	0.295	2.002	0.591	0.293	0.199	1.057	-177877.619
82	8	10000	9319	0.5104	0.271	0.297	0.304	0.305	0.292	0.309	0.302	0.348	0.308	0.309	0.297	0.286	0.300	0.306	1.972	0.630	0.323	0.202	1.612	-179232.133
83	8	10000	9250	0.5144	0.312	0.307	0.295	0.301	0.293	0.302	0.300	0.289	0.284	0.292	0.301	0.307	0.296	0.298	1.999	0.629	0.293	0.202	1.428	-178021.933
84	8	10000	9313	0.5108	0.603	0.297	0.290	0.302	0.310	0.305	0.294	0.000	0.310	0.293	0.296	0.302	0.297	0.285	2.001	0.608	0.291	0.205	1.000	-178243.934
85	8	10000	9284	0.5122	0.296	0.307	0.310	0.301	0.299	0.297	0.303	0.297	0.290	0.297	0.303	0.313	0.294	0.306	1.989	0.549	0.293	0.196	1.028	-179450.594
86	8	10000	9268	0.5160	0.325	0.300	0.306	0.296	0.290	0.293	0.296	0.282	0.286	0.309	0.309	0.322	0.295	0.302	1.993	0.616	0.311	0.197	1.536	-178881.767
87	8	10000	9272	0.5123	0.344	0.300	0.289	0.300	0.307	0.302	0.299	0.265	0.299	0.294	0.287	0.286	0.293	0.309	1.990	0.591	0.289	0.197	1.000	-177608.356
88	8	10000	9321	0.5127	0.315	0.293	0.300	0.295	0.311	0.283	0.302	0.309	0.296	0.308	0.296	0.321	0.296	0.303	2.030	0.580	0.293	0.200	1.028	-178938.206
89	8	10000	9255	0.5110	0.325	0.304	0.303	0.298	0.300	0.301	0.292	0.282	0.292	0.295	0.302	0.303	0.301	0.290	1.941	0.600	0.303	0.202	1.000	-178742.057
90	8	10000	9283	0.5145	0.274	0.279	0.307	0.291	0.323	0.294	0.301	0.347	0.306	0.306	0.310	0.290	0.285	0.291	2.000	0.592	0.292	0.194	1.000	-178297.836
91	8	10000	9308	0.5133	0.336	0.307	0.308	0.307	0.293	0.310	0.303	0.276	0.299	0.302	0.293	0.298	0.301	0.303	2.023	0.588	0.314	0.202	1.000	-179563.296
92	8	10000	9250	0.5146	0.330	0.310	0.315	0.304	0.307	0.296	0.290	0.283	0.295	0.307	0.299	0.299	0.304	0.294	2.012	0.596	0.310	0.191	1.061	-178766.653
93	8	10000	9292	0.5153	0.316	0.296	0.300	0.299	0.293	0.296	0.299	0.288	0.308	0.280	0.310	0.295	0.296	0.298	1.984	0.599	0.299	0.201	1.108	-178268.561
94	8	10000	9279	0.5192	0.320	0.278	0.305	0.299	0.304	0.310	0.297	0.291	0.287	0.301	0.323	0.304	0.285	0.302	1.965	0.613	0.295	0.202	1.115	-178968.629
95	8	10000	9273	0.5132	0.292	0.319	0.308	0.306	0.295	0.298	0.303	0.304	0.283	0.316	0.300	0.294	0.295	0.305	2.006	0.579	0.310	0.197	1.000	-179542.517
96	8	10000	9267	0.5124	0.268	0.299	0.294	0.302	0.302	0.303	0.297	0.334	0.303	0.308	0.289	0.299	0.293	0.313	1.967	0.620	0.304	0.196	1.332	-178385.915
97	8	10000	9260	0.5166	0.280	0.296	0.294	0.298	0.298	0.298	0.307	0.343	0.314	0.306	0.302	0.302	0.292	0.302	1.989	0.614	0.308	0.203	1.000	-179212.515
98	8	10000	9260	0.5118	0.305	0.296	0.307	0.295	0.292	0.300	0.306	0.290	0.289	0.290	0.295	0.302	0.300	0.293	1.960	0.592	0.303	0.196	1.000	-178088.753
99	8	10000	9311	0.5127	0.300	0.304	0.308	0.314	0.312	0.306	0.302	0.281	0.316	0.287	0.301	0.296	0.303	0.293	1.972	0.598	0.296	0.205	1.000	-179444.294
100	8	10000	9221	0.5088	0.280	0.297	0.297	0.297	0.296	0.297	0.294	0.298	0.300	0.312	0.292	0.287	0.317	0.291	2.018	0.589	0.293	0.201	1.179	-177840.448
101	8	10000	9241	0.5126	0.314	0.300	0.293	0.300	0.291	0.294	0.296	0.283	0.310	0.297	0.288	0.282	0.298	0.306	1.961	0.603	0.288	0.202	1.017	-177782.583
102	8	10000	9271	0.5094	0.274	0.297	0.297	0.293	0.303	0.299	0.305	0.325	0.310	0.319	0.298	0.293	0.293	0.311	2.018	0.582	0.295	0.201	1.000	-179255.457
103	8	10000	9262	0.5170	0.338	0.309	0.306	0.290	0.291	0.302	0.299	0.257	0.305	0.297	0.305	0.296	0.301	0.299	2.022	0.594	0.322	0.192	1.000	-178508.772
104	8	10000	9260	0.5120	0.299	0.307	0.296	0.306	0.287	0.311	0.295	0.304	0.298	0.291	0.300	0.310	0.308	0.298	2.009	0.620	0.305	0.200	1.180	-178402.407
105	8	10000	9318	0.5156	0.278	0.294	0.293	0.305	0.323	0.310	0.292	0.321	0.313	0.310	0.313	0.296	0.312	0.305	2.003	0.610	0.302	0.200	1.116	-179748.669
106	8	10000	9238	0.5146	0.304	0.309	0.309	0.307	0.318	0.283	0.296	0.281	0.301	0.294	0.297	0.312	0.299	0.301	1.990	0.587	0.291	0.200	1.000	-178906.912
107	8	10000	9295	0.5140	0.328	0.297	0.298	0.304	0.300	0.295	0.305	0.261	0.286	0.293	0.310	0.300	0.312	0.289	2.007	0.586	0.300	0.202	1.000	-178486.385
108	8	10000	9274	0.5122	0.288	0.307	0.306	0.303	0.300	0.305	0.304	0.297	0.300	0.306	0.301	0.300	0.307	0.290	2.022	0.622	0.312	0.198	1.551	-178931.509
109	8	10000	9258	0.5124	0.291	0.322	0.300	0.300	0.308	0.289	0.300	0.298	0.302	0.296	0.306	0.298	0.292	0.303	1.976	0.621	0.299	0.198	1.000	-178157.939
110	8	10000	9299	0.5166	0.299	0.304	0.312	0.298	0.314	0.304	0.301	0.296	0.279	0.287	0.308	0.307	0.296	0.300	1.992	0.620	0.304	0.205	1.485	-178994.944
111	8	10000	9295	0.5132	0.299	0.306	0.286	0.301	0.293	0.299	0.306	0.318	0.298	0.292	0.303	0.306	0.297	0.287	2.032	0.620	0.305	0.197	1.000	-177770.160
112	8	10000	9293	0.5138	0.313	0.294	0.308	0.293	0.286	0.296	0.312	0.274	0.317	0.304	0.295	0.308	0.307	0.305	2.014	0.599	0.306	0.196	1.000	-178915.712
113	8	10000	9321	0.5120	0.313	0.307	0.296	0.293	0.307	0.295	0.301	0.297	0.294	0.306	0.292	0.291	0.296	0.299	2.001	0.601	0.301	0.207	1.000	-178710.054
114	8	10000	9301	0.5139	0.601	0.291	0.299	0.300	0.296	0.295	0.297	0.000	0.305	0.303	0.301	0.307	0.302	0.312	1.994	0.625	0.311	0.202	1.540	-178754.782
115	8	10000	9243	0.5109	0.292	0.293	0.314	0.292	0.304	0.289	0.297	0.311	0.307	0.294	0.298	0.279	0.302	0.297	2.004	0.653	0.308	0.205	2.115	-177660.237
116	8	10000	9254	0.5139	0.000	0.294	0.288	0.299	0.301	0.291	0.296	0.606	0.285	0.287	0.296	0.298	0.294	0.288	1.970	0.629	0.283	0.202	1.000	-176805.150
117	8	10000	9256	0.5097	0.289	0.287	0.303	0.301	0.300	0.298	0.308	0.296	0.309	0.297	0.303	0.287	0.323	0.295	2.017	0.614	0.310	0.206	1.000	-178810.291
118	8	10000	9243	0.5141	0.285	0.290	0.304	0.291	0.294	0.293	0.306	0.315	0.302	0.304	0.297	0.288	0.301	0.305	1.996	0.604	0.291	0.202	1.000	-178263.358
119	8	10000	9316	0.5168	0.318	0.306	0.300	0.295	0.303	0.292	0.314	0.280	0.309	0.313	0.316	0.300	0.315	0.307	2.018	0.580	0.293	0.197	1.000	-180042.835
120	8	10000	9268	0.5151	0.285	0.314	0.297	0.308	0.288	0.308	0.302	0.307	0.301	0.304	0.286	0.301	0.299	0.315	1.989	0.564	0.279	0.194	1.006	-178678.196
121	8	10000	9248	0.5144	0.299	0.304	0.275	0.303	0.307	0.284	0.294	0.307	0.299	0.301	0.298	0.293	0.288	0.289	2.027	0.628	0.290	0.203	1.000	-176962.789
122	8	10000	9341	0.5142	0.322	0.300	0.313	0.301	0.298	0.288	0.303	0.287	0.301	0.304	0.309	0.301	0.304	0.310	1.976	0.628	0.316	0.203	1.383	-179654.359
123	8	10000	9232	0.5174	0.293	0.284	0.302	0.297	0.316	0.302	0.296	0.299	0.294	0.300	0.304	0.315	0.305	0.297	2.017	0.586	0.314	0.196	1.127	-178781.525
124	8	10000	9277	0.5143	0.270	0.308	0.286	0.296	0.291	0.302	0.290	0.305	0.302	0.306	0.297	0.312	0.302	0.302	1.978	0.589	0.272	0.198	1.000	-177957.834
125	8	10000	9272	0.5161	0.319	0.313	0.311	0.292	0.309	0.306	0.300	0.285	0.312	0.312	0.303	0.287	0.302	0.296	2.065	0.575	0.296	0.196	1.000	-179221.584
126	8	10000	9285	0.5132	0.320	0.295	0.287	0.302	0.312	0.296	0.303	0.288	0.305	0.295	0.304	0.304	0.288	0.296	1.993	0.583	0.296	0.199	1.000	-178552.415
127	8	10000	9299	0.5118	0.305	0.315	0.298	0.314	0.292	0.304	0.294	0.310	0.307	0.309	0.301	0.301	0.293	0.300	2.012	0.603	0.283	0.205	1.000	-179389.199
128	8	10000	9297	0.5137	0.295	0.294	0.305	0.297	0.309	0.300	0.297	0.303	0.299	0.295	0.298	0.286	0.302	0.300	2.034	0.606	0.297	0.200	1.516	-178060.189
129	8	10000	9243	0.5163	0.319	0.295	0.305	0.295	0.292	0.290	0.294	0.269	0.297	0.289	0.293	0.310	0.299	0.298	2.010	0.603	0.292	0.202	1.000	-177517.148
130	8	10000	9265	0.5084	0.287	0.294	0.285	0.300	0.296	0.306	0.297	0.305	0.302	0.308	0.289	0.290	0.297	0.312	2.026	0.608	0.296	0.201	1.056	-177726.715
131	8	10000	9254	0.5164	0.294	0.292	0.306	0.301	0.311	0.303	0.305	0.301	0.304	0.297	0.290	0.304	0.294	0.311	2.018	0.602	0.288	0.199	1.102	-178363.055
132	8	10000	9291	0.5081	0.320	0.293	0.296	0.310	0.292	0.301	0.295	0.269	0.296	0.304	0.289	0.306	0.307	0.294	1.972	0.603	0.290	0.206	1.118	-178428.327
133	8	10000	9271	0.5086	0.280	0.286	0.301	0.311	0.297	0.303	0.291	0.306	0.291	0.305	0.294	0.306	0.292	0.303	2.010	0.590	0.287	0.198	1.000	-177690.148
134	8	10000	9271	0.5112	0.298	0.297	0.310	0.294	0.301	0.308	0.292	0.304	0.310	0.296	0.293	0.306	0.304	0.299	2.035	0.614	0.300	0.204	1.251	-178752.373
135	8	10000	9262	0.5121	0.306	0.305	0.298	0.296	0.305	0.291	0.305	0.283	0.301	0.293	0.306	0.306	0.305	0.296	1.985	0.611	0.309	0.199	1.223	-178526.041
136	8	10000	9277	0.5164	0.310	0.294	0.304	0.304	0.326	0.295	0.295	0.287	0.298	0.298	0.305	0.291	0.301	0.319	2.007	0.623	0.301	0.196	1.182	-178689.595
137	8	10000	9268	0.5114	0.280	0.302	0.292	0.295	0.308	0.302	0.290	0.318	0.301	0.303	0.296	0.301	0.302	0.294	1.996	0.621	0.308	0.203	1.000	-178293.289
138	8	10000	9287	0.5160	0.294	0.296	0.305	0.285	0.297	0.296	0.302	0.310	0.306	0.302	0.302	0.287	0.302	0.302	2.037	0.605	0.292	0.201	1.262	-178184.623
139	8	10000	9220	0.5170	0.324	0.280	0.292	0.311	0.307	0.299	0.292	0.261	0.296	0.315	0.287	0.293	0.293	0.290	1.987	0.601	0.297	0.199	1.000	-177795.857
140	8	10000	9243	0.5165	0.300	0.303	0.308	0.305	0.289	0.293	0.292	0.300	0.294	0.314	0.290	0.285	0.298	0.305	2.034	0.570	0.290	0.193	1.000	-177948.466
141	8	10000	9241	0.5154	0.568	0.300	0.305	0.286	0.302	0.300	0.305	0.036	0.309	0.277	0.295	0.306	0.297	0.301	2.057	0.617	0.311	0.200	1.000	-178019.905
142	8	10000	9246	0.5145	0.304	0.289	0.291	0.302	0.295	0.299	0.296	0.287	0.296	0.314	0.302	0.287	0.295	0.300	1.969	0.613	0.301	0.202	1.000	-178302.137
143	8	10000	9311	0.5143	0.326	0.293	0.301	0.313	0.314	0.301	0.305	0.275	0.306	0.296	0.304	0.300	0.311	0.297	2.026	0.599	0.314	0.196	1.073	-179292.245
144	8	10000	9301	0.5141	0.321	0.307	0.304	0.313	0.326	0.298	0.307	0.285	0.300	0.303	0.285	0.308	0.300	0.294	2.010	0.613	0.317	0.199	1.272	-179266.829
145	8	10000	9307	0.5139	0.322	0.302	0.305	0.300	0.309	0.307	0.301	0.279	0.300	0.309	0.299	0.310	0.298	0.300	1.944	0.636	0.310	0.202	1.370	-179433.949
146	8	10000	9295	0.5100	0.294	0.308	0.299	0.298	0.294	0.304	0.302	0.296	0.287	0.295	0.320	0.289	0.305	0.296	1.975	0.597	0.285	0.199	1.125	-178385.041
147	8	10000	9291	0.5133	0.300	0.287	0.298	0.303	0.306	0.298	0.304	0.294	0.298	0.290	0.301	0.293	0.300	0.299	1.988	0.597	0.312	0.197	1.210	-178314.224
148	8	10000	9282	0.5133	0.311	0.304	0.288	0.302	0.300	0.302	0.297	0.275	0.298	0.293	0.304	0.302	0.298	0.307	1.991	0.614	0.292	0.203	1.000	-178187.889
149	8	10000	9286	0.5125	0.331	0.304	0.297	0.308	0.309	0.301	0.307	0.281	0.298	0.301	0.300	0.314	0.300	0.298	1.987	0.613	0.306	0.204	1.000	-179586.875
150	8	10000	9276	0.5152	0.322	0.294	0.307	0.298	0.293	0.284	0.303	0.281	0.286	0.315	0.293	0.294	0.301	0.298	2.031	0.608	0.311	0.201	1.000	-178042.490
151	8	10000	9304	0.5109	0.299	0.296	0.299	0.307	0.312	0.301	0.306	0.311	0.312	0.304	0.300	0.303	0.305	0.286	2.006	0.627	0.318	0.202	1.754	-179158.303
152	8	10000	9301	0.5133	0.296	0.309	0.310	0.297	0.289	0.304	0.295	0.302	0.301	0.301	0.303	0.290	0.300	0.309	2.009	0.594	0.293	0.203	1.068	-178995.502
153	8	10000	9285	0.5129	0.284	0.295	0.293	0.300	0.299	0.299	0.296	0.322	0.299	0.274	0.304	0.290	0.297	0.294	2.027	0.616	0.297	0.199	1.133	-177373.577
154	8	10000	9249	0.5173	0.304	0.293	0.301	0.294	0.316	0.304	0.303	0.285	0.296	0.312	0.301	0.301	0.304	0.293	1.973	0.607	0.299	0.204	1.080	-179049.372
155	8	10000	9254	0.5130	0.276	0.292	0.296	0.301	0.288	0.299	0.286	0.307	0.300	0.298	0.297	0.301	0.304	0.293	2.036	0.585	0.290	0.201	1.171	-177617.063
156	8	10000	9274	0.5112	0.274	0.305	0.307	0.297	0.300	0.303	0.305	0.318	0.301	0.303	0.304	0.303	0.303	0.296	2.001	0.633	0.316	0.206	1.338	-179214.148
157	8	10000	9275	0.5117	0.275	0.310	0.298	0.297	0.302	0.297	0.293	0.312	0.295	0.296	0.308	0.302	0.311	0.290	2.034	0.590	0.288	0.201	1.000	-178155.179
158	8	10000	9285	0.5116	0.304	0.295	0.298	0.303	0.304	0.310	0.290	0.305	0.301	0.299	0.306	0.298	0.289	0.304	2.013	0.584	0.294	0.198	1.000	-178818.413
159	8	10000	9233	0.5126	0.261	0.325	0.288	0.294	0.286	0.298	0.300	0.315	0.293	0.311	0.290	0.295	0.304	0.314	1.972	0.600	0.297	0.196	1.206	-178178.443
160	8	10000	9283	0.5171	0.319	0.309	0.299	0.308	0.290	0.295	0.304	0.283	0.297	0.299	0.309	0.284	0.302	0.297	1.978	0.590	0.310	0.197	1.044	-178825.723
161	8	10000	9258	0.5149	0.285	0.294	0.294	0.316	0.289	0.303	0.301	0.304	0.296	0.303	0.301	0.302	0.300	0.281	1.976	0.639	0.305	0.200	1.343	-177912.614
162	8	10000	9245	0.5133	0.305	0.295	0.304	0.296	0.300	0.312	0.300	0.293	0.306	0.291	0.302	0.299	0.313	0.291	1.998	0.605	0.295	0.196	1.000	-178428.514
163	8	10000	9301	0.5138	0.297	0.295	0.319	0.298	0.299	0.290	0.310	0.334	0.294	0.299	0.313	0.305	0.298	0.299	2.014	0.605	0.309	0.200	1.284	-179386.453
164	8	10000	9300	0.5130	0.291	0.296	0.301	0.302	0.296	0.304	0.296	0.342	0.280	0.289	0.316	0.297	0.295	0.303	1.995	0.630	0.305	0.206	1.286	-178713.363
165	8	10000	9272	0.5121	0.338	0.290	0.309	0.293	0.289	0.298	0.298	0.260	0.299	0.311	0.299	0.281	0.298	0.302	1.983	0.601	0.292	0.202	1.000	-178051.853
166	8	10000	9243	0.5132	0.586	0.310	0.300	0.290	0.298	0.292	0.293	0.000	0.297	0.291	0.293	0.287	0.302	0.303	2.003	0.636	0.288	0.201	1.165	-177002.657
167	8	10000	9292	0.5153	0.293	0.317	0.315	0.279	0.290	0.303	0.297	0.325	0.301	0.303	0.291	0.289	0.299	0.299	1.988	0.611	0.296	0.201	1.181	-178619.667
168	8	10000	9227	0.5147	0.342	0.297	0.306	0.305	0.293	0.302	0.283	0.270	0.298	0.301	0.315	0.294	0.306	0.294	2.008	0.578	0.294	0.192	1.000	-178417.111
169	8	10000	9268	0.5162	0.280	0.297	0.300	0.294	0.298	0.292	0.311	0.312	0.299	0.292	0.314	0.301	0.308	0.301	1.969	0.610	0.311	0.198	1.102	-178767.284
170	8	10000	9248	0.5148	0.316	0.281	0.292	0.303	0.297	0.307	0.299	0.290	0.287	0.294	0.291	0.297	0.296	0.305	1.985	0.610	0.304	0.204	1.246	-177922.384
171	8	10000	9296	0.5169	0.353	0.300	0.305	0.307	0.288	0.301	0.295	0.260	0.306	0.299	0.302	0.309	0.305	0.300	1.992	0.600	0.306	0.202	1.426	-179490.610
172	8	10000	9247	0.5142	0.260	0.297	0.295	0.309	0.303	0.298	0.309	0.333	0.304	0.297	0.303	0.303	0.308	0.296	2.005	0.607	0.314	0.193	1.000	-178633.119
173	8	10000	9287	0.5146	0.322	0.297	0.312	0.293	0.291	0.297	0.297	0.259	0.298	0.293	0.303	0.302	0.297	0.305	2.015	0.614	0.296	0.208	1.330	-178368.289
174	8	10000	9288	0.5171	0.317	0.308	0.298	0.305	0.285	0.293	0.296	0.280	0.286	0.294	0.304	0.306	0.298	0.294	1.987	0.611	0.292	0.200	1.000	-178064.308
175	8	10000	9283	0.5127	0.330	0.303	0.298	0.296	0.315	0.296	0.297	0.277	0.306	0.309	0.290	0.309	0.302	0.298	1.953	0.589	0.301	0.200	1.000	-179226.809
176	8	10000	9322	0.5105	0.308	0.296	0.299	0.309	0.305	0.307	0.303	0.314	0.295	0.303	0.302	0.298	0.323	0.291	2.001	0.614	0.320	0.203	1.457	-179777.641
177	8	10000	9246	0.5105	0.321	0.297	0.291	0.299	0.296	0.299	0.308	0.291	0.294	0.289	0.300	0.283	0.295	0.301	1.971	0.615	0.290	0.205	1.000	-177882.062
178	8	10000	9290	0.5125	0.309	0.298	0.307	0.294	0.304	0.300	0.302	0.284	0.300	0.300	0.306	0.323	0.304	0.297	1.948	0.614	0.303	0.201	1.147	-179389.593
179	8	10000	9347	0.5146	0.341	0.296	0.289	0.308	0.314	0.288	0.308	0.259	0.296	0.313	0.302	0.315	0.302	0.303	1.952	0.596	0.288	0.207	1.000	-179772.768
180	8	10000	9229	0.5128	0.333	0.294	0.298	0.290	0.280	0.298	0.295	0.286	0.293	0.300	0.294	0.303	0.297	0.294	2.030	0.627	0.312	0.200	1.529	-177415.914
181	8	10000	9289	0.5174	0.300	0.309	0.301	0.298	0.303	0.310	0.305	0.307	0.311	0.295	0.305	0.296	0.297	0.315	1.965	0.615	0.316	0.200	1.000	-179747.459
182	8	10000	9309	0.5117	0.306	0.304	0.301	0.308	0.301	0.302	0.296	0.277	0.298	0.312	0.288	0.301	0.303	0.311	2.034	0.624	0.302	0.208	1.445	-178888.507
183	8	10000	9276	0.5169	0.298	0.291	0.306	0.294	0.307	0.315	0.308	0.319	0.280	0.297	0.302	0.308	0.303	0.297	1.999	0.594	0.290	0.196	1.000	-178856.871
184	8	10000	9236	0.5125	0.302	0.308	0.308	0.301	0.313	0.295	0.288	0.295	0.297	0.298	0.301	0.286	0.286	0.307	1.996	0.591	0.308	0.201	1.000	-178588.890
185	8	10000	9274	0.5161	0.283	0.297	0.313	0.291	0.294	0.299	0.291	0.293	0.300	0.294	0.305	0.295	0.295	0.289	1.997	0.605	0.298	0.205	1.000	-177826.930
186	8	10000	9279	0.5152	0.301	0.286	0.308	0.296	0.312	0.312	0.293	0.287	0.286	0.295	0.285	0.307	0.298	0.297	2.054	0.624	0.279	0.211	1.000	-177839.510
187	8	10000	9260	0.5096	0.303	0.300	0.299	0.308	0.313	0.290	0.301	0.308	0.299	0.307	0.302	0.301	0.304	0.296	2.027	0.608	0.305	0.201	1.262	-178815.134
188	8	10000	9277	0.5146	0.279	0.291	0.308	0.287	0.305	0.299	0.298	0.342	0.295	0.301	0.301	0.292	0.306	0.301	1.988	0.585	0.300	0.194	1.000	-178420.313
189	8	10000	9260	0.5163	0.273	0.301	0.296	0.287	0.297	0.300	0.308	0.312	0.301	0.296	0.304	0.309	0.292	0.288	1.994	0.603	0.300	0.201	1.010	-177907.723
190	8	10000	9277	0.5165	0.000	0.289	0.308	0.297	0.307	0.297	0.300	0.617	0.276	0.309	0.299	0.314	0.291	0.300	2.008	0.645	0.327	0.204	1.000	-178648.291
191	8	10000	9261	0.5145	0.265	0.296	0.305	0.299	0.299	0.304	0.302	0.335	0.307	0.296	0.308	0.297	0.295	0.301	1.987	0.597	0.314	0.197	1.009	-178903.733
192	8	10000	9275	0.5116	0.275	0.291	0.297	0.301	0.302	0.297	0.297	0.331	0.298	0.289	0.313	0.293	0.302	0.297	1.993	0.610	0.302	0.201	1.000	-178037.197
193	8	10000	9265	0.5143	0.322	0.279	0.294	0.296	0.301	0.306	0.309	0.281	0.306	0.299	0.302	0.304	0.298	0.306	2.023	0.587	0.306	0.195	1.000	-178536.439
194	8	10000	9243	0.5138	0.265	0.281	0.299	0.301	0.298	0.290	0.302	0.300	0.298	0.295	0.297	0.310	0.293	0.287	1.995	0.581	0.288	0.201	1.000	-177507.110
195	8	10000	9296	0.5153	0.287	0.305	0.303	0.288	0.305	0.303	0.298	0.321	0.289	0.301	0.287	0.311	0.289	0.300	1.975	0.599	0.284	0.206	1.000	-178356.553
196	8	10000	9241	0.5147	0.257	0.300	0.295	0.299	0.289	0.300	0.297	0.337	0.294	0.302	0.299	0.285	0.289	0.297	1.970	0.584	0.292	0.203	1.000	-177887.858
197	8	10000	9218	0.5130	0.445	0.291	0.304	0.298	0.301	0.304	0.302	0.144	0.294	0.301	0.304	0.312	0.298	0.298	1.977	0.609	0.308	0.199	1.104	-178577.445
198	8	10000	9313	0.5166	0.288	0.292	0.300	0.306	0.308	0.294	0.309	0.324	0.301	0.293	0.297	0.308	0.300	0.300	1.978	0.585	0.306	0.190	1.000	-178682.813
199	8	10000	9280	0.5162	0.310	0.310	0.301	0.298	0.302	0.307	0.300	0.290	0.298	0.297	0.294	0.307	0.302	0.305	2.010	0.597	0.288	0.198	1.211	-178763.192
200	8	10000	9307	0.5124	0.294	0.298	0.306	0.296	0.291	0.295	0.305	0.295	0.302	0.296	0.286	0.296	0.301	0.309	2.010	0.615	0.305	0.204	1.000	-178120.277
201	8	10000	9309	0.5175	0.305	0.308	0.306	0.303	0.303	0.289	0.285	0.297	0.299	0.311	0.297	0.302	0.303	0.302	1.995	0.620	0.307	0.198	1.501	-178751.650
202	8	10000	9301	0.5128	0.276	0.289	0.303	0.302	0.313	0.309	0.292	0.342	0.315	0.299	0.311	0.298	0.293	0.297	2.025	0.569	0.304	0.201	1.000	-179603.801
203	8	10000	9224	0.5092	0.302	0.304	0.301	0.295	0.316	0.301	0.299	0.283	0.297	0.305	0.293	0.280	0.301	0.298	2.003	0.581	0.278	0.194	1.000	-177642.095
204	8	10000	9267	0.5136	0.327	0.312	0.298	0.298	0.297	0.304	0.303	0.286	0.313	0.289	0.307	0.287	0.291	0.297	2.009	0.613	0.303	0.196	1.227	-178496.549
205	8	10000	9227	0.5134	0.337	0.309	0.306	0.304	0.282	0.309	0.300	0.268	0.298	0.293	0.304	0.285	0.298	0.300	1.989	0.622	0.315	0.200	1.724	-178471.444
206	8	10000	9272	0.5162	0.310	0.303	0.285	0.303	0.302	0.299	0.293	0.304	0.293	0.297	0.300	0.299	0.298	0.291	1.987	0.583	0.294	0.195	1.000	-178244.727
207	8	10000	9305	0.5139	0.325	0.307	0.303	0.303	0.305	0.301	0.311	0.310	0.301	0.300	0.288	0.309	0.302	0.311	1.995	0.601	0.314	0.202	1.060	-180174.658
208	8	10000	9297	0.5130	0.277	0.311	0.301	0.310	0.297	0.297	0.291	0.330	0.297	0.313	0.308	0.288	0.301	0.300	2.015	0.609	0.311	0.196	1.161	-178801.257
209	8	10000	9311	0.5143	0.313	0.308	0.296	0.293	0.294	0.304	0.296	0.274	0.298	0.307	0.309	0.301	0.294	0.303	2.019	0.618	0.285	0.204	1.172	-178430.696
210	8	10000	9270	0.5130	0.290	0.302	0.295	0.305	0.298	0.312	0.301	0.295	0.304	0.296	0.296	0.299	0.301	0.294	1.946	0.585	0.299	0.194	1.000	-178503.677
211	8	10000	9260	0.5183	0.293	0.301	0.304	0.302	0.291	0.302	0.287	0.294	0.305	0.298	0.301	0.296	0.300	0.310	2.053	0.603	0.291	0.205	1.146	-178544.275
212	8	10000	9263	0.5122	0.292	0.302	0.297	0.296	0.302	0.306	0.299	0.303	0.297	0.290	0.300	0.312	0.298	0.301	1.977	0.594	0.302	0.189	1.302	-178313.442
213	8	10000	9292	0.5114	0.325	0.301	0.292	0.310	0.296	0.313	0.304	0.283	0.307	0.293	0.302	0.290	0.295	0.302	1.984	0.595	0.308	0.200	1.006	-179069.524
214	8	10000	9200	0.5125	0.301	0.299	0.301	0.310	0.283	0.294	0.304	0.293	0.288	0.290	0.289	0.291	0.302	0.293	2.007	0.599	0.312	0.205	1.000	-177798.627
215	8	10000	9265	0.5133	0.284	0.294	0.292	0.289	0.291	0.307	0.301	0.317	0.294	0.293	0.300	0.313	0.306	0.288	1.997	0.598	0.299	0.196	1.000	-177932.542
216	8	10000	9244	0.5142	0.293	0.291	0.307	0.304	0.295	0.295	0.298	0.319	0.305	0.297	0.306	0.292	0.288	0.306	1.998	0.616	0.313	0.202	1.000	-178614.773
217	8	10000	9291	0.5112	0.298	0.299	0.306	0.296	0.295	0.297	0.306	0.299	0.298	0.293	0.294	0.302	0.301	0.309	2.014	0.639	0.305	0.201	1.422	-178113.343
218	8	10000	9256	0.5158	0.330	0.307	0.320	0.293	0.283	0.306	0.295	0.270	0.289	0.298	0.286	0.313	0.312	0.303	2.028	0.589	0.293	0.196	1.185	-178710.391
219	8	10000	9296	0.5153	0.338	0.306	0.294	0.296	0.296	0.297	0.301	0.249	0.301	0.312	0.288	0.297	0.295	0.296	1.957	0.601	0.306	0.202	1.000	-178375.082
220	8	10000	9297	0.5158	0.310	0.292	0.304	0.288	0.302	0.296	0.287	0.284	0.310	0.295	0.302	0.301	0.289	0.301	2.024	0.604	0.302	0.198	1.000	-177829.121
221	8	10000	9233	0.5132	0.328	0.294	0.306	0.297	0.301	0.313	0.312	0.254	0.300	0.295	0.297	0.302	0.301	0.289	2.054	0.605	0.307	0.198	1.000	-178318.953
222	8	10000	9293	0.5144	0.274	0.313	0.296	0.296	0.309	0.308	0.304	0.350	0.283	0.291	0.305	0.298	0.300	0.295	1.961	0.603	0.297	0.190	1.092	-178479.734
223	8	10000	9293	0.5144	0.315	0.294	0.303	0.300	0.302	0.301	0.305	0.289	0.285	0.298	0.287	0.307	0.303	0.293	2.029	0.629	0.299	0.198	1.579	-177753.131
224	8	10000	9234	0.5110	0.308	0.287	0.296	0.294	0.290	0.299	0.297	0.311	0.290	0.293	0.308	0.311	0.289	0.303	1.951	0.611	0.287	0.201	1.000	-177994.729
225	8	10000	9255	0.5141	0.311	0.301	0.295	0.299	0.315	0.294	0.286	0.269	0.300	0.309	0.304	0.303	0.284	0.297	1.952	0.606	0.291	0.199	1.000	-178004.322
226	8	10000	9267	0.5132	0.300	0.303	0.301	0.299	0.295	0.300	0.288	0.295	0.300	0.304	0.301	0.302	0.293	0.298	2.004	0.597	0.299	0.198	1.000	-178142.623
227	8	10000	9258	0.5125	0.316	0.299	0.300	0.299	0.293	0.295	0.294	0.273	0.294	0.301	0.310	0.315	0.301	0.301	1.986	0.609	0.291	0.199	1.000	-178506.836
228	8	10000	9304	0.5134	0.303	0.314	0.299	0.297	0.287	0.291	0.322	0.296	0.307	0.302	0.292	0.319	0.293	0.289	2.008	0.610	0.296	0.204	1.107	-178797.562
229	8	10000	9301	0.5159	0.333	0.298	0.301	0.312	0.287	0.313	0.291	0.277	0.304	0.297	0.298	0.295	0.299	0.296	2.041	0.608	0.309	0.202	1.200	-178820.585
230	8	10000	9254	0.5147	0.322	0.301	0.294	0.311	0.301	0.302	0.291	0.287	0.299	0.310	0.299	0.295	0.291	0.297	1.991	0.606	0.294	0.197	1.000	-178259.422
231	8	10000	9255	0.5144	0.283	0.295	0.289	0.299	0.284	0.296	0.297	0.305	0.301	0.306	0.294	0.282	0.299	0.294	2.011	0.604	0.283	0.207	1.078	-177311.176
232	8	10000	9214	0.5138	0.290	0.291	0.285	0.306	0.306	0.299	0.294	0.297	0.283	0.302	0.286	0.300	0.306	0.297	1.988	0.595	0.302	0.198	1.136	-177492.297
233	8	10000	9283	0.5131	0.256	0.301	0.302	0.299	0.316	0.302	0.299	0.343	0.312	0.302	0.303	0.305	0.299	0.313	1.962	0.618	0.318	0.208	1.376	-179935.743
234	8	10000	9301	0.5134	0.304	0.299	0.321	0.312	0.285	0.292	0.298	0.306	0.285	0.294	0.304	0.314	0.300	0.288	1.992	0.638	0.325	0.205	1.959	-178960.877
235	8	10000	9248	0.5122	0.296	0.297	0.296	0.297	0.301	0.299	0.301	0.288	0.289	0.304	0.305	0.313	0.300	0.300	2.010	0.602	0.297	0.203	1.000	-178294.643
236	8	10000	9237	0.5144	0.299	0.309	0.298	0.307	0.291	0.288	0.298	0.290	0.293	0.305	0.299	0.292	0.306	0.286	2.032	0.604	0.294	0.202	1.000	-177789.681
237	8	10000	9248	0.5099	0.290	0.292	0.301	0.301	0.288	0.307	0.303	0.340	0.309	0.301	0.293	0.293	0.304	0.296	1.986	0.657	0.324	0.206	2.496	-178625.002
238	8	10000	9272	0.5095	0.292	0.296	0.302	0.297	0.285	0.311	0.312	0.318	0.307	0.305	0.303	0.288	0.300	0.282	2.000	0.594	0.306	0.198	1.000	-178638.182
239	8	10000	9250	0.5148	0.335	0.298	0.285	0.298	0.306	0.288	0.292	0.272	0.299	0.295	0.291	0.307	0.310	0.289	1.996	0.596	0.306	0.196	1.087	-178014.671
240	8	10000	9316	0.5161	0.224	0.304	0.310	0.293	0.306	0.297	0.303	0.372	0.290	0.301	0.290	0.298	0.307	0.309	2.010	0.624	0.301	0.211	1.000	-179075.344
241	8	10000	9271	0.5153	0.170	0.305	0.292	0.309	0.307	0.293	0.311	0.433	0.287	0.311	0.292	0.310	0.297	0.291	2.029	0.591	0.294	0.205	1.000	-178960.430
242	8	10000	9232	0.5157	0.300	0.293	0.302	0.297	0.291	0.309	0.287	0.282	0.297	0.309	0.299	0.297	0.283	0.298	1.982	0.594	0.293	0.196	1.000	-177575.179
243	8	10000	9280	0.5125	0.285	0.306	0.296	0.304	0.296	0.292	0.302	0.339	0.294	0.294	0.309	0.308	0.300	0.290	1.972	0.622	0.298	0.203	1.000	-178494.365
244	8	10000	9259	0.5132	0.280	0.303	0.307	0.299	0.285	0.304	0.286	0.325	0.296	0.301	0.300	0.298	0.298	0.301	2.015	0.605	0.302	0.201	1.000	-178177.334
245	8	10000	9310	0.5143	0.316	0.294	0.303	0.304	0.300	0.304	0.301	0.299	0.302	0.307	0.297	0.282	0.298	0.297	1.996	0.625	0.314	0.208	1.267	-179172.181
246	8	10000	9265	0.5117	0.329	0.300	0.308	0.294	0.304	0.306	0.306	0.277	0.290	0.301	0.302	0.287	0.303	0.300	2.018	0.621	0.297	0.204	1.000	-178578.096
247	8	10000	9273	0.5106	0.299	0.311	0.300	0.306	0.297	0.298	0.290	0.301	0.304	0.297	0.304	0.304	0.296	0.311	1.991	0.583	0.306	0.199	1.040	-179287.534
248	8	10000	9224	0.5128	0.335	0.310	0.296	0.298	0.293	0.317	0.296	0.286	0.292	0.288	0.288	0.299	0.298	0.297	2.018	0.611	0.302	0.200	1.113	-178098.002
249	8	10000	9281	0.5126	0.307	0.300	0.319	0.296	0.291	0.288	0.298	0.275	0.295	0.311	0.298	0.300	0.298	0.302	2.010	0.609	0.296	0.207	1.000	-178534.607
250	8	10000	9291	0.5142	0.311	0.308	0.302	0.304	0.284	0.296	0.301	0.323	0.298	0.300	0.303	0.284	0.297	0.318	2.010	0.609	0.308	0.202	1.000	-179154.831
251	8	10000	9274	0.5168	0.280	0.305	0.289	0.294	0.309	0.294	0.315	0.316	0.305	0.304	0.295	0.308	0.302	0.289	1.980	0.610	0.307	0.199	1.423	-178787.706
252	8	10000	9278	0.5152	0.257	0.295	0.306	0.302	0.277	0.305	0.297	0.318	0.303	0.296	0.297	0.291	0.304	0.298	2.023	0.612	0.309	0.205	1.164	-178085.928
253	8	10000	9294	0.5144	0.323	0.302	0.316	0.282	0.305	0.292	0.303	0.277	0.297	0.307	0.289	0.309	0.305	0.292	2.018	0.580	0.310	0.195	1.000	-178772.687
254	8	10000	9270	0.5120	0.301	0.291	0.299	0.296	0.312	0.301	0.294	0.322	0.292	0.289	0.300	0.303	0.293	0.296	2.024	0.589	0.292	0.200	1.000	-178202.452
255	8	10000	9274	0.5148	0.305	0.285	0.287	0.305	0.306	0.305	0.292	0.298	0.287	0.309	0.305	0.312	0.303	0.294	1.985	0.623	0.300	0.205	1.000	-178600.024
256	8	10000	9262	0.5149	0.295	0.309	0.302	0.293	0.297	0.300	0.287	0.320	0.300	0.304	0.299	0.298	0.305	0.287	2.055	0.629	0.310	0.202	1.058	-178155.794
257	8	10000	9264	0.5104	0.297	0.292	0.309	0.303	0.305	0.307	0.302	0.320	0.301	0.308	0.306	0.307	0.301	0.291	2.007	0.645	0.314	0.204	1.756	-179139.187
258	8	10000	9251	0.5160	0.286	0.314	0.294	0.293	0.306	0.303	0.294	0.295	0.296	0.308	0.298	0.310	0.295	0.312	2.001	0.594	0.292	0.197	1.000	-178458.520
259	8	10000	9311	0.5142	0.319	0.289	0.304	0.299	0.299	0.309	0.308	0.284	0.294	0.301	0.305	0.299	0.292	0.308	1.999	0.605	0.306	0.198	1.000	-178980.400
260	8	10000	9271	0.5141	0.278	0.307	0.297	0.301	0.290	0.307	0.297	0.328	0.308	0.296	0.298	0.297	0.303	0.306	1.992	0.587	0.294	0.195	1.000	-178748.002
261	8	10000	9246	0.5129	0.325	0.305	0.295	0.300	0.289	0.297	0.298	0.255	0.294	0.299	0.307	0.307	0.289	0.312	2.079	0.623	0.304	0.201	1.187	-177713.752
262	8	10000	9225	0.5157	0.303	0.294	0.303	0.296	0.286	0.307	0.299	0.307	0.302	0.291	0.304	0.300	0.294	0.295	2.059	0.620	0.312	0.192	1.786	-177565.562
263	8	10000	9301	0.5141	0.276	0.295	0.295	0.309	0.306	0.311	0.299	0.330	0.313	0.294	0.309	0.296	0.292	0.298	2.008	0.593	0.297	0.199	1.000	-178952.475
264	8	10000	9265	0.5109	0.279	0.284	0.298	0.295	0.302	0.311	0.292	0.318	0.304	0.309	0.295	0.309	0.289	0.299	1.944	0.620	0.326	0.204	1.194	-178681.674
265	8	10000	9304	0.5090	0.312	0.300	0.305	0.294	0.297	0.303	0.301	0.293	0.303	0.294	0.293	0.296	0.309	0.292	1.993	0.607	0.302	0.201	1.000	-178556.892
266	8	10000	9285	0.5116	0.310	0.297	0.293	0.300	0.304	0.304	0.303	0.310	0.308	0.290	0.316	0.304	0.311	0.304	1.989	0.593	0.305	0.196	1.000	-179622.118
267	8	10000	9277	0.5113	0.313	0.294	0.297	0.301	0.312	0.289	0.305	0.290	0.303	0.303	0.293	0.293	0.294	0.310	2.023	0.634	0.307	0.202	1.834	-178241.925
268	8	10000	9314	0.5139	0.146	0.294	0.289	0.311	0.311	0.305	0.316	0.450	0.303	0.305	0.303	0.301	0.304	0.312	2.024	0.632	0.301	0.202	1.534	-179347.908
269	8	10000	9302	0.5127	0.470	0.292	0.293	0.306	0.298	0.297	0.304	0.470	0.290	0.297	0.289	0.314	0.304	0.302	2.024	0.671	0.326	0.205	166.913	-178621.619
270	8	10000	9266	0.5114	0.292	0.296	0.304	0.302	0.299	0.310	0.286	0.300	0.301	0.298	0.312	0.293	0.292	0.301	1.991	0.609	0.303	0.198	1.000	-178402.765
271	8	10000	9251	0.5096	0.303	0.301	0.301	0.297	0.302	0.308	0.298	0.279	0.295	0.296	0.292	0.296	0.293	0.311	2.028	0.619	0.307	0.205	1.359	-178399.467
272	8	10000	9274	0.5138	0.322	0.297	0.306	0.294	0.315	0.292	0.307	0.273	0.302	0.299	0.283	0.302	0.291	0.293	2.009	0.623	0.304	0.199	1.342	-177741.955
273	8	10000	9284	0.5154	0.283	0.303	0.292	0.305	0.308	0.291	0.306	0.336	0.312	0.283	0.303	0.295	0.296	0.301	2.005	0.604	0.305	0.199	1.164	-178620.006
274	8	10000	9240	0.5155	0.305	0.296	0.292	0.295	0.304	0.310	0.295	0.298	0.299	0.299	0.311	0.307	0.297	0.309	1.983	0.611	0.302	0.205	1.000	-179125.636
275	8	10000	9281	0.5116	0.296	0.285	0.294	0.299	0.313	0.307	0.298	0.281	0.300	0.306	0.302	0.296	0.301	0.298	1.964	0.613	0.301	0.198	1.439	-178303.376
276	8	10000	9271	0.5128	0.315	0.299	0.298	0.305	0.302	0.300	0.303	0.278	0.295	0.298	0.308	0.294	0.285	0.306	2.035	0.580	0.300	0.206	1.193	-178706.289
277	8	10000	9231	0.5133	0.321	0.296	0.313	0.285	0.305	0.292	0.306	0.280	0.303	0.291	0.304	0.291	0.304	0.310	1.975	0.624	0.309	0.200	1.511	-178488.836
278	8	10000	9307	0.5186	0.279	0.312	0.307	0.298	0.283	0.313	0.300	0.344	0.299	0.300	0.300	0.289	0.308	0.284	1.998	0.599	0.306	0.200	1.000	-178954.810
279	8	10000	9288	0.5131	0.319	0.276	0.299	0.309	0.306	0.303	0.296	0.290	0.296	0.299	0.293	0.298	0.309	0.292	2.003	0.590	0.297	0.198	1.000	-178594.387
280	8	10000	9217	0.5148	0.293	0.307	0.290	0.306	0.301	0.293	0.299	0.307	0.296	0.292	0.297	0.289	0.287	0.308	1.966	0.630	0.307	0.201	1.167	-177880.143
281	8	10000	9264	0.5112	0.307	0.309	0.301	0.293	0.283	0.296	0.294	0.289	0.305	0.302	0.293	0.297	0.286	0.298	2.014	0.637	0.293	0.203	1.276	-177341.187
282	8	10000	9276	0.5153	0.322	0.297	0.296	0.298	0.295	0.299	0.314	0.285	0.298	0.303	0.300	0.302	0.302	0.287	1.981	0.614	0.298	0.204	1.313	-178561.254
283	8	10000	9266	0.5168	0.337	0.306	0.296	0.311	0.294	0.298	0.304	0.302	0.308	0.300	0.292	0.290	0.299	0.294	2.029	0.655	0.322	0.200	2.723	-178447.472
284	8	10000	9234	0.5136	0.301	0.292	0.299	0.296	0.282	0.294	0.285	0.306	0.298	0.297	0.308	0.299	0.300	0.298	1.985	0.617	0.304	0.199	1.000	-177467.284
285	8	10000	9268	0.5155	0.300	0.290	0.294	0.297	0.317	0.305	0.298	0.276	0.296	0.307	0.289	0.309	0.308	0.293	1.970	0.575	0.290	0.201	1.000	-178740.948
286	8	10000	9279	0.5092	0.312	0.303	0.287	0.292	0.299	0.304	0.295	0.281	0.300	0.294	0.300	0.297	0.296	0.292	2.022	0.597	0.284	0.202	1.000	-177338.799
287	8	10000	9265	0.5118	0.282	0.307	0.303	0.301	0.299	0.309	0.300	0.328	0.295	0.322	0.294	0.299	0.299	0.305	1.995	0.625	0.314	0.208	1.475	-179699.613
288	8	10000	9268	0.5128	0.285	0.303	0.298	0.300	0.295	0.300	0.308	0.329	0.271	0.310	0.300	0.316	0.301	0.285	2.004	0.654	0.315	0.204	2.068	-178208.399
289	8	10000	9300	0.5180	0.295	0.312	0.302	0.286	0.301	0.307	0.308	0.326	0.317	0.305	0.293	0.295	0.291	0.306	2.000	0.620	0.322	0.203	1.189	-179539.200
290	8	10000	9302	0.5135	0.308	0.290	0.306	0.298	0.311	0.296	0.298	0.324	0.300	0.307	0.312	0.296	0.298	0.314	1.984	0.606	0.318	0.200	1.000	-179746.234
291	8	10000	9343	0.5113	0.605	0.316	0.303	0.319	0.312	0.302	0.290	0.000	0.282	0.307	0.311	0.305	0.309	0.314	2.046	0.627	0.295	0.200	1.000	-179656.584
292	8	10000	9303	0.5127	0.299	0.310	0.294	0.312	0.303	0.309	0.299	0.305	0.314	0.313	0.301	0.303	0.305	0.289	2.042	0.614	0.305	0.201	1.548	-179472.722
293	8	10000	9269	0.5166	0.269	0.296	0.296	0.310	0.298	0.295	0.302	0.338	0.293	0.297	0.299	0.291	0.307	0.294	2.027	0.593	0.296	0.199	1.000	-178285.008
294	8	10000	9296	0.5140	0.281	0.301	0.304	0.295	0.300	0.315	0.299	0.312	0.295	0.297	0.287	0.298	0.313	0.299	2.001	0.610	0.306	0.203	1.000	-178894.556
295	8	10000	9243	0.5124	0.305	0.291	0.305	0.303	0.303	0.302	0.300	0.278	0.301	0.300	0.291	0.291	0.308	0.287	2.015	0.596	0.310	0.198	1.521	-178152.359
296	8	10000	9308	0.5043	0.304	0.290	0.301	0.310	0.304	0.293	0.290	0.297	0.300	0.298	0.308	0.297	0.310	0.291	2.000	0.600	0.290	0.202	1.000	-178547.043
297	8	10000	9329	0.5129	0.327	0.283	0.297	0.310	0.296	0.287	0.300	0.270	0.307	0.313	0.306	0.311	0.297	0.307	2.018	0.579	0.279	0.192	1.000	-178526.888
298	8	10000	9239	0.5118	0.263	0.307	0.296	0.305	0.299	0.304	0.309	0.333	0.298	0.319	0.299	0.297	0.296	0.303	2.007	0.595	0.293	0.196	1.090	-178658.802
299	8	10000	9261	0.5134	0.254	0.309	0.303	0.298	0.306	0.307	0.295	0.325	0.300	0.291	0.300	0.304	0.297	0.304	2.004	0.613	0.311	0.200	1.069	-178286.836
300	8	10000	9256	0.5123	0.291	0.297	0.292	0.296	0.308	0.300	0.298	0.315	0.290	0.303	0.297	0.312	0.309	0.305	2.050	0.579	0.286	0.200	1.000	-178773.695
301	8	10000	9203	0.5112	0.248	0.312	0.297	0.289	0.298	0.291	0.296	0.332	0.291	0.298	0.296	0.290	0.299	0.297	1.983	0.595	0.280	0.198	1.000	-177142.538
302	8	10000	9243	0.5101	0.318	0.290	0.300	0.295	0.288	0.293	0.311	0.312	0.294	0.302	0.305	0.298	0.292	0.304	2.000	0.604	0.315	0.197	1.000	-178526.263
303	8	10000	9269	0.5127	0.270	0.297	0.302	0.296	0.306	0.313	0.292	0.345	0.287	0.308	0.289	0.301	0.292	0.294	2.000	0.597	0.308	0.202	1.000	-178578.127
304	8	10000	9298	0.5107	0.285	0.296	0.299	0.308	0.294	0.305	0.302	0.328	0.300	0.297	0.302	0.305	0.313	0.301	1.979	0.636	0.293	0.211	1.000	-179166.415
305	8	10000	9313	0.5143	0.281	0.308	0.314	0.309	0.297	0.318	0.300	0.317	0.292	0.289	0.301	0.301	0.310	0.306	1.981	0.601	0.289	0.196	1.168	-179486.397
306	8	10000	9253	0.5158	0.286	0.302	0.300	0.296	0.305	0.289	0.295	0.315	0.295	0.298	0.300	0.297	0.295	0.303	1.965	0.617	0.306	0.200	1.000	-178022.734
307	8	10000	9277	0.5106	0.303	0.296	0.307	0.308	0.295	0.299	0.292	0.310	0.304	0.308	0.303	0.298	0.306	0.285	2.036	0.601	0.295	0.203	1.044	-178677.240
308	8	10000	9264	0.5135	0.305	0.295	0.300	0.299	0.297	0.302	0.296	0.276	0.308	0.299	0.303	0.291	0.301	0.313	1.979	0.583	0.289	0.205	1.000	-178969.291
309	8	10000	9271	0.5119	0.270	0.310	0.299	0.304	0.289	0.304	0.295	0.338	0.303	0.298	0.319	0.292	0.298	0.312	1.973	0.608	0.306	0.195	1.345	-178998.444
310	8	10000	9323	0.5152	0.322	0.308	0.315	0.304	0.308	0.298	0.301	0.292	0.299	0.302	0.301	0.298	0.313	0.295	2.008	0.603	0.303	0.207	1.000	-179864.839
311	8	10000	9292	0.5100	0.297	0.312	0.302	0.297	0.310	0.305	0.292	0.289	0.307	0.314	0.299	0.308	0.305	0.304	1.952	0.592	0.305	0.200	1.000	-179736.102
312	8	10000	9274	0.5138	0.264	0.297	0.313	0.290	0.303	0.290	0.297	0.322	0.307	0.304	0.302	0.302	0.298	0.295	2.006	0.584	0.296	0.199	1.256	-178354.480
313	8	10000	9253	0.5162	0.316	0.299	0.299	0.296	0.296	0.282	0.307	0.274	0.296	0.296	0.310	0.301	0.292	0.311	2.014	0.589	0.291	0.206	1.144	-178550.508
314	8	10000	9272	0.5127	0.313	0.291	0.308	0.287	0.293	0.294	0.310	0.270	0.309	0.295	0.311	0.307	0.302	0.303	2.011	0.576	0.281	0.198	1.000	-178426.467
315	8	10000	9237	0.5122	0.260	0.283	0.314	0.291	0.305	0.282	0.306	0.343	0.310	0.286	0.302	0.298	0.295	0.297	2.013	0.603	0.308	0.196	1.148	-177708.411
316	8	10000	9273	0.5158	0.303	0.314	0.315	0.297	0.310	0.314	0.298	0.291	0.305	0.308	0.304	0.306	0.303	0.308	1.981	0.595	0.307	0.200	1.043	-180216.219
317	8	10000	9294	0.5181	0.270	0.295	0.299	0.295	0.303	0.308	0.315	0.317	0.301	0.293	0.297	0.295	0.303	0.293	1.993	0.605	0.302	0.202	1.000	-178512.025
318	8	10000	9330	0.5112	0.280	0.317	0.302	0.298	0.301	0.305	0.312	0.309	0.301	0.288	0.309	0.298	0.296	0.304	1.994	0.622	0.292	0.201	1.164	-178652.288
319	8	10000	9282	0.5163	0.319	0.296	0.307	0.287	0.304	0.313	0.294	0.278	0.293	0.303	0.308	0.311	0.304	0.309	2.002	0.610	0.318	0.200	1.379	-179510.812
320	8	10000	9240	0.5098	0.314	0.295	0.296	0.298	0.308	0.290	0.305	0.287	0.292	0.299	0.297	0.299	0.297	0.297	2.043	0.592	0.300	0.196	1.000	-177657.867
321	8	10000	9209	0.5115	0.262	0.314	0.296	0.301	0.299	0.296	0.283	0.337	0.299	0.304	0.292	0.298	0.298	0.289	2.007	0.593	0.292	0.196	1.045	-177600.936
322	8	10000	9287	0.5127	0.292	0.291	0.300	0.300	0.310	0.307	0.305	0.345	0.294	0.301	0.293	0.307	0.311	0.297	1.983	0.637	0.320	0.207	1.569	-179591.035
323	8	10000	9267	0.5134	0.300	0.304	0.297	0.311	0.305	0.305	0.299	0.287	0.294	0.313	0.301	0.302	0.294	0.299	2.006	0.593	0.315	0.200	1.198	-179188.380
324	8	10000	9322	0.5136	0.316	0.291	0.303	0.297	0.305	0.301	0.304	0.336	0.304	0.304	0.299	0.282	0.301	0.303	1.981	0.658	0.329	0.210	5.641	-179376.407
325	8	10000	9239	0.5081	0.309	0.294	0.291	0.301	0.302	0.303	0.300	0.301	0.287	0.301	0.308	0.301	0.297	0.303	1.973	0.608	0.307	0.200	1.000	-178476.410
326	8	10000	9246	0.5120	0.295	0.288	0.301	0.303	0.300	0.298	0.309	0.313	0.285	0.299	0.305	0.292	0.300	0.300	1.984	0.645	0.325	0.199	1.730	-178282.840
327	8	10000	9281	0.5201	0.000	0.295	0.295	0.300	0.303	0.309	0.294	0.586	0.307	0.305	0.300	0.306	0.290	0.292	2.027	0.598	0.298	0.200	1.138	-178658.264
328	8	10000	9262	0.5138	0.264	0.295	0.300	0.306	0.326	0.309	0.291	0.327	0.318	0.291	0.313	0.295	0.309	0.292	2.021	0.567	0.290	0.196	1.054	-179219.957
329	8	10000	9346	0.5171	0.296	0.289	0.295	0.306	0.290	0.302	0.299	0.337	0.300	0.313	0.308	0.303	0.302	0.320	2.008	0.641	0.309	0.207	1.391	-179738.627
330	8	10000	9253	0.5133	0.298	0.306	0.296	0.290	0.294	0.291	0.296	0.300	0.301	0.300	0.303	0.307	0.294	0.315	1.999	0.569	0.287	0.196	1.000	-178281.382
331	8	10000	9282	0.5124	0.297	0.319	0.288	0.314	0.297	0.303	0.293	0.307	0.299	0.275	0.317	0.310	0.303	0.297	1.981	0.624	0.298	0.205	1.000	-178761.328
332	8	10000	9203	0.5167	0.294	0.303	0.302	0.285	0.295	0.295	0.297	0.284	0.302	0.296	0.306	0.305	0.296	0.296	1.990	0.603	0.319	0.193	1.000	-177867.576
333	8	10000	9242	0.5110	0.290	0.297	0.290	0.303	0.294	0.303	0.309	0.297	0.302	0.299	0.286	0.306	0.294	0.312	1.993	0.595	0.305	0.197	1.000	-178338.391
334	8	10000	9301	0.5165	0.282	0.302	0.298	0.297	0.326	0.295	0.293	0.315	0.299	0.299	0.304	0.300	0.294	0.294	2.043	0.622	0.299	0.198	1.000	-177958.382
335	8	10000	9240	0.5149	0.296	0.301	0.303	0.308	0.301	0.291	0.297	0.303	0.295	0.303	0.294	0.300	0.298	0.301	2.032	0.601	0.307	0.198	1.194	-178376.492
336	8	10000	9299	0.5129	0.297	0.300	0.298	0.312	0.301	0.317	0.298	0.317	0.297	0.293	0.304	0.312	0.312	0.305	1.980	0.614	0.317	0.203	1.000	-179779.740
337	8	10000	9310	0.5164	0.313	0.301	0.293	0.323	0.321	0.300	0.303	0.280	0.285	0.307	0.302	0.313	0.299	0.301	2.000	0.609	0.295	0.207	1.159	-179667.050
338	8	10000	9291	0.5141	0.305	0.312	0.291	0.306	0.302	0.311	0.301	0.282	0.300	0.298	0.307	0.308	0.299	0.305	2.004	0.619	0.308	0.201	1.562	-179301.360
339	8	10000	9282	0.5169	0.282	0.290	0.313	0.297	0.284	0.310	0.299	0.311	0.309	0.293	0.302	0.291	0.303	0.317	2.017	0.626	0.291	0.202	1.000	-178341.862
340	8	10000	9286	0.5123	0.270	0.306	0.292	0.297	0.299	0.289	0.315	0.348	0.304	0.308	0.302	0.295	0.289	0.301	2.003	0.624	0.301	0.204	1.000	-178773.032
341	8	10000	9256	0.5127	0.308	0.313	0.294	0.309	0.283	0.295	0.301	0.300	0.305	0.299	0.300	0.284	0.287	0.308	1.984	0.603	0.309	0.201	1.078	-178611.340
342	8	10000	9250	0.5121	0.315	0.295	0.304	0.301	0.299	0.308	0.302	0.303	0.298	0.323	0.297	0.293	0.316	0.296	2.019	0.613	0.325	0.200	1.437	-179834.365
343	8	10000	9231	0.5139	0.336	0.290	0.286	0.311	0.320	0.302	0.293	0.245	0.289	0.289	0.299	0.296	0.288	0.295	1.987	0.612	0.319	0.197	1.552	-177812.172
344	8	10000	9252	0.5151	0.291	0.307	0.300	0.304	0.294	0.307	0.290	0.319	0.288	0.295	0.301	0.307	0.302	0.294	2.040	0.600	0.303	0.196	1.000	-178436.495
345	8	10000	9261	0.5106	0.292	0.295	0.293	0.309	0.296	0.295	0.293	0.307	0.291	0.311	0.309	0.304	0.295	0.291	2.021	0.592	0.297	0.198	1.000	-178265.845
346	8	10000	9285	0.5115	0.330	0.323	0.293	0.303	0.296	0.301	0.308	0.287	0.308	0.300	0.298	0.292	0.300	0.296	2.003	0.610	0.292	0.202	1.012	-178832.308
347	8	10000	9264	0.5127	0.309	0.306	0.295	0.303	0.295	0.302	0.304	0.286	0.303	0.298	0.300	0.307	0.307	0.285	2.016	0.591	0.299	0.201	1.000	-178920.738
348	8	10000	9260	0.5169	0.301	0.314	0.298	0.291	0.286	0.301	0.298	0.294	0.281	0.287	0.293	0.302	0.295	0.295	1.989	0.606	0.313	0.198	1.387	-177724.001
349	8	10000	9293	0.5149	0.141	0.308	0.293	0.294	0.294	0.289	0.292	0.473	0.312	0.292	0.304	0.292	0.306	0.302	2.004	0.615	0.291	0.203	1.000	-178219.673
350	8	10000	9286	0.5112	0.304	0.285	0.308	0.311	0.321	0.298	0.295	0.300	0.298	0.292	0.307	0.297	0.293	0.298	1.993	0.601	0.305	0.206	1.082	-179147.796
351	8	10000	9241	0.5146	0.279	0.300	0.302	0.302	0.304	0.300	0.299	0.330	0.301	0.303	0.299	0.306	0.308	0.288	1.981	0.639	0.304	0.195	1.264	-178205.157
352	8	10000	9224	0.5113	0.319	0.290	0.294	0.292	0.315	0.301	0.310	0.259	0.304	0.319	0.302	0.297	0.309	0.282	1.986	0.576	0.294	0.198	1.042	-178550.062
353	8	10000	9277	0.5146	0.277	0.319	0.293	0.299	0.293	0.312	0.292	0.329	0.294	0.310	0.301	0.302	0.303	0.295	2.035	0.601	0.298	0.201	1.141	-178958.769
354	8	10000	9283	0.5137	0.333	0.292	0.301	0.309	0.288	0.298	0.308	0.292	0.308	0.304	0.298	0.287	0.297	0.302	1.984	0.614	0.297	0.205	1.000	-178783.419
355	8	10000	9308	0.5109	0.291	0.303	0.302	0.301	0.309	0.292	0.293	0.311	0.297	0.303	0.292	0.313	0.306	0.299	1.994	0.594	0.288	0.203	1.000	-178788.360
356	8	10000	9297	0.5178	0.277	0.310	0.307	0.293	0.300	0.309	0.301	0.324	0.295	0.290	0.303	0.306	0.307	0.295	1.992	0.614	0.314	0.202	1.177	-179267.835
357	8	10000	9239	0.5153	0.290	0.300	0.291	0.300	0.288	0.301	0.308	0.320	0.307	0.302	0.292	0.295	0.305	0.292	1.990	0.623	0.305	0.204	1.126	-178507.588
358	8	10000	9231	0.5123	0.271	0.300	0.299	0.297	0.306	0.302	0.298	0.320	0.295	0.305	0.298	0.285	0.293	0.293	1.975	0.615	0.295	0.203	1.000	-177865.123
359	8	10000	9261	0.5117	0.318	0.289	0.297	0.299	0.303	0.302	0.313	0.290	0.293	0.298	0.304	0.284	0.290	0.297	2.004	0.597	0.294	0.202	1.000	-178099.114
360	8	10000	9297	0.5149	0.324	0.309	0.295	0.305	0.290	0.306	0.296	0.270	0.290	0.299	0.294	0.301	0.299	0.297	2.038	0.615	0.297	0.206	1.102	-178042.593
361	8	10000	9286	0.5197	0.280	0.314	0.286	0.297	0.304	0.293	0.304	0.315	0.294	0.296	0.309	0.301	0.305	0.299	2.013	0.586	0.290	0.200	1.000	-178733.004
362	8	10000	9315	0.5106	0.277	0.309	0.294	0.307	0.297	0.309	0.294	0.365	0.311	0.308	0.313	0.296	0.298	0.301	2.008	0.618	0.303	0.202	1.117	-179789.339
363	8	10000	9250	0.5135	0.286	0.297	0.298	0.294	0.285	0.297	0.294	0.316	0.307	0.298	0.296	0.277	0.292	0.296	1.971	0.619	0.304	0.202	1.000	-177478.638
364	8	10000	9231	0.5123	0.345	0.288	0.286	0.289	0.290	0.300	0.291	0.276	0.297	0.307	0.293	0.298	0.300	0.283	2.029	0.598	0.300	0.195	1.157	-177184.776
365	8	10000	9245	0.5158	0.270	0.287	0.285	0.313	0.310	0.296	0.309	0.341	0.291	0.303	0.295	0.307	0.314	0.301	2.034	0.597	0.301	0.193	1.051	-178623.949
366	8	10000	9252	0.5141	0.316	0.322	0.289	0.309	0.302	0.297	0.298	0.293	0.294	0.295	0.298	0.303	0.287	0.308	2.024	0.632	0.309	0.202	1.217	-178371.820
367	8	10000	9274	0.5103	0.321	0.286	0.281	0.305	0.309	0.304	0.298	0.266	0.295	0.293	0.313	0.296	0.287	0.314	2.007	0.604	0.294	0.201	1.212	-178161.815
368	8	10000	9307	0.5119	0.285	0.292	0.303	0.319	0.304	0.305	0.298	0.341	0.288	0.305	0.293	0.303	0.292	0.309	2.014	0.596	0.294	0.207	1.000	-179395.096
369	8	10000	9258	0.5148	0.305	0.295	0.309	0.296	0.286	0.308	0.300	0.292	0.299	0.298	0.308	0.308	0.302	0.298	2.021	0.590	0.315	0.197	1.224	-178926.075
370	8	10000	9289	0.5141	0.288	0.315	0.293	0.307	0.300	0.306	0.293	0.315	0.289	0.306	0.306	0.309	0.303	0.301	1.996	0.605	0.299	0.201	1.000	-179320.167
371	8	10000	9273	0.5133	0.268	0.299	0.295	0.304	0.331	0.303	0.294	0.331	0.299	0.289	0.293	0.309	0.300	0.303	1.999	0.603	0.307	0.192	1.123	-178428.700
372	8	10000	9245	0.5124	0.297	0.295	0.304	0.301	0.302	0.291	0.294	0.288	0.314	0.290	0.306	0.302	0.298	0.295	2.010	0.580	0.294	0.198	1.000	-178212.102
373	8	10000	9269	0.5160	0.302	0.299	0.288	0.303	0.287	0.314	0.297	0.301	0.298	0.308	0.296	0.305	0.312	0.302	2.007	0.608	0.309	0.201	1.000	-179038.640
374	8	10000	9270	0.5150	0.262	0.295	0.292	0.292	0.313	0.311	0.300	0.306	0.299	0.300	0.299	0.303	0.310	0.293	2.015	0.558	0.285	0.197	1.000	-178606.289
375	8	10000	9294	0.5153	0.313	0.298	0.306	0.293	0.299	0.302	0.301	0.287	0.278	0.302	0.286	0.298	0.318	0.300	2.010	0.616	0.290	0.204	1.233	-178401.654
376	8	10000	9225	0.5139	0.321	0.292	0.304	0.316	0.298	0.290	0.310	0.291	0.301	0.276	0.298	0.300	0.299	0.303	1.991	0.618	0.317	0.195	1.199	-178448.670
377	8	10000	9318	0.5166	0.262	0.308	0.295	0.302	0.294	0.308	0.297	0.329	0.311	0.292	0.297	0.303	0.304	0.318	1.981	0.571	0.281	0.203	1.000	-179520.211
378	8	10000	9265	0.5112	0.344	0.299	0.303	0.299	0.299	0.294	0.304	0.271	0.295	0.299	0.298	0.294	0.303	0.303	2.009	0.608	0.292	0.199	1.000	-178237.053
379	8	10000	9274	0.5131	0.345	0.301	0.303	0.304	0.313	0.297	0.305	0.277	0.293	0.306	0.304	0.302	0.295	0.293	2.033	0.644	0.319	0.203	1.000	-178888.116
380	8	10000	9295	0.5129	0.297	0.312	0.298	0.300	0.291	0.298	0.314	0.300	0.309	0.291	0.300	0.295	0.301	0.286	2.059	0.612	0.293	0.209	1.000	-178455.836
381	8	10000	9227	0.5115	0.266	0.290	0.297	0.296	0.298	0.299	0.294	0.318	0.304	0.293	0.308	0.298	0.298	0.300	2.018	0.595	0.308	0.195	1.203	-177703.576
382	8	10000	9251	0.5125	0.309	0.304	0.315	0.297	0.288	0.295	0.305	0.315	0.295	0.302	0.306	0.310	0.301	0.302	2.028	0.599	0.309	0.199	1.000	-179217.880
383	8	10000	9242	0.5121	0.326	0.292	0.294	0.294	0.302	0.300	0.308	0.278	0.291	0.287	0.289	0.304	0.301	0.294	2.022	0.627	0.315	0.199	1.609	-177669.212
384	8	10000	9313	0.5172	0.275	0.312	0.284	0.303	0.304	0.303	0.307	0.336	0.300	0.296	0.299	0.300	0.315	0.292	1.961	0.599	0.304	0.201	1.075	-179353.577
385	8	10000	9274	0.5108	0.335	0.307	0.304	0.300	0.279	0.309	0.297	0.270	0.302	0.310	0.304	0.300	0.304	0.315	2.002	0.597	0.306	0.199	1.000	-179195.886
386	8	10000	9257	0.5159	0.301	0.305	0.297	0.290	0.282	0.307	0.298	0.275	0.301	0.293	0.300	0.304	0.305	0.294	1.997	0.601	0.286	0.197	1.000	-177553.455
387	8	10000	9218	0.5153	0.000	0.296	0.301	0.295	0.298	0.306	0.291	0.590	0.301	0.305	0.301	0.297	0.309	0.286	1.980	0.592	0.296	0.195	1.000	-178159.999
388	8	10000	9252	0.5136	0.277	0.284	0.311	0.300	0.322	0.300	0.300	0.324	0.303	0.308	0.313	0.301	0.298	0.310	2.043	0.621	0.301	0.196	1.398	-179073.718
389	8	10000	9292	0.5115	0.295	0.298	0.294	0.302	0.298	0.292	0.305	0.304	0.305	0.305	0.310	0.278	0.312	0.298	1.946	0.583	0.299	0.195	1.075	-178704.942
390	8	10000	9268	0.5131	0.127	0.300	0.300	0.300	0.293	0.293	0.316	0.461	0.302	0.298	0.301	0.296	0.300	0.313	1.993	0.621	0.301	0.202	1.204	-178498.636
391	8	10000	9258	0.5139	0.269	0.297	0.309	0.295	0.310	0.288	0.298	0.314	0.294	0.303	0.293	0.304	0.291	0.302	2.000	0.583	0.294	0.195	1.131	-177859.645
392	8	10000	9266	0.5140	0.272	0.294	0.299	0.298	0.308	0.301	0.290	0.305	0.296	0.306	0.298	0.309	0.300	0.304	2.036	0.614	0.302	0.196	1.268	-177975.864
393	8	10000	9308	0.5115	0.300	0.292	0.316	0.297	0.305	0.301	0.293	0.299	0.312	0.293	0.308	0.315	0.294	0.311	2.003	0.583	0.296	0.194	1.132	-179015.614
394	8	10000	9250	0.5136	0.317	0.305	0.297	0.299	0.288	0.290	0.294	0.277	0.294	0.288	0.300	0.309	0.298	0.312	2.006	0.636	0.309	0.206	1.782	-177914.078
395	8	10000	9249	0.5163	0.259	0.291	0.291	0.310	0.289	0.292	0.301	0.325	0.283	0.309	0.295	0.300	0.304	0.294	2.004	0.589	0.295	0.198	1.068	-177938.466
396	8	10000	9314	0.5114	0.316	0.286	0.298	0.305	0.296	0.296	0.309	0.296	0.302	0.304	0.300	0.301	0.300	0.306	2.015	0.589	0.299	0.200	1.000	-178955.406
397	8	10000	9278	0.5112	0.314	0.305	0.300	0.294	0.298	0.288	0.292	0.295	0.291	0.299	0.308	0.301	0.295	0.310	2.026	0.639	0.299	0.201	1.213	-177892.211
398	8	10000	9291	0.5131	0.321	0.298	0.291	0.292	0.303	0.300	0.307	0.299	0.310	0.295	0.306	0.302	0.284	0.309	2.006	0.615	0.310	0.205	1.000	-178900.883
399	8	10000	9267	0.5158	0.334	0.294	0.297	0.300	0.301	0.305	0.309	0.296	0.305	0.298	0.297	0.303	0.308	0.309	2.018	0.636	0.322	0.202	1.595	-179305.323
400	8	10000	9254	0.5108	0.291	0.296	0.293	0.305	0.301	0.299	0.296	0.308	0.291	0.307	0.285	0.307	0.305	0.298	2.022	0.623	0.301	0.205	1.000	-177952.155
401	8	10000	9277	0.5127	0.290	0.289	0.293	0.316	0.308	0.299	0.305	0.328	0.298	0.301	0.300	0.296	0.306	0.285	2.058	0.621	0.320	0.202	1.000	-178563.254
402	8	10000	9291	0.5144	0.314	0.315	0.298	0.301	0.288	0.287	0.299	0.279	0.303	0.321	0.292	0.292	0.318	0.303	1.969	0.604	0.298	0.198	1.279	-178934.148
403	8	10000	9295	0.5184	0.303	0.309	0.311	0.296	0.297	0.304	0.303	0.321	0.308	0.297	0.305	0.308	0.304	0.291	2.007	0.595	0.310	0.190	1.000	-179260.876
404	8	10000	9262	0.5167	0.297	0.314	0.293	0.301	0.305	0.307	0.303	0.314	0.300	0.297	0.310	0.306	0.301	0.305	2.030	0.593	0.314	0.195	1.012	-179503.722
405	8	10000	9341	0.5103	0.305	0.304	0.292	0.309	0.306	0.310	0.298	0.286	0.288	0.306	0.302	0.300	0.313	0.298	2.025	0.603	0.286	0.207	1.067	-179260.025
406	8	10000	9234	0.5107	0.277	0.304	0.312	0.290	0.285	0.294	0.295	0.345	0.301	0.300	0.305	0.308	0.296	0.295	1.966	0.627	0.309	0.201	1.365	-178555.560
407	8	10000	9270	0.5122	0.295	0.306	0.306	0.293	0.300	0.294	0.292	0.327	0.298	0.296	0.295	0.292	0.292	0.300	1.967	0.616	0.308	0.194	1.340	-177935.302
408	8	10000	9262	0.5094	0.271	0.288	0.303	0.322	0.292	0.298	0.309	0.342	0.292	0.291	0.307	0.299	0.311	0.290	2.000	0.602	0.314	0.201	1.000	-179135.541
409	8	10000	9284	0.5106	0.281	0.293	0.303	0.301	0.302	0.311	0.294	0.315	0.293	0.301	0.304	0.308	0.295	0.300	1.990	0.626	0.311	0.203	1.542	-178624.531
410	8	10000	9269	0.5086	0.287	0.311	0.312	0.287	0.292	0.316	0.301	0.319	0.321	0.305	0.293	0.277	0.298	0.305	1.972	0.594	0.293	0.201	1.000	-179009.027
411	8	10000	9288	0.5126	0.287	0.322	0.298	0.304	0.286	0.292	0.295	0.320	0.292	0.299	0.304	0.319	0.306	0.296	2.016	0.614	0.304	0.203	1.297	-178877.981
412	8	10000	9277	0.5146	0.000	0.293	0.307	0.313	0.298	0.297	0.299	0.609	0.296	0.287	0.308	0.294	0.298	0.297	1.971	0.594	0.306	0.192	1.148	-178534.555
413	8	10000	9285	0.5193	0.304	0.320	0.299	0.304	0.286	0.321	0.301	0.298	0.297	0.300	0.300	0.292	0.311	0.302	1.977	0.605	0.297	0.203	1.000	-179574.664
414	8	10000	9278	0.5164	0.320	0.307	0.306	0.297	0.284	0.296	0.304	0.280	0.287	0.290	0.308	0.298	0.302	0.309	2.015	0.630	0.306	0.199	1.509	-178214.246
415	8	10000	9260	0.5162	0.328	0.296	0.305	0.303	0.286	0.305	0.295	0.308	0.296	0.316	0.301	0.311	0.296	0.296	1.992	0.612	0.327	0.198	1.180	-179340.071
416	8	10000	9283	0.5116	0.311	0.280	0.295	0.313	0.304	0.301	0.311	0.267	0.312	0.301	0.300	0.278	0.311	0.301	1.961	0.601	0.302	0.204	1.304	-179210.403
417	8	10000	9314	0.5129	0.273	0.287	0.308	0.294	0.305	0.307	0.298	0.338	0.294	0.300	0.297	0.310	0.302	0.297	1.992	0.614	0.316	0.209	1.000	-179119.787
418	8	10000	9308	0.5162	0.288	0.288	0.300	0.305	0.305	0.307	0.298	0.323	0.302	0.304	0.294	0.305	0.299	0.297	1.957	0.629	0.299	0.204	1.000	-179214.852
419	8	10000	9246	0.5103	0.281	0.291	0.303	0.299	0.320	0.296	0.305	0.314	0.291	0.303	0.289	0.307	0.300	0.304	2.021	0.628	0.323	0.195	1.113	-178243.349
420	8	10000	9222	0.5135	0.306	0.290	0.293	0.302	0.295	0.291	0.310	0.281	0.294	0.301	0.304	0.284	0.301	0.291	1.974	0.584	0.300	0.192	1.002	-177547.147
421	8	10000	9286	0.5188	0.330	0.291	0.298	0.298	0.306	0.288	0.300	0.290	0.304	0.304	0.310	0.289	0.301	0.310	2.002	0.602	0.298	0.201	1.000	-178863.360
422	8	10000	9270	0.5140	0.284	0.311	0.284	0.292	0.296	0.287	0.307	0.311	0.294	0.307	0.296	0.284	0.310	0.298	1.985	0.595	0.291	0.203	1.035	-178284.410
423	8	10000	9275	0.5123	0.307	0.292	0.303	0.315	0.294	0.310	0.293	0.306	0.296	0.304	0.301	0.297	0.287	0.294	1.969	0.642	0.302	0.208	1.189	-178771.459
424	8	10000	9250	0.5166	0.274	0.290	0.292	0.309	0.296	0.297	0.295	0.298	0.301	0.304	0.284	0.305	0.302	0.300	1.998	0.620	0.308	0.203	1.487	-177809.088
425	8	10000	9246	0.5141	0.298	0.308	0.291	0.296	0.305	0.295	0.302	0.295	0.299	0.300	0.296	0.288	0.292	0.288	2.003	0.616	0.296	0.206	1.173	-177711.997
426	8	10000	9271	0.5124	0.317	0.305	0.289	0.297	0.301	0.304	0.312	0.278	0.296	0.304	0.307	0.296	0.306	0.304	1.953	0.603	0.299	0.204	1.000	-179244.195
427	8	10000	9269	0.5159	0.598	0.297	0.299	0.317	0.312	0.300	0.309	0.003	0.305	0.305	0.298	0.317	0.301	0.294	1.954	0.587	0.324	0.195	1.064	-179974.590
428	8	10000	9308	0.5147	0.267	0.296	0.304	0.302	0.297	0.285	0.303	0.337	0.309	0.293	0.304	0.311	0.299	0.299	1.991	0.593	0.294	0.198	1.100	-178814.314
429	8	10000	9330	0.5126	0.280	0.290	0.307	0.307	0.291	0.306	0.293	0.325	0.326	0.306	0.285	0.302	0.307	0.308	1.942	0.595	0.297	0.206	1.049	-180004.821
430	8	10000	9288	0.5104	0.306	0.319	0.299	0.292	0.314	0.312	0.307	0.291	0.311	0.305	0.302	0.313	0.303	0.315	2.022	0.619	0.330	0.196	1.260	-179844.288
431	8	10000	9334	0.5093	0.278	0.296	0.299	0.301	0.310	0.292	0.311	0.309	0.303	0.302	0.313	0.302	0.303	0.296	1.984	0.617	0.287	0.206	1.000	-179014.243
432	8	10000	9248	0.5100	0.265	0.301	0.305	0.287	0.301	0.305	0.294	0.342	0.312	0.304	0.291	0.300	0.297	0.298	1.973	0.607	0.316	0.200	1.000	-178794.477
433	8	10000	9258	0.5177	0.272	0.306	0.294	0.316	0.306	0.302	0.299	0.334	0.303	0.283	0.310	0.290	0.293	0.315	2.009	0.610	0.298	0.198	1.000	-178986.026
434	8	10000	9279	0.5171	0.318	0.291	0.288	0.306	0.294	0.301	0.303	0.302	0.309	0.300	0.306	0.280	0.295	0.311	2.005	0.604	0.294	0.200	1.000	-178632.884
435	8	10000	9308	0.5144	0.294	0.296	0.312	0.309	0.311	0.307	0.290	0.300	0.292	0.310	0.284	0.306	0.317	0.288	2.026	0.582	0.314	0.204	1.000	-179310.070
436	8	10000	9277	0.5142	0.329	0.308	0.295	0.301	0.293	0.302	0.302	0.292	0.306	0.299	0.288	0.302	0.308	0.294	2.014	0.641	0.313	0.205	1.796	-178736.767
437	8	10000	9311	0.5145	0.303	0.306	0.301	0.303	0.291	0.300	0.316	0.314	0.294	0.309	0.305	0.312	0.303	0.298	2.034	0.594	0.306	0.198	1.000	-179643.087
438	8	10000	9238	0.5134	0.302	0.293	0.299	0.309	0.300	0.300	0.286	0.285	0.303	0.292	0.309	0.291	0.298	0.305	1.986	0.598	0.294	0.202	1.000	-178424.103
439	8	10000	9331	0.5138	0.334	0.308	0.291	0.306	0.301	0.297	0.307	0.265	0.305	0.297	0.305	0.288	0.320	0.292	2.009	0.584	0.307	0.196	1.000	-179143.905
440	8	10000	9238	0.5129	0.335	0.298	0.299	0.291	0.289	0.291	0.310	0.285	0.324	0.301	0.297	0.271	0.299	0.292	2.018	0.634	0.312	0.205	1.394	-177826.977
441	8	10000	9290	0.5141	0.281	0.301	0.286	0.304	0.306	0.298	0.290	0.312	0.293	0.319	0.293	0.290	0.305	0.302	1.979	0.633	0.302	0.201	1.203	-178164.269
442	8	10000	9280	0.5134	0.294	0.298	0.292	0.294	0.312	0.284	0.299	0.329	0.288	0.288	0.303	0.293	0.296	0.300	2.000	0.628	0.307	0.205	1.000	-177838.926
443	8	10000	9277	0.5144	0.263	0.313	0.304	0.297	0.300	0.304	0.301	0.328	0.286	0.305	0.288	0.303	0.304	0.303	2.018	0.624	0.311	0.201	1.172	-178558.916
444	8	10000	9308	0.5139	0.320	0.303	0.292	0.301	0.300	0.295	0.307	0.286	0.295	0.304	0.289	0.300	0.291	0.310	1.984	0.589	0.293	0.207	1.000	-178874.816
445	8	10000	9258	0.5130	0.306	0.293	0.297	0.302	0.303	0.295	0.306	0.309	0.301	0.313	0.286	0.311	0.307	0.288	1.959	0.593	0.305	0.196	1.000	-178957.597
446	8	10000	9300	0.5125	0.303	0.301	0.297	0.292	0.300	0.298	0.294	0.263	0.310	0.302	0.300	0.290	0.309	0.301	1.979	0.612	0.289	0.200	1.000	-177997.316
447	8	10000	9240	0.5116	0.262	0.300	0.303	0.303	0.304	0.297	0.300	0.320	0.297	0.296	0.306	0.315	0.309	0.291	1.971	0.620	0.314	0.199	1.390	-178772.583
448	8	10000	9264	0.5140	0.334	0.301	0.309	0.296	0.296	0.298	0.306	0.281	0.302	0.302	0.306	0.274	0.309	0.297	2.012	0.613	0.304	0.193	1.000	-178398.606
449	8	10000	9240	0.5157	0.313	0.306	0.298	0.289	0.302	0.306	0.308	0.297	0.304	0.300	0.309	0.287	0.298	0.309	1.991	0.580	0.294	0.195	1.000	-179022.883
450	8	10000	9293	0.5133	0.313	0.298	0.306	0.295	0.303	0.300	0.305	0.302	0.303	0.299	0.306	0.300	0.300	0.299	2.005	0.616	0.298	0.196	1.000	-178519.767
451	8	10000	9245	0.5150	0.333	0.297	0.292	0.292	0.292	0.308	0.302	0.267	0.310	0.303	0.299	0.298	0.300	0.302	2.011	0.584	0.292	0.192	1.000	-178171.694
452	8	10000	9262	0.5141	0.294	0.305	0.302	0.293	0.299	0.291	0.279	0.285	0.287	0.305	0.290	0.315	0.297	0.298	1.976	0.636	0.303	0.204	1.322	-177666.370
453	8	10000	9252	0.5142	0.290	0.303	0.312	0.313	0.303	0.303	0.308	0.303	0.298	0.300	0.304	0.297	0.284	0.294	2.016	0.604	0.313	0.196	1.424	-178748.696
454	8	10000	9280	0.5102	0.326	0.305	0.305	0.300	0.302	0.300	0.300	0.255	0.312	0.293	0.303	0.292	0.290	0.304	1.988	0.583	0.287	0.200	1.000	-178360.342
455	8	10000	9264	0.5149	0.335	0.301	0.306	0.304	0.293	0.301	0.297	0.267	0.296	0.298	0.293	0.307	0.307	0.305	1.996	0.601	0.287	0.204	1.148	-178799.446
456	8	10000	9324	0.5152	0.307	0.299	0.304	0.301	0.295	0.289	0.285	0.317	0.307	0.299	0.306	0.290	0.308	0.298	1.992	0.595	0.303	0.200	1.000	-178695.882
457	8	10000	9274	0.5121	0.297	0.290	0.306	0.299	0.296	0.313	0.297	0.293	0.285	0.305	0.300	0.303	0.304	0.293	1.991	0.591	0.299	0.205	1.000	-178901.950
458	8	10000	9247	0.5091	0.303	0.297	0.302	0.293	0.300	0.300	0.295	0.310	0.292	0.293	0.293	0.290	0.292	0.300	2.034	0.634	0.305	0.211	1.102	-177709.941
459	8	10000	9332	0.5165	0.295	0.295	0.302	0.309	0.298	0.310	0.302	0.323	0.300	0.304	0.302	0.308	0.319	0.288	1.945	0.635	0.311	0.210	1.000	-180138.590
460	8	10000	9302	0.5176	0.293	0.301	0.291	0.305	0.308	0.290	0.297	0.326	0.308	0.301	0.301	0.295	0.294	0.296	1.991	0.597	0.314	0.197	1.000	-178731.367
461	8	10000	9255	0.5122	0.322	0.302	0.299	0.302	0.303	0.302	0.290	0.284	0.286	0.300	0.304	0.314	0.291	0.300	1.995	0.642	0.310	0.207	1.752	-178657.845
462	8	10000	9291	0.5132	0.276	0.312	0.298	0.300	0.301	0.295	0.310	0.329	0.300	0.301	0.306	0.305	0.298	0.304	2.024	0.629	0.312	0.204	1.901	-179230.411
463	8	10000	9292	0.5140	0.287	0.298	0.303	0.309	0.287	0.283	0.299	0.312	0.304	0.297	0.303	0.305	0.296	0.294	2.006	0.594	0.293	0.199	1.000	-178203.601
464	8	10000	9268	0.5132	0.306	0.301	0.306	0.296	0.306	0.298	0.295	0.309	0.287	0.303	0.308	0.315	0.315	0.297	1.954	0.604	0.297	0.199	1.000	-179356.795
465	8	10000	9286	0.5128	0.000	0.304	0.303	0.300	0.293	0.293	0.287	0.608	0.293	0.286	0.305	0.298	0.294	0.279	2.014	0.623	0.290	0.208	1.000	-177581.948
466	8	10000	9287	0.5113	0.267	0.299	0.296	0.307	0.294	0.298	0.313	0.336	0.299	0.301	0.293	0.300	0.291	0.307	2.079	0.591	0.293	0.197	1.000	-178249.875
467	8	10000	9291	0.5134	0.336	0.299	0.296	0.309	0.298	0.292	0.312	0.272	0.292	0.292	0.304	0.301	0.311	0.298	1.966	0.617	0.310	0.200	1.374	-178956.147
468	8	10000	9300	0.5123	0.334	0.289	0.302	0.302	0.307	0.295	0.308	0.272	0.298	0.302	0.293	0.303	0.295	0.303	1.967	0.586	0.294	0.203	1.000	-178990.654
469	8	10000	9288	0.5122	0.316	0.291	0.310	0.291	0.305	0.286	0.299	0.285	0.297	0.303	0.305	0.299	0.294	0.317	1.982	0.595	0.295	0.200	1.000	-178647.464
470	8	10000	9283	0.5110	0.293	0.298	0.301	0.296	0.302	0.293	0.311	0.310	0.290	0.305	0.284	0.305	0.295	0.303	2.029	0.656	0.301	0.216	1.507	-178390.480
471	8	10000	9261	0.5171	0.291	0.295	0.303	0.306	0.305	0.291	0.308	0.314	0.322	0.299	0.302	0.286	0.302	0.311	1.984	0.603	0.316	0.195	1.118	-179276.738
472	8	10000	9289	0.5131	0.263	0.282	0.300	0.309	0.302	0.306	0.298	0.339	0.303	0.298	0.297	0.296	0.298	0.300	2.036	0.644	0.312	0.203	1.095	-178382.707
473	8	10000	9320	0.5112	0.306	0.314	0.291	0.307	0.304	0.312	0.299	0.280	0.302	0.311	0.300	0.310	0.304	0.309	1.986	0.607	0.311	0.203	1.000	-179852.402
474	8	10000	9267	0.5128	0.077	0.294	0.301	0.308	0.284	0.298	0.302	0.528	0.272	0.297	0.303	0.301	0.310	0.314	1.969	0.583	0.289	0.201	1.000	-178883.262
475	8	10000	9255	0.5125	0.284	0.306	0.307	0.309	0.297	0.310	0.304	0.299	0.299	0.302	0.298	0.295	0.314	0.297	1.979	0.565	0.293	0.204	1.000	-179901.877
476	8	10000	9268	0.5120	0.312	0.301	0.303	0.301	0.298	0.296	0.305	0.296	0.306	0.305	0.287	0.289	0.306	0.305	2.011	0.617	0.313	0.203	1.241	-178810.845
477	8	10000	9279	0.5091	0.279	0.313	0.301	0.303	0.299	0.300	0.310	0.311	0.289	0.310	0.300	0.286	0.303	0.302	1.978	0.594	0.304	0.202	1.000	-179182.130
478	8	10000	9269	0.5145	0.295	0.291	0.306	0.301	0.311	0.300	0.286	0.301	0.293	0.286	0.308	0.299	0.299	0.288	1.978	0.603	0.301	0.202	1.000	-177998.863
479	8	10000	9256	0.5136	0.347	0.295	0.296	0.295	0.312	0.303	0.306	0.258	0.296	0.304	0.300	0.304	0.301	0.317	2.017	0.584	0.298	0.203	1.000	-179576.344
480	8	10000	9267	0.5141	0.000	0.310	0.308	0.292	0.298	0.304	0.293	0.589	0.303	0.306	0.304	0.298	0.308	0.290	1.993	0.617	0.302	0.199	1.037	-178730.439
481	8	10000	9296	0.5151	0.306	0.296	0.308	0.293	0.296	0.305	0.302	0.308	0.304	0.301	0.302	0.303	0.300	0.296	2.031	0.587	0.305	0.200	1.000	-178986.721
482	8	10000	9242	0.5155	0.313	0.307	0.297	0.289	0.292	0.315	0.293	0.266	0.313	0.305	0.298	0.303	0.298	0.313	2.014	0.644	0.318	0.201	2.324	-178400.047
483	8	10000	9281	0.5159	0.283	0.304	0.306	0.292	0.293	0.304	0.298	0.330	0.294	0.305	0.294	0.317	0.298	0.304	2.018	0.573	0.307	0.201	1.000	-179552.335
484	8	10000	9272	0.5121	0.463	0.308	0.310	0.296	0.308	0.295	0.291	0.127	0.310	0.295	0.303	0.305	0.291	0.311	2.038	0.618	0.307	0.199	1.000	-178418.911
485	8	10000	9326	0.5130	0.314	0.303	0.302	0.292	0.302	0.301	0.302	0.311	0.302	0.290	0.295	0.295	0.303	0.283	1.993	0.622	0.327	0.203	1.512	-178638.855
486	8	10000	9284	0.5103	0.310	0.314	0.312	0.306	0.296	0.302	0.295	0.284	0.302	0.305	0.295	0.293	0.302	0.303	1.967	0.596	0.295	0.200	1.000	-179293.517
487	8	10000	9248	0.5144	0.330	0.303	0.285	0.300	0.299	0.298	0.298	0.273	0.294	0.303	0.300	0.312	0.299	0.289	2.019	0.592	0.310	0.194	1.000	-177988.360
488	8	10000	9279	0.5112	0.299	0.295	0.298	0.307	0.313	0.296	0.294	0.287	0.309	0.295	0.304	0.309	0.297	0.309	2.038	0.645	0.316	0.209	2.228	-178848.584
489	8	10000	9311	0.5125	0.328	0.298	0.300	0.307	0.295	0.301	0.294	0.290	0.304	0.293	0.304	0.301	0.300	0.310	2.074	0.600	0.319	0.205	1.000	-179377.424
490	8	10000	9252	0.5153	0.000	0.289	0.296	0.299	0.299	0.302	0.293	0.633	0.286	0.287	0.299	0.305	0.300	0.291	1.977	0.661	0.329	0.204	8.692	-177657.718
491	8	10000	9333	0.5186	0.288	0.285	0.310	0.315	0.329	0.316	0.299	0.311	0.307	0.303	0.309	0.308	0.296	0.310	2.054	0.591	0.288	0.204	1.121	-180281.007
492	8	10000	9230	0.5118	0.308	0.309	0.292	0.306	0.307	0.288	0.302	0.309	0.294	0.300	0.304	0.286	0.300	0.291	1.978	0.612	0.305	0.197	1.000	-178057.233
493	8	10000	9252	0.5104	0.277	0.307	0.296	0.300	0.302	0.299	0.293	0.317	0.299	0.283	0.313	0.306	0.299	0.298	1.983	0.604	0.299	0.197	1.000	-178169.191
494	8	10000	9265	0.5128	0.285	0.307	0.295	0.302	0.306	0.304	0.283	0.314	0.296	0.310	0.298	0.301	0.309	0.302	2.045	0.592	0.308	0.198	1.000	-178679.807
495	8	10000	9239	0.5078	0.349	0.292	0.290	0.291	0.306	0.303	0.301	0.265	0.301	0.301	0.303	0.304	0.302	0.298	1.987	0.627	0.301	0.203	1.368	-178402.419
496	8	10000	9277	0.5103	0.320	0.294	0.292	0.277	0.296	0.302	0.298	0.286	0.290	0.298	0.296	0.294	0.298	0.305	1.955	0.615	0.305	0.201	1.265	-177899.659
497	8	10000	9305	0.5134	0.305	0.294	0.311	0.290	0.299	0.287	0.290	0.301	0.312	0.304	0.305	0.287	0.296	0.306	2.005	0.607	0.298	0.205	1.000	-178395.842
498	8	10000	9274	0.5141	0.354	0.302	0.296	0.304	0.308	0.299	0.300	0.264	0.300	0.305	0.310	0.292	0.305	0.304	1.988	0.595	0.297	0.204	1.190	-179628.366
499	8	10000	9212	0.5100	0.296	0.296	0.297	0.302	0.291	0.289	0.307	0.315	0.300	0.306	0.295	0.315	0.311	0.289	1.981	0.637	0.319	0.199	1.833	-178345.477
500	8	10000	9283	0.5123	0.326	0.312	0.302	0.302	0.305	0.299	0.291	0.274	0.310	0.299	0.313	0.301	0.295	0.308	2.042	0.602	0.308	0.197	1.000	-179026.179
501	8	10000	9228	0.5145	0.287	0.293	0.288	0.286	0.297	0.300	0.302	0.322	0.303	0.294	0.296	0.300	0.295	0.305	2.017	0.629	0.313	0.199	1.381	-177502.516
502	8	10000	9302	0.5130	0.306	0.297	0.289	0.304	0.306	0.293	0.300	0.301	0.313	0.291	0.297	0.307	0.308	0.304	1.972	0.630	0.312	0.202	1.550	-178649.193
503	8	10000	9290	0.5128	0.269	0.308	0.303	0.317	0.285	0.300	0.320	0.321	0.302	0.317	0.296	0.309	0.298	0.305	1.964	0.582	0.293	0.207	1.000	-180447.573
504	8	10000	9263	0.5177	0.276	0.296	0.302	0.288	0.300	0.305	0.298	0.331	0.283	0.303	0.301	0.294	0.305	0.303	2.000	0.627	0.298	0.201	1.120	-178141.832
505	8	10000	9253	0.5146	0.283	0.295	0.305	0.295	0.307	0.284	0.300	0.311	0.311	0.288	0.311	0.292	0.300	0.312	1.958	0.609	0.282	0.204	1.000	-178344.958
506	8	10000	9265	0.5144	0.305	0.306	0.310	0.290	0.296	0.297	0.311	0.291	0.297	0.306	0.297	0.291	0.301	0.307	1.993	0.641	0.318	0.201	2.029	-178609.473
507	8	10000	9302	0.5196	0.305	0.302	0.322	0.304	0.314	0.295	0.309	0.266	0.312	0.296	0.288	0.305	0.296	0.309	2.015	0.588	0.295	0.195	1.000	-179083.390
508	8	10000	9266	0.5161	0.280	0.286	0.305	0.295	0.305	0.294	0.305	0.351	0.296	0.293	0.298	0.293	0.305	0.295	1.978	0.598	0.318	0.199	1.000	-178858.909
509	8	10000	9252	0.5156	0.276	0.296	0.308	0.291	0.298	0.296	0.283	0.311	0.291	0.308	0.312	0.293	0.294	0.295	2.016	0.612	0.297	0.199	1.000	-177581.187
510	8	10000	9308	0.5154	0.291	0.311	0.299	0.302	0.309	0.298	0.294	0.290	0.331	0.299	0.297	0.305	0.308	0.292	1.983	0.586	0.294	0.203	1.000	-179531.986
511	8	10000	9284	0.5160	0.322	0.303	0.298	0.294	0.298	0.310	0.302	0.282	0.311	0.297	0.298	0.298	0.287	0.301	2.011	0.587	0.305	0.196	1.000	-178842.853
512	8	10000	9247	0.5142	0.305	0.285	0.302	0.284	0.296	0.296	0.296	0.295	0.293	0.311	0.284	0.301	0.300	0.302	1.988	0.608	0.288	0.202	1.066	-177614.882
513	8	10000	9266	0.5120	0.304	0.288	0.303	0.297	0.301	0.290	0.304	0.314	0.303	0.303	0.300	0.300	0.308	0.294	1.996	0.636	0.319	0.199	1.152	-178596.361
514	8	10000	9274	0.5144	0.315	0.287	0.282	0.315	0.301	0.308	0.308	0.303	0.295	0.303	0.299	0.291	0.303	0.302	2.008	0.599	0.309	0.198	1.144	-179029.800
515	8	10000	9311	0.5124	0.333	0.298	0.303	0.302	0.298	0.307	0.299	0.263	0.282	0.302	0.305	0.312	0.312	0.298	2.012	0.629	0.306	0.202	1.437	-178845.513
516	8	10000	9274	0.5138	0.298	0.296	0.298	0.295	0.303	0.289	0.305	0.310	0.300	0.298	0.299	0.303	0.303	0.305	2.032	0.620	0.306	0.204	1.503	-178704.038
517	8	10000	9340	0.5122	0.274	0.305	0.312	0.309	0.296	0.293	0.295	0.315	0.315	0.308	0.291	0.306	0.299	0.300	1.984	0.613	0.292	0.207	1.000	-179386.964
518	8	10000	9300	0.5117	0.279	0.294	0.295	0.298	0.302	0.298	0.289	0.319	0.309	0.312	0.302	0.294	0.300	0.305	1.984	0.596	0.294	0.202	1.000	-178613.442
519	8	10000	9237	0.5137	0.298	0.311	0.305	0.304	0.294	0.296	0.290	0.325	0.288	0.289	0.306	0.297	0.290	0.289	2.011	0.591	0.303	0.194	1.000	-177846.725
520	8	10000	9291	0.5122	0.320	0.311	0.313	0.295	0.300	0.301	0.298	0.272	0.300	0.292	0.300	0.300	0.300	0.302	1.996	0.620	0.305	0.200	1.301	-178600.663
521	8	10000	9273	0.5098	0.312	0.311	0.294	0.295	0.303	0.306	0.294	0.277	0.305	0.304	0.308	0.303	0.305	0.311	1.985	0.595	0.301	0.201	1.062	-179227.895
522	8	10000	9271	0.5113	0.316	0.313	0.284	0.302	0.302	0.299	0.290	0.289	0.303	0.308	0.306	0.313	0.304	0.297	2.015	0.596	0.295	0.204	1.037	-179211.301
523	8	10000	9277	0.5132	0.314	0.295	0.302	0.313	0.287	0.300	0.293	0.292	0.310	0.317	0.288	0.295	0.298	0.299	2.029	0.607	0.298	0.201	1.022	-178487.868
524	8	10000	9330	0.5164	0.295	0.310	0.304	0.319	0.298	0.292	0.298	0.303	0.297	0.302	0.287	0.303	0.300	0.298	2.016	0.589	0.295	0.207	1.008	-179404.099
525	8	10000	9273	0.5140	0.255	0.308	0.306	0.287	0.318	0.309	0.313	0.337	0.296	0.313	0.301	0.299	0.313	0.291	2.001	0.597	0.311	0.194	1.000	-179298.766
526	8	10000	9267	0.5133	0.319	0.303	0.296	0.296	0.300	0.290	0.304	0.284	0.293	0.303	0.300	0.308	0.291	0.305	2.032	0.621	0.313	0.204	1.411	-178621.166
527	8	10000	9293	0.5143	0.313	0.288	0.303	0.301	0.308	0.302	0.301	0.293	0.307	0.311	0.296	0.295	0.309	0.297	1.987	0.609	0.305	0.205	1.000	-179426.045
528	8	10000	9311	0.5151	0.287	0.289	0.303	0.298	0.303	0.295	0.303	0.323	0.308	0.312	0.292	0.299	0.308	0.298	1.993	0.610	0.303	0.205	1.478	-179196.420
529	8	10000	9288	0.5128	0.297	0.305	0.293	0.294	0.292	0.313	0.295	0.286	0.288	0.287	0.303	0.303	0.308	0.294	2.011	0.622	0.296	0.207	1.000	-178000.396
530	8	10000	9306	0.5082	0.306	0.309	0.291	0.302	0.290	0.300	0.303	0.302	0.295	0.294	0.316	0.288	0.298	0.298	1.986	0.573	0.297	0.196	1.000	-178671.009
531	8	10000	9302	0.5165	0.325	0.307	0.304	0.301	0.295	0.296	0.305	0.293	0.311	0.308	0.303	0.292	0.311	0.287	1.990	0.629	0.317	0.204	1.679	-179621.878
532	8	10000	9289	0.5169	0.294	0.307	0.292	0.305	0.291	0.292	0.317	0.295	0.303	0.303	0.293	0.301	0.303	0.294	1.973	0.613	0.293	0.202	1.065	-178778.834
533	8	10000	9278	0.5168	0.261	0.302	0.297	0.301	0.313	0.303	0.282	0.349	0.291	0.310	0.302	0.301	0.307	0.299	1.988	0.611	0.302	0.197	1.000	-178773.674
534	8	10000	9294	0.5158	0.283	0.301	0.300	0.289	0.308	0.302	0.305	0.327	0.308	0.305	0.307	0.297	0.305	0.314	1.995	0.616	0.311	0.201	1.000	-179704.323
535	8	10000	9241	0.5134	0.319	0.306	0.303	0.299	0.286	0.302	0.306	0.286	0.289	0.301	0.294	0.281	0.306	0.312	1.974	0.613	0.306	0.206	1.000	-178789.767
536	8	10000	9376	0.5147	0.289	0.295	0.305	0.306	0.293	0.312	0.297	0.318	0.294	0.307	0.300	0.300	0.299	0.311	1.944	0.603	0.301	0.207	1.000	-179970.380
537	8	10000	9275	0.5117	0.320	0.295	0.302	0.297	0.305	0.300	0.284	0.288	0.301	0.291	0.306	0.306	0.302	0.312	1.996	0.607	0.283	0.197	1.001	-178070.555
538	8	10000	9288	0.5163	0.311	0.310	0.281	0.306	0.300	0.319	0.294	0.271	0.304	0.300	0.308	0.304	0.293	0.303	2.020	0.607	0.299	0.200	1.198	-178795.409
539	8	10000	9297	0.5115	0.393	0.317	0.296	0.290	0.309	0.301	0.292	0.215	0.300	0.299	0.295	0.295	0.300	0.293	2.023	0.617	0.302	0.201	1.000	-178160.551
540	8	10000	9290	0.5165	0.292	0.298	0.299	0.302	0.303	0.297	0.312	0.297	0.307	0.307	0.300	0.318	0.294	0.301	2.048	0.638	0.302	0.207	1.637	-179064.208
541	8	10000	9238	0.5118	0.322	0.292	0.303	0.297	0.291	0.294	0.301	0.288	0.299	0.296	0.292	0.300	0.306	0.286	2.006	0.635	0.304	0.205	1.000	-177874.506
542	8	10000	9227	0.5169	0.274	0.303	0.296	0.298	0.291	0.294	0.310	0.316	0.297	0.300	0.316	0.289	0.287	0.299	2.007	0.602	0.316	0.202	1.000	-178458.864
543	8	10000	9286	0.5109	0.281	0.293	0.299	0.311	0.313	0.314	0.301	0.312	0.288	0.326	0.297	0.288	0.310	0.298	1.996	0.586	0.301	0.204	1.000	-179673.804
544	8	10000	9254	0.5137	0.310	0.294	0.303	0.298	0.301	0.307	0.306	0.294	0.298	0.304	0.291	0.312	0.288	0.306	2.004	0.598	0.298	0.202	1.064	-178729.967
545	8	10000	9274	0.5139	0.297	0.313	0.307	0.308	0.289	0.298	0.299	0.296	0.299	0.297	0.305	0.294	0.300	0.305	2.031	0.564	0.288	0.199	1.000	-179103.005
546	8	10000	9229	0.5164	0.286	0.302	0.306	0.298	0.294	0.293	0.301	0.308	0.308	0.290	0.299	0.302	0.301	0.299	1.991	0.593	0.297	0.199	1.000	-178418.436
547	8	10000	9263	0.5133	0.133	0.313	0.301	0.297	0.301	0.305	0.309	0.454	0.305	0.286	0.313	0.294	0.303	0.287	2.035	0.624	0.295	0.206	1.000	-178292.139
548	8	10000	9278	0.5138	0.266	0.303	0.299	0.298	0.306	0.303	0.299	0.302	0.305	0.305	0.296	0.296	0.307	0.305	2.001	0.587	0.303	0.200	1.314	-178929.738
549	8	10000	9227	0.5138	0.269	0.296	0.299	0.293	0.296	0.293	0.302	0.342	0.297	0.304	0.306	0.308	0.300	0.307	2.011	0.590	0.292	0.192	1.000	-178371.456
550	8	10000	9256	0.5129	0.303	0.303	0.304	0.291	0.303	0.305	0.302	0.306	0.292	0.289	0.294	0.302	0.291	0.300	2.020	0.611	0.296	0.203	1.078	-178231.305
551	8	10000	9260	0.5132	0.246	0.300	0.308	0.303	0.308	0.294	0.305	0.331	0.301	0.290	0.310	0.307	0.303	0.312	1.996	0.591	0.296	0.198	1.000	-179031.599
552	8	10000	9273	0.5163	0.291	0.288	0.296	0.305	0.299	0.308	0.292	0.288	0.295	0.287	0.313	0.291	0.293	0.314	2.009	0.590	0.285	0.203	1.059	-178207.541
553	8	10000	9212	0.5106	0.275	0.287	0.291	0.297	0.309	0.293	0.301	0.342	0.307	0.297	0.289	0.297	0.300	0.302	1.969	0.597	0.316	0.193	1.000	-177878.980
554	8	10000	9282	0.5168	0.336	0.312	0.298	0.298	0.293	0.303	0.291	0.261	0.291	0.298	0.302	0.309	0.298	0.304	1.998	0.589	0.299	0.199	1.015	-178700.595
555	8	10000	9287	0.5112	0.336	0.283	0.295	0.302	0.298	0.289	0.303	0.263	0.294	0.302	0.303	0.301	0.301	0.309	1.973	0.593	0.298	0.202	1.000	-178606.388
556	8	10000	9270	0.5128	0.314	0.297	0.296	0.305	0.296	0.290	0.292	0.299	0.287	0.302	0.302	0.308	0.301	0.297	2.024	0.612	0.300	0.203	1.000	-178332.552
557	8	10000	9293	0.5138	0.289	0.277	0.285	0.313	0.307	0.297	0.299	0.300	0.311	0.301	0.288	0.301	0.295	0.290	1.992	0.609	0.301	0.203	1.000	-178094.137
558	8	10000	9300	0.5132	0.289	0.306	0.304	0.308	0.296	0.304	0.289	0.303	0.306	0.299	0.297	0.292	0.301	0.317	1.947	0.652	0.321	0.210	1.983	-179438.087
559	8	10000	9237	0.5155	0.306	0.296	0.301	0.296	0.289	0.299	0.308	0.294	0.304	0.297	0.295	0.290	0.288	0.311	2.001	0.623	0.305	0.199	1.473	-177812.147
560	8	10000	9302	0.5115	0.252	0.319	0.303	0.292	0.303	0.303	0.308	0.334	0.305	0.302	0.305	0.304	0.297	0.300	1.982	0.606	0.306	0.201	1.427	-179521.340
561	8	10000	9305	0.5105	0.289	0.303	0.308	0.302	0.314	0.300	0.296	0.312	0.313	0.304	0.306	0.303	0.288	0.324	2.005	0.603	0.298	0.202	1.000	-179603.829
562	8	10000	9264	0.5141	0.294	0.305	0.290	0.309	0.302	0.299	0.298	0.309	0.299	0.298	0.293	0.308	0.301	0.308	2.031	0.585	0.299	0.198	1.000	-178486.132
563	8	10000	9281	0.5150	0.305	0.307	0.294	0.292	0.300	0.295	0.308	0.294	0.301	0.305	0.301	0.289	0.297	0.293	2.024	0.638	0.298	0.209	1.167	-178122.982
564	8	10000	9272	0.5155	0.293	0.306	0.305	0.293	0.294	0.309	0.305	0.298	0.307	0.298	0.293	0.300	0.297	0.294	2.027	0.600	0.299	0.199	1.000	-178638.493
565	8	10000	9273	0.5114	0.289	0.308	0.297	0.303	0.304	0.307	0.295	0.297	0.324	0.299	0.298	0.301	0.291	0.305	2.036	0.593	0.299	0.196	1.000	-178493.523
566	8	10000	9265	0.5140	0.307	0.296	0.298	0.299	0.293	0.298	0.296	0.295	0.317	0.301	0.294	0.303	0.293	0.296	2.030	0.605	0.315	0.203	1.000	-178582.847
567	8	10000	9256	0.5107	0.295	0.307	0.302	0.294	0.323	0.300	0.303	0.312	0.292	0.309	0.298	0.302	0.308	0.308	2.027	0.566	0.293	0.200	1.000	-179746.832
568	8	10000	9289	0.5129	0.279	0.303	0.305	0.303	0.299	0.301	0.302	0.322	0.300	0.299	0.304	0.292	0.297	0.300	2.033	0.588	0.294	0.200	1.000	-178714.420
569	8	10000	9287	0.5146	0.273	0.303	0.301	0.286	0.307	0.310	0.299	0.326	0.315	0.302	0.299	0.296	0.305	0.309	2.059	0.605	0.294	0.202	1.000	-179027.293
570	8	10000	9277	0.5134	0.303	0.308	0.301	0.300	0.305	0.290	0.303	0.297	0.308	0.305	0.301	0.295	0.300	0.318	1.994	0.642	0.288	0.203	1.770	-178890.890
571	8	10000	9274	0.5103	0.282	0.290	0.294	0.298	0.294	0.309	0.294	0.306	0.297	0.294	0.298	0.305	0.285	0.305	1.962	0.599	0.283	0.203	1.000	-177760.318
572	8	10000	9296	0.5126	0.301	0.293	0.279	0.306	0.294	0.302	0.308	0.275	0.295	0.306	0.287	0.303	0.294	0.302	1.986	0.608	0.301	0.201	1.000	-177861.241
573	8	10000	9291	0.5126	0.306	0.298	0.301	0.313	0.292	0.304	0.285	0.287	0.302	0.300	0.292	0.307	0.304	0.291	2.048	0.594	0.305	0.208	1.099	-178686.616
574	8	10000	9259	0.5106	0.324	0.304	0.314	0.304	0.288	0.304	0.291	0.258	0.307	0.306	0.301	0.299	0.299	0.297	1.992	0.605	0.318	0.202	1.000	-178752.525
575	8	10000	9284	0.5121	0.328	0.299	0.302	0.296	0.304	0.283	0.306	0.272	0.301	0.301	0.296	0.294	0.296	0.299	2.024	0.601	0.301	0.201	1.118	-178080.545
576	8	10000	9256	0.5161	0.315	0.308	0.295	0.302	0.306	0.302	0.290	0.266	0.300	0.305	0.300	0.301	0.299	0.300	2.000	0.586	0.300	0.200	1.000	-178596.604
577	8	10000	9279	0.5132	0.269	0.305	0.294	0.303	0.297	0.293	0.294	0.331	0.309	0.299	0.296	0.303	0.293	0.296	2.017	0.589	0.296	0.192	1.033	-177844.177
578	8	10000	9340	0.5129	0.299	0.317	0.301	0.305	0.316	0.305	0.302	0.296	0.291	0.290	0.299	0.300	0.308	0.305	2.041	0.596	0.297	0.203	1.000	-179370.403
579	8	10000	9273	0.5153	0.267	0.282	0.304	0.293	0.301	0.303	0.290	0.318	0.303	0.304	0.299	0.285	0.304	0.304	2.022	0.617	0.298	0.204	1.206	-177813.840
580	8	10000	9334	0.5139	0.311	0.299	0.295	0.300	0.311	0.298	0.296	0.284	0.310	0.297	0.301	0.291	0.291	0.296	1.985	0.622	0.287	0.212	1.219	-178852.767
581	8	10000	9250	0.5173	0.285	0.307	0.300	0.300	0.292	0.303	0.305	0.309	0.287	0.302	0.311	0.300	0.291	0.303	1.988	0.610	0.297	0.205	1.118	-178914.994
582	8	10000	9259	0.5139	0.279	0.319	0.298	0.305	0.291	0.291	0.304	0.317	0.303	0.296	0.296	0.304	0.306	0.299	2.009	0.612	0.312	0.196	1.290	-178546.306
583	8	10000	9207	0.5164	0.285	0.295	0.291	0.294	0.294	0.293	0.301	0.299	0.306	0.306	0.280	0.301	0.282	0.306	2.014	0.588	0.296	0.200	1.076	-177566.125
584	8	10000	9248	0.5112	0.294	0.307	0.305	0.306	0.302	0.294	0.306	0.312	0.292	0.302	0.306	0.295	0.315	0.302	1.966	0.618	0.325	0.197	1.542	-179553.786
585	8	10000	9261	0.5126	0.330	0.294	0.308	0.297	0.304	0.308	0.304	0.268	0.301	0.314	0.296	0.298	0.283	0.300	1.996	0.620	0.313	0.202	1.458	-178819.634
586	8	10000	9279	0.5163	0.325	0.300	0.308	0.302	0.293	0.312	0.307	0.297	0.309	0.295	0.297	0.294	0.287	0.303	2.023	0.597	0.319	0.201	1.000	-179249.262
587	8	10000	9249	0.5172	0.294	0.281	0.307	0.296	0.294	0.295	0.298	0.299	0.302	0.306	0.306	0.304	0.294	0.297	1.996	0.603	0.304	0.203	1.000	-178515.569
588	8	10000	9286	0.5146	0.314	0.311	0.298	0.320	0.290	0.318	0.299	0.279	0.291	0.299	0.309	0.305	0.295	0.298	2.021	0.615	0.307	0.200	1.452	-179253.504
589	8	10000	9232	0.5121	0.264	0.290	0.301	0.299	0.283	0.293	0.285	0.339	0.301	0.294	0.297	0.304	0.299	0.284	1.964	0.650	0.297	0.199	1.593	-176724.698
590	8	10000	9302	0.5137	0.299	0.318	0.295	0.303	0.295	0.302	0.307	0.325	0.289	0.290	0.294	0.307	0.304	0.304	2.011	0.608	0.311	0.208	1.000	-179431.784
591	8	10000	9323	0.5148	0.297	0.299	0.297	0.294	0.307	0.312	0.301	0.309	0.299	0.297	0.305	0.297	0.300	0.299	1.980	0.621	0.304	0.206	1.000	-178973.135
592	8	10000	9283	0.5122	0.317	0.301	0.307	0.307	0.302	0.307	0.301	0.293	0.292	0.297	0.306	0.304	0.308	0.296	2.044	0.617	0.304	0.204	1.000	-179276.151
593	8	10000	9251	0.5103	0.285	0.281	0.307	0.295	0.312	0.307	0.292	0.322	0.301	0.312	0.283	0.291	0.288	0.290	2.040	0.607	0.300	0.197	1.071	-177513.202
594	8	10000	9264	0.5118	0.309	0.317	0.299	0.298	0.296	0.292	0.289	0.264	0.293	0.309	0.299	0.293	0.295	0.302	2.019	0.575	0.280	0.198	1.000	-177882.033
595	8	10000	9313	0.5154	0.308	0.289	0.300	0.309	0.314	0.301	0.305	0.306	0.295	0.295	0.295	0.290	0.305	0.299	2.040	0.621	0.319	0.201	1.119	-178835.018
596	8	10000	9225	0.5134	0.306	0.292	0.286	0.310	0.309	0.303	0.314	0.273	0.302	0.292	0.298	0.291	0.278	0.308	1.982	0.631	0.319	0.199	1.654	-177829.716
597	8	10000	9244	0.5105	0.310	0.300	0.298	0.299	0.303	0.301	0.303	0.283	0.296	0.297	0.296	0.296	0.297	0.303	1.961	0.605	0.295	0.200	1.000	-178175.663
598	8	10000	9270	0.5145	0.319	0.292	0.299	0.309	0.297	0.293	0.303	0.274	0.301	0.301	0.296	0.300	0.291	0.304	2.037	0.643	0.306	0.207	1.291	-178168.915
599	8	10000	9293	0.5099	0.270	0.300	0.296	0.294	0.301	0.299	0.307	0.319	0.310	0.292	0.295	0.298	0.297	0.301	2.019	0.616	0.305	0.203	1.195	-178029.239
600	8	10000	9252	0.5156	0.286	0.287	0.296	0.314	0.310	0.298	0.291	0.327	0.289	0.290	0.293	0.299	0.305	0.299	1.993	0.628	0.305	0.199	1.233	-178006.071
601	8	10000	9259	0.5171	0.279	0.294	0.299	0.302	0.315	0.299	0.303	0.331	0.283	0.312	0.296	0.306	0.301	0.302	2.016	0.586	0.298	0.196	1.000	-178638.563
602	8	10000	9203	0.5114	0.316	0.305	0.302	0.306	0.287	0.300	0.297	0.254	0.318	0.283	0.291	0.300	0.305	0.293	2.009	0.575	0.283	0.196	1.037	-177484.086
603	8	10000	9248	0.5142	0.314	0.319	0.284	0.297	0.295	0.294	0.296	0.312	0.283	0.309	0.298	0.301	0.311	0.300	1.996	0.621	0.296	0.199	1.169	-178224.059
604	8	10000	9283	0.5134	0.292	0.303	0.296	0.304	0.318	0.297	0.304	0.315	0.300	0.300	0.299	0.303	0.308	0.291	1.996	0.645	0.304	0.201	1.781	-178796.545
605	8	10000	9282	0.5141	0.288	0.285	0.305	0.302	0.302	0.308	0.308	0.321	0.305	0.301	0.306	0.278	0.304	0.299	1.994	0.631	0.326	0.198	1.723	-179188.632
606	8	10000	9241	0.5158	0.306	0.297	0.305	0.305	0.306	0.301	0.309	0.285	0.301	0.322	0.302	0.302	0.304	0.290	2.006	0.590	0.317	0.194	1.061	-179379.722
607	8	10000	9239	0.5121	0.290	0.318	0.294	0.299	0.300	0.300	0.287	0.314	0.308	0.294	0.303	0.302	0.306	0.296	2.012	0.587	0.307	0.194	1.498	-178580.832
608	8	10000	9265	0.5133	0.469	0.299	0.288	0.312	0.289	0.297	0.297	0.144	0.290	0.287	0.304	0.294	0.308	0.307	1.982	0.617	0.305	0.197	1.391	-178110.466
609	8	10000	9305	0.5148	0.308	0.307	0.293	0.311	0.303	0.303	0.302	0.297	0.317	0.308	0.302	0.325	0.291	0.306	2.017	0.581	0.307	0.194	1.008	-179915.154
610	8	10000	9264	0.5135	0.275	0.311	0.287	0.303	0.284	0.302	0.313	0.325	0.302	0.291	0.300	0.294	0.301	0.301	2.043	0.620	0.313	0.199	1.302	-178223.554
611	8	10000	9247	0.5140	0.310	0.309	0.308	0.301	0.292	0.294	0.302	0.322	0.308	0.288	0.295	0.291	0.293	0.306	2.000	0.610	0.306	0.195	1.252	-178486.272
612	8	10000	9273	0.5148	0.315	0.279	0.292	0.305	0.302	0.288	0.298	0.300	0.292	0.303	0.309	0.308	0.297	0.301	2.048	0.615	0.298	0.202	1.236	-177952.435
613	8	10000	9287	0.5103	0.291	0.292	0.299	0.313	0.307	0.298	0.302	0.315	0.316	0.306	0.299	0.303	0.299	0.298	1.960	0.625	0.300	0.202	1.118	-179041.300
614	8	10000	9289	0.5165	0.291	0.294	0.293	0.285	0.306	0.303	0.303	0.311	0.302	0.303	0.303	0.290	0.315	0.301	1.961	0.593	0.289	0.200	1.000	-178809.007
615	8	10000	9282	0.5174	0.289	0.321	0.301	0.301	0.292	0.290	0.318	0.300	0.296	0.300	0.298	0.298	0.276	0.295	1.982	0.604	0.288	0.201	1.000	-178129.306
616	8	10000	9234	0.5122	0.280	0.317	0.304	0.293	0.298	0.293	0.297	0.290	0.288	0.293	0.304	0.299	0.301	0.302	1.978	0.599	0.293	0.194	1.199	-177816.488
617	8	10000	9263	0.5160	0.317	0.308	0.296	0.289	0.303	0.308	0.315	0.262	0.306	0.298	0.303	0.304	0.297	0.305	2.027	0.572	0.299	0.196	1.000	-178947.108
618	8	10000	9255	0.5160	0.084	0.283	0.303	0.298	0.292	0.298	0.290	0.526	0.279	0.297	0.302	0.311	0.302	0.299	1.983	0.607	0.306	0.201	1.000	-177989.842
619	8	10000	9287	0.5103	0.329	0.291	0.305	0.296	0.290	0.283	0.307	0.277	0.288	0.303	0.304	0.296	0.304	0.315	2.019	0.630	0.302	0.204	1.258	-178192.870
620	8	10000	9306	0.5150	0.315	0.303	0.294	0.295	0.299	0.295	0.302	0.295	0.302	0.293	0.290	0.293	0.310	0.307	1.969	0.624	0.306	0.206	1.334	-178739.537
621	8	10000	9252	0.5120	0.292	0.282	0.301	0.292	0.308	0.305	0.298	0.327	0.292	0.297	0.305	0.294	0.289	0.291	2.021	0.636	0.316	0.198	1.713	-177616.934
622	8	10000	9264	0.5117	0.275	0.291	0.295	0.295	0.292	0.296	0.291	0.328	0.296	0.310	0.290	0.301	0.300	0.302	1.980	0.608	0.289	0.205	1.142	-178062.121
623	8	10000	9268	0.5103	0.333	0.309	0.307	0.286	0.289	0.304	0.286	0.260	0.293	0.317	0.293	0.312	0.301	0.309	2.001	0.592	0.304	0.200	1.155	-178710.244
624	8	10000	9260	0.5133	0.282	0.303	0.295	0.306	0.292	0.290	0.302	0.297	0.303	0.304	0.306	0.288	0.280	0.307	1.963	0.604	0.301	0.202	1.000	-178156.614
625	8	10000	9253	0.5144	0.169	0.294	0.289	0.311	0.314	0.300	0.310	0.407	0.289	0.302	0.291	0.314	0.299	0.302	2.061	0.604	0.314	0.196	1.000	-178401.094
626	8	10000	9278	0.5130	0.298	0.306	0.291	0.313	0.301	0.296	0.302	0.306	0.297	0.305	0.315	0.311	0.295	0.308	1.996	0.661	0.339	0.210	23.499	-179711.213
627	8	10000	9219	0.5158	0.301	0.311	0.297	0.295	0.302	0.297	0.291	0.301	0.314	0.293	0.298	0.292	0.284	0.304	1.981	0.601	0.298	0.196	1.016	-177827.714
628	8	10000	9304	0.5128	0.314	0.304	0.308	0.303	0.309	0.294	0.283	0.305	0.316	0.296	0.317	0.299	0.306	0.306	2.006	0.601	0.312	0.203	1.053	-180088.806
629	8	10000	9300	0.5141	0.270	0.296	0.298	0.311	0.304	0.311	0.285	0.333	0.297	0.315	0.293	0.301	0.311	0.313	1.954	0.584	0.302	0.200	1.000	-179782.246
630	8	10000	9247	0.5125	0.305	0.298	0.297	0.305	0.305	0.301	0.288	0.279	0.298	0.305	0.297	0.309	0.289	0.311	2.021	0.582	0.291	0.195	1.000	-178110.455
631	8	10000	9278	0.5127	0.352	0.300	0.298	0.291	0.319	0.312	0.291	0.263	0.297	0.300	0.300	0.294	0.301	0.292	1.983	0.647	0.307	0.205	1.703	-178518.182
632	8	10000	9272	0.5142	0.313	0.299	0.300	0.308	0.301	0.293	0.306	0.289	0.308	0.286	0.304	0.303	0.315	0.287	2.024	0.588	0.295	0.199	1.000	-178584.872
633	8	10000	9272	0.5164	0.304	0.294	0.298	0.303	0.294	0.299	0.303	0.286	0.308	0.306	0.295	0.307	0.288	0.315	1.998	0.615	0.300	0.193	1.313	-178198.464

