1	8	10000	9255	0.5103	0.123	0.298	0.297	0.297	0.299	0.299	0.298	0.479	0.298	0.287	0.289	0.295	0.301	0.308	1.997	0.622	0.320	0.197	1.000	-177808.595
2	8	10000	9264	0.5153	0.269	0.293	0.315	0.291	0.304	0.292	0.321	0.290	0.305	0.302	0.291	0.309	0.299	0.300	2.012	0.603	0.304	0.200	1.000	-178537.652
3	8	10000	9306	0.5130	0.278	0.297	0.310	0.295	0.303	0.303	0.293	0.327	0.302	0.304	0.307	0.292	0.300	0.304	2.015	0.601	0.292	0.203	1.135	-179057.120
4	8	10000	9289	0.5154	0.315	0.286	0.298	0.306	0.304	0.307	0.301	0.263	0.310	0.303	0.298	0.291	0.298	0.299	1.997	0.612	0.314	0.198	1.000	-178427.495
5	8	10000	9243	0.5139	0.326	0.303	0.297	0.310	0.282	0.307	0.292	0.279	0.308	0.311	0.287	0.295	0.298	0.299	1.998	0.612	0.306	0.198	1.202	-178398.607
6	8	10000	9333	0.5136	0.294	0.293	0.309	0.294	0.305	0.287	0.298	0.313	0.298	0.303	0.308	0.304	0.299	0.300	1.976	0.616	0.296	0.211	1.000	-179217.912
7	8	10000	9286	0.5130	0.335	0.295	0.308	0.295	0.301	0.300	0.291	0.265	0.302	0.299	0.300	0.314	0.294	0.311	2.038	0.596	0.292	0.205	1.000	-178779.510
8	8	10000	9314	0.5163	0.327	0.310	0.302	0.301	0.299	0.294	0.302	0.265	0.290	0.302	0.306	0.312	0.305	0.284	2.010	0.627	0.294	0.206	1.601	-178708.441
9	8	10000	9229	0.5134	0.281	0.293	0.294	0.307	0.288	0.299	0.294	0.304	0.309	0.302	0.293	0.287	0.308	0.296	1.987	0.592	0.301	0.195	1.000	-177855.926
10	8	10000	9302	0.5145	0.348	0.279	0.303	0.307	0.298	0.285	0.309	0.258	0.301	0.320	0.303	0.287	0.304	0.299	2.000	0.631	0.317	0.202	1.662	-178769.245
11	8	10000	9287	0.5174	0.279	0.303	0.302	0.304	0.294	0.301	0.300	0.333	0.303	0.306	0.301	0.297	0.305	0.303	1.962	0.617	0.309	0.193	1.299	-178903.570
12	8	10000	9244	0.5151	0.321	0.304	0.305	0.304	0.305	0.295	0.308	0.285	0.292	0.297	0.298	0.312	0.295	0.297	1.978	0.629	0.316	0.198	1.000	-178659.383
13	8	10000	9314	0.5170	0.273	0.288	0.305	0.298	0.310	0.304	0.296	0.338	0.285	0.317	0.289	0.315	0.303	0.301	2.022	0.618	0.308	0.201	1.227	-178980.957
14	8	10000	9240	0.5118	0.279	0.274	0.302	0.300	0.311	0.279	0.289	0.312	0.296	0.284	0.296	0.295	0.302	0.289	2.004	0.582	0.293	0.196	1.044	-176874.858
15	8	10000	9309	0.5178	0.334	0.307	0.292	0.307	0.295	0.295	0.305	0.267	0.317	0.294	0.292	0.288	0.314	0.311	2.000	0.610	0.296	0.198	1.000	-178974.557
16	8	10000	9252	0.5142	0.296	0.308	0.298	0.297	0.306	0.302	0.291	0.289	0.289	0.303	0.301	0.302	0.308	0.301	2.020	0.614	0.306	0.194	1.290	-178077.410
17	8	10000	9202	0.5112	0.272	0.288	0.301	0.288	0.318	0.298	0.300	0.327	0.301	0.280	0.300	0.309	0.287	0.293	1.971	0.619	0.298	0.197	1.023	-177218.462
18	8	10000	9264	0.5144	0.284	0.295	0.298	0.293	0.297	0.280	0.296	0.319	0.305	0.295	0.299	0.301	0.294	0.307	2.016	0.619	0.303	0.201	1.430	-177537.186
19	8	10000	9222	0.5195	0.273	0.292	0.316	0.294	0.298	0.305	0.293	0.316	0.314	0.299	0.288	0.294	0.291	0.289	1.983	0.605	0.293	0.203	1.023	-178139.424
20	8	10000	9303	0.5133	0.301	0.297	0.299	0.298	0.302	0.292	0.300	0.292	0.304	0.302	0.292	0.303	0.291	0.306	2.009	0.574	0.291	0.204	1.000	-178729.058
21	8	10000	9238	0.5136	0.275	0.284	0.290	0.285	0.323	0.283	0.306	0.328	0.315	0.294	0.311	0.299	0.297	0.296	1.977	0.628	0.313	0.200	1.618	-178197.528
22	8	10000	9274	0.5154	0.280	0.293	0.296	0.298	0.298	0.307	0.290	0.315	0.297	0.311	0.295	0.300	0.301	0.289	2.026	0.594	0.312	0.198	1.088	-178095.862
23	8	10000	9282	0.5130	0.306	0.295	0.297	0.303	0.332	0.297	0.306	0.305	0.296	0.298	0.313	0.309	0.298	0.293	2.062	0.598	0.302	0.199	1.000	-179172.742
24	8	10000	9269	0.5095	0.288	0.290	0.311	0.306	0.303	0.309	0.295	0.297	0.298	0.298	0.310	0.304	0.296	0.292	2.037	0.589	0.291	0.202	1.013	-178826.147
25	8	10000	9297	0.5207	0.305	0.291	0.306	0.298	0.310	0.306	0.291	0.287	0.297	0.299	0.298	0.300	0.305	0.289	2.024	0.597	0.291	0.198	1.000	-178066.945
26	8	10000	9316	0.5159	0.310	0.319	0.303	0.296	0.282	0.298	0.305	0.294	0.296	0.304	0.304	0.297	0.302	0.307	1.992	0.599	0.304	0.200	1.000	-178996.722
27	8	10000	9278	0.5123	0.271	0.307	0.290	0.311	0.299	0.300	0.306	0.324	0.313	0.293	0.311	0.303	0.301	0.301	2.040	0.595	0.303	0.193	1.134	-178698.514
28	8	10000	9242	0.5161	0.351	0.283	0.298	0.311	0.300	0.294	0.295	0.250	0.303	0.299	0.300	0.280	0.291	0.301	1.991	0.640	0.301	0.202	1.204	-177781.468
29	8	10000	9283	0.5157	0.274	0.300	0.296	0.298	0.289	0.312	0.289	0.328	0.300	0.291	0.298	0.301	0.300	0.296	2.008	0.608	0.305	0.203	1.189	-178289.372
30	8	10000	9299	0.5173	0.324	0.312	0.303	0.295	0.286	0.300	0.310	0.285	0.294	0.302	0.303	0.308	0.309	0.298	2.002	0.577	0.296	0.201	1.000	-179511.434
31	8	10000	9271	0.5139	0.309	0.299	0.296	0.299	0.286	0.285	0.305	0.283	0.315	0.300	0.301	0.299	0.294	0.297	1.999	0.604	0.294	0.203	1.000	-178112.087
32	8	10000	9207	0.5140	0.310	0.285	0.294	0.284	0.299	0.278	0.298	0.274	0.307	0.292	0.287	0.282	0.301	0.291	1.997	0.643	0.292	0.199	1.000	-175691.535
33	8	10000	9314	0.5156	0.325	0.304	0.308	0.306	0.299	0.309	0.292	0.293	0.292	0.300	0.308	0.303	0.304	0.297	2.007	0.611	0.298	0.204	1.166	-179357.236
34	8	10000	9230	0.5168	0.298	0.302	0.297	0.298	0.289	0.299	0.301	0.310	0.288	0.292	0.306	0.305	0.297	0.302	2.031	0.646	0.297	0.200	1.588	-177687.695
35	8	10000	9255	0.5127	0.314	0.301	0.281	0.309	0.300	0.283	0.294	0.257	0.297	0.290	0.304	0.293	0.309	0.305	2.031	0.610	0.290	0.202	1.000	-177416.101
36	8	10000	9247	0.5172	0.322	0.290	0.286	0.311	0.318	0.297	0.306	0.279	0.290	0.306	0.302	0.317	0.305	0.297	2.002	0.632	0.315	0.196	1.447	-178850.101
37	8	10000	9238	0.5137	0.277	0.304	0.291	0.303	0.300	0.284	0.308	0.311	0.297	0.304	0.291	0.307	0.297	0.304	2.044	0.621	0.300	0.201	1.368	-178056.539
38	8	10000	9269	0.5124	0.288	0.299	0.297	0.323	0.300	0.306	0.301	0.307	0.299	0.303	0.300	0.304	0.297	0.302	2.005	0.610	0.297	0.200	1.481	-179161.028
39	8	10000	9311	0.5180	0.297	0.303	0.302	0.304	0.281	0.289	0.309	0.301	0.294	0.299	0.301	0.297	0.294	0.306	1.983	0.614	0.317	0.204	1.000	-178905.424
40	8	10000	9229	0.5139	0.306	0.291	0.303	0.284	0.286	0.286	0.298	0.302	0.295	0.296	0.298	0.287	0.291	0.305	1.989	0.591	0.292	0.194	1.000	-176864.228
41	8	10000	9252	0.5142	0.331	0.291	0.287	0.297	0.286	0.304	0.293	0.291	0.292	0.305	0.301	0.285	0.313	0.304	1.969	0.640	0.322	0.201	1.173	-178236.310
42	8	10000	9298	0.5131	0.341	0.302	0.313	0.289	0.303	0.298	0.300	0.255	0.304	0.295	0.304	0.305	0.305	0.304	2.004	0.611	0.317	0.200	1.599	-179144.837
43	8	10000	9279	0.5129	0.343	0.303	0.301	0.302	0.296	0.290	0.313	0.284	0.298	0.304	0.308	0.302	0.296	0.293	2.022	0.601	0.316	0.199	1.000	-179085.237
44	8	10000	9283	0.5141	0.300	0.311	0.295	0.298	0.295	0.295	0.303	0.312	0.287	0.303	0.289	0.294	0.298	0.310	1.999	0.616	0.305	0.200	1.316	-178347.443
45	8	10000	9270	0.5134	0.285	0.286	0.300	0.295	0.308	0.309	0.288	0.308	0.307	0.295	0.299	0.292	0.301	0.294	2.041	0.604	0.277	0.201	1.123	-177393.749
46	8	10000	9275	0.5165	0.297	0.298	0.294	0.299	0.293	0.296	0.304	0.315	0.304	0.306	0.303	0.290	0.305	0.295	2.032	0.603	0.284	0.207	1.000	-178673.873
47	8	10000	9290	0.5136	0.276	0.296	0.303	0.291	0.308	0.294	0.295	0.326	0.293	0.306	0.301	0.309	0.317	0.301	1.994	0.626	0.286	0.204	1.022	-178553.147
48	8	10000	9319	0.5160	0.320	0.298	0.309	0.291	0.284	0.293	0.295	0.289	0.298	0.300	0.307	0.308	0.300	0.299	1.997	0.588	0.289	0.202	1.000	-178734.619
49	8	10000	9232	0.5141	0.276	0.277	0.296	0.297	0.308	0.306	0.290	0.310	0.320	0.293	0.301	0.287	0.294	0.289	1.969	0.596	0.293	0.202	1.000	-177775.087
50	8	10000	9255	0.5108	0.305	0.308	0.298	0.299	0.302	0.298	0.288	0.318	0.306	0.313	0.293	0.305	0.308	0.288	2.002	0.594	0.304	0.191	1.000	-178358.457
51	8	10000	9276	0.5116	0.286	0.314	0.302	0.303	0.288	0.303	0.302	0.319	0.309	0.297	0.295	0.298	0.298	0.297	2.014	0.585	0.314	0.199	1.000	-178916.791
52	8	10000	9316	0.5148	0.308	0.288	0.302	0.299	0.320	0.312	0.299	0.291	0.297	0.295	0.307	0.304	0.308	0.302	1.979	0.585	0.293	0.204	1.085	-179656.316
53	8	10000	9306	0.5103	0.308	0.322	0.302	0.298	0.297	0.319	0.297	0.284	0.304	0.312	0.301	0.317	0.299	0.311	2.041	0.599	0.318	0.204	1.517	-180521.241
54	8	10000	9301	0.5137	0.309	0.305	0.295	0.307	0.292	0.313	0.306	0.285	0.313	0.301	0.301	0.286	0.299	0.300	1.993	0.617	0.308	0.202	1.000	-178775.922
55	8	10000	9330	0.5128	0.308	0.306	0.307	0.297	0.306	0.299	0.297	0.292	0.306	0.289	0.301	0.300	0.299	0.293	1.986	0.593	0.285	0.204	1.000	-178609.848
56	8	10000	9296	0.5159	0.276	0.287	0.300	0.307	0.307	0.296	0.302	0.323	0.290	0.291	0.297	0.308	0.299	0.293	2.057	0.607	0.295	0.200	1.034	-177907.850
57	8	10000	9322	0.5135	0.334	0.302	0.297	0.302	0.316	0.309	0.288	0.269	0.304	0.291	0.303	0.305	0.293	0.308	2.021	0.606	0.306	0.201	1.171	-179101.071
58	8	10000	9281	0.5157	0.296	0.310	0.298	0.311	0.292	0.290	0.293	0.309	0.292	0.280	0.322	0.301	0.302	0.293	1.985	0.591	0.298	0.196	1.003	-178358.867
59	8	10000	9295	0.5150	0.296	0.318	0.292	0.308	0.296	0.293	0.295	0.288	0.318	0.288	0.307	0.291	0.300	0.290	1.994	0.599	0.290	0.205	1.000	-178484.736
60	8	10000	9273	0.5140	0.306	0.310	0.311	0.307	0.278	0.298	0.299	0.320	0.293	0.298	0.285	0.296	0.297	0.305	2.021	0.623	0.314	0.201	1.155	-178505.655
61	8	10000	9249	0.5109	0.277	0.301	0.303	0.294	0.301	0.297	0.297	0.336	0.283	0.305	0.296	0.306	0.282	0.306	1.996	0.578	0.306	0.194	1.012	-178148.443
62	8	10000	9297	0.5143	0.335	0.300	0.306	0.291	0.301	0.303	0.304	0.262	0.314	0.317	0.302	0.287	0.285	0.306	2.052	0.590	0.297	0.199	1.000	-178757.960
63	8	10000	9253	0.5127	0.302	0.274	0.302	0.285	0.285	0.293	0.307	0.308	0.309	0.290	0.303	0.297	0.288	0.318	1.993	0.614	0.302	0.197	1.398	-177759.344
64	8	10000	9317	0.5100	0.288	0.308	0.313	0.303	0.297	0.304	0.291	0.317	0.308	0.304	0.304	0.283	0.308	0.300	1.999	0.584	0.307	0.197	1.000	-179371.414
65	8	10000	9273	0.5129	0.324	0.293	0.303	0.304	0.298	0.293	0.297	0.287	0.305	0.312	0.313	0.320	0.308	0.292	2.021	0.608	0.307	0.196	1.005	-179162.243
66	8	10000	9285	0.5140	0.348	0.306	0.294	0.293	0.311	0.283	0.295	0.274	0.294	0.299	0.301	0.311	0.298	0.307	2.006	0.615	0.294	0.201	1.000	-178404.843
67	8	10000	9284	0.5109	0.298	0.310	0.306	0.302	0.299	0.297	0.302	0.309	0.305	0.286	0.300	0.300	0.298	0.294	2.018	0.606	0.302	0.203	1.000	-178528.054
68	8	10000	9299	0.5141	0.265	0.296	0.295	0.295	0.310	0.292	0.307	0.333	0.308	0.296	0.291	0.308	0.281	0.302	2.008	0.596	0.291	0.198	1.182	-177951.797
69	8	10000	9293	0.5134	0.267	0.294	0.294	0.291	0.303	0.300	0.297	0.324	0.317	0.294	0.305	0.290	0.284	0.307	1.984	0.606	0.292	0.203	1.000	-177799.584
70	8	10000	9306	0.5142	0.297	0.297	0.309	0.299	0.301	0.290	0.304	0.280	0.307	0.299	0.304	0.290	0.314	0.299	1.953	0.642	0.308	0.200	1.125	-178525.114
71	8	10000	9272	0.5159	0.438	0.294	0.294	0.314	0.301	0.301	0.304	0.168	0.300	0.291	0.302	0.278	0.302	0.297	2.034	0.603	0.312	0.193	1.000	-177783.624
72	8	10000	9266	0.5137	0.592	0.304	0.296	0.304	0.305	0.295	0.290	0.000	0.295	0.307	0.313	0.305	0.302	0.314	2.000	0.599	0.308	0.195	1.000	-178636.034
73	8	10000	9254	0.5137	0.297	0.306	0.305	0.306	0.294	0.295	0.287	0.329	0.298	0.296	0.297	0.304	0.295	0.303	2.005	0.600	0.319	0.201	1.251	-179003.666
74	8	10000	9229	0.5128	0.290	0.298	0.300	0.294	0.306	0.300	0.289	0.309	0.300	0.303	0.302	0.276	0.291	0.317	1.997	0.607	0.303	0.206	1.000	-178411.371
75	8	10000	9263	0.5121	0.321	0.290	0.296	0.299	0.303	0.304	0.302	0.267	0.306	0.303	0.306	0.310	0.298	0.301	1.995	0.592	0.285	0.191	1.000	-178092.661
76	8	10000	9301	0.5166	0.277	0.295	0.309	0.289	0.308	0.287	0.300	0.318	0.314	0.292	0.300	0.290	0.306	0.290	1.980	0.608	0.313	0.204	1.000	-178648.145
77	8	10000	9296	0.5136	0.333	0.315	0.294	0.296	0.300	0.282	0.306	0.267	0.310	0.300	0.299	0.300	0.296	0.291	2.006	0.595	0.296	0.203	1.196	-178482.676
78	8	10000	9260	0.5138	0.295	0.297	0.299	0.281	0.304	0.288	0.301	0.310	0.289	0.306	0.302	0.294	0.294	0.297	1.971	0.613	0.306	0.205	1.000	-177916.153
79	8	10000	9299	0.5157	0.000	0.311	0.301	0.297	0.278	0.309	0.302	0.614	0.297	0.301	0.293	0.305	0.302	0.281	1.971	0.602	0.306	0.204	1.000	-178935.111
80	8	10000	9241	0.5112	0.323	0.311	0.317	0.291	0.297	0.299	0.297	0.271	0.287	0.308	0.305	0.302	0.301	0.292	2.007	0.574	0.299	0.197	1.000	-178720.300
81	8	10000	9320	0.5165	0.310	0.288	0.298	0.301	0.311	0.293	0.304	0.310	0.311	0.303	0.296	0.306	0.293	0.302	2.001	0.603	0.300	0.202	1.000	-179249.922
82	8	10000	9265	0.5152	0.596	0.293	0.307	0.305	0.310	0.288	0.297	0.000	0.316	0.300	0.292	0.299	0.299	0.304	1.961	0.626	0.328	0.201	1.663	-178978.056
83	8	10000	9322	0.5158	0.285	0.322	0.308	0.290	0.296	0.304	0.293	0.331	0.295	0.299	0.286	0.303	0.297	0.290	2.024	0.606	0.287	0.208	1.000	-178523.351
84	8	10000	9240	0.5139	0.304	0.317	0.297	0.287	0.291	0.291	0.295	0.288	0.293	0.287	0.302	0.297	0.305	0.296	2.013	0.618	0.309	0.203	1.000	-177776.443
85	8	10000	9263	0.5166	0.334	0.294	0.304	0.306	0.305	0.304	0.302	0.276	0.293	0.290	0.322	0.304	0.309	0.291	1.990	0.592	0.310	0.195	1.337	-179331.498
86	8	10000	9308	0.5155	0.285	0.286	0.290	0.309	0.310	0.298	0.301	0.330	0.310	0.302	0.311	0.309	0.312	0.287	1.983	0.629	0.305	0.200	1.330	-179052.415
87	8	10000	9288	0.5134	0.329	0.295	0.295	0.297	0.299	0.295	0.296	0.265	0.310	0.289	0.297	0.317	0.296	0.302	1.981	0.597	0.295	0.198	1.000	-178009.178
88	8	10000	9249	0.5116	0.288	0.306	0.310	0.300	0.300	0.308	0.309	0.321	0.279	0.291	0.302	0.295	0.286	0.287	1.975	0.620	0.326	0.200	1.868	-178357.258
89	8	10000	9286	0.5121	0.000	0.305	0.301	0.307	0.295	0.299	0.312	0.608	0.292	0.287	0.304	0.295	0.314	0.313	1.979	0.609	0.308	0.200	1.028	-179314.818
90	8	10000	9291	0.5162	0.308	0.305	0.299	0.302	0.294	0.302	0.299	0.304	0.301	0.306	0.302	0.294	0.298	0.289	1.975	0.603	0.315	0.200	1.000	-179065.591
91	8	10000	9254	0.5163	0.540	0.304	0.292	0.299	0.309	0.310	0.285	0.056	0.298	0.306	0.293	0.284	0.302	0.305	1.977	0.616	0.323	0.201	1.000	-178704.140
92	8	10000	9305	0.5128	0.292	0.300	0.288	0.295	0.303	0.306	0.321	0.305	0.295	0.302	0.291	0.295	0.314	0.293	1.962	0.642	0.305	0.210	1.511	-178863.614
93	8	10000	9283	0.5132	0.293	0.294	0.307	0.286	0.300	0.302	0.303	0.301	0.278	0.303	0.301	0.312	0.306	0.294	2.011	0.595	0.304	0.203	1.050	-178606.108
94	8	10000	9235	0.5115	0.322	0.299	0.300	0.278	0.292	0.297	0.291	0.281	0.293	0.294	0.299	0.293	0.297	0.307	1.994	0.620	0.299	0.198	1.000	-177267.304
95	8	10000	9302	0.5141	0.296	0.294	0.310	0.305	0.298	0.307	0.300	0.314	0.295	0.303	0.303	0.299	0.292	0.313	1.981	0.610	0.320	0.203	1.226	-179645.479
96	8	10000	9284	0.5113	0.286	0.294	0.307	0.287	0.298	0.300	0.286	0.312	0.291	0.309	0.291	0.307	0.292	0.306	2.029	0.623	0.301	0.201	1.236	-177878.127
97	8	10000	9288	0.5114	0.265	0.300	0.302	0.289	0.294	0.308	0.304	0.335	0.307	0.303	0.290	0.304	0.313	0.297	2.018	0.596	0.304	0.205	1.000	-179148.165
98	8	10000	9293	0.5173	0.276	0.301	0.306	0.299	0.289	0.312	0.295	0.304	0.296	0.296	0.298	0.308	0.297	0.299	2.022	0.580	0.295	0.197	1.000	-178476.260
99	8	10000	9287	0.5148	0.192	0.293	0.289	0.305	0.306	0.294	0.308	0.392	0.300	0.296	0.297	0.301	0.312	0.307	2.043	0.614	0.309	0.201	1.000	-178682.601
100	8	10000	9272	0.5107	0.313	0.275	0.282	0.304	0.308	0.305	0.303	0.281	0.288	0.293	0.308	0.300	0.290	0.303	1.987	0.590	0.277	0.206	1.000	-177809.994
101	8	10000	9227	0.5151	0.283	0.295	0.308	0.297	0.311	0.285	0.304	0.303	0.301	0.304	0.302	0.301	0.289	0.302	2.046	0.622	0.296	0.196	1.080	-177595.856
102	8	10000	9316	0.5153	0.280	0.299	0.320	0.288	0.299	0.298	0.314	0.337	0.306	0.301	0.307	0.286	0.298	0.298	2.018	0.629	0.309	0.206	1.031	-179460.777
103	8	10000	9281	0.5130	0.359	0.291	0.288	0.299	0.289	0.297	0.306	0.269	0.296	0.297	0.298	0.290	0.315	0.296	1.989	0.607	0.300	0.198	1.069	-178077.123
104	8	10000	9277	0.5113	0.283	0.301	0.311	0.302	0.312	0.301	0.308	0.299	0.312	0.287	0.304	0.299	0.302	0.304	2.025	0.586	0.299	0.199	1.198	-179208.793
105	8	10000	9296	0.5120	0.343	0.327	0.294	0.301	0.300	0.294	0.309	0.257	0.302	0.306	0.299	0.290	0.300	0.296	2.030	0.597	0.297	0.200	1.000	-178731.276
106	8	10000	9256	0.5170	0.266	0.306	0.304	0.299	0.304	0.307	0.294	0.343	0.302	0.307	0.301	0.309	0.298	0.295	2.009	0.645	0.327	0.197	2.339	-178886.221
107	8	10000	9259	0.5105	0.270	0.285	0.303	0.296	0.308	0.304	0.284	0.318	0.297	0.295	0.304	0.314	0.299	0.293	1.977	0.606	0.296	0.197	1.000	-177900.772
108	8	10000	9309	0.5127	0.314	0.297	0.302	0.301	0.302	0.301	0.307	0.311	0.299	0.308	0.296	0.305	0.293	0.299	1.998	0.621	0.315	0.202	1.622	-179370.859
109	8	10000	9289	0.5123	0.290	0.314	0.312	0.309	0.302	0.316	0.306	0.305	0.293	0.298	0.304	0.307	0.307	0.299	1.958	0.585	0.313	0.198	1.000	-180325.202
110	8	10000	9304	0.5163	0.289	0.304	0.305	0.294	0.300	0.310	0.299	0.297	0.302	0.289	0.302	0.301	0.305	0.315	2.013	0.604	0.291	0.205	1.000	-179388.557
111	8	10000	9262	0.5145	0.294	0.294	0.299	0.289	0.296	0.295	0.277	0.298	0.295	0.298	0.297	0.304	0.305	0.288	1.986	0.619	0.279	0.203	1.000	-177094.836
112	8	10000	9240	0.5146	0.336	0.284	0.299	0.299	0.289	0.305	0.306	0.264	0.296	0.297	0.295	0.305	0.295	0.299	1.963	0.606	0.312	0.193	1.392	-178000.361
113	8	10000	9306	0.5094	0.310	0.320	0.304	0.318	0.283	0.307	0.298	0.301	0.309	0.295	0.290	0.296	0.301	0.311	1.989	0.601	0.305	0.200	1.000	-179614.565
114	8	10000	9238	0.5163	0.333	0.295	0.288	0.299	0.306	0.301	0.294	0.262	0.316	0.307	0.297	0.285	0.291	0.297	1.995	0.612	0.305	0.202	1.396	-178316.599
115	8	10000	9229	0.5159	0.291	0.292	0.302	0.290	0.288	0.294	0.298	0.297	0.305	0.314	0.290	0.298	0.308	0.301	2.028	0.608	0.308	0.202	1.000	-178382.106
116	8	10000	9292	0.5161	0.295	0.300	0.297	0.301	0.309	0.296	0.292	0.322	0.287	0.302	0.311	0.301	0.302	0.301	1.962	0.608	0.292	0.201	1.000	-178844.840
117	8	10000	9289	0.5107	0.269	0.300	0.304	0.291	0.299	0.297	0.309	0.328	0.304	0.299	0.312	0.313	0.298	0.303	1.981	0.619	0.299	0.200	1.120	-178952.229
118	8	10000	9209	0.5164	0.285	0.297	0.292	0.301	0.294	0.300	0.290	0.322	0.290	0.299	0.300	0.291	0.283	0.294	2.005	0.633	0.294	0.200	1.000	-176817.743
119	8	10000	9273	0.5163	0.281	0.294	0.294	0.308	0.297	0.311	0.300	0.322	0.296	0.286	0.302	0.308	0.317	0.295	2.004	0.631	0.317	0.198	1.000	-178696.179
120	8	10000	9320	0.5133	0.297	0.297	0.297	0.299	0.282	0.318	0.301	0.303	0.324	0.299	0.313	0.293	0.301	0.295	2.002	0.613	0.301	0.202	1.240	-179021.035
121	8	10000	9306	0.5187	0.277	0.297	0.294	0.287	0.284	0.301	0.315	0.309	0.286	0.320	0.307	0.298	0.293	0.311	1.995	0.591	0.305	0.200	1.000	-178829.159
122	8	10000	9270	0.5124	0.316	0.306	0.299	0.311	0.292	0.305	0.312	0.276	0.304	0.305	0.307	0.289	0.307	0.303	2.021	0.594	0.313	0.194	1.334	-179194.531
123	8	10000	9200	0.5144	0.277	0.315	0.285	0.295	0.288	0.289	0.308	0.308	0.274	0.294	0.303	0.309	0.301	0.302	1.963	0.624	0.305	0.194	1.254	-177418.000
124	8	10000	9225	0.5135	0.329	0.298	0.305	0.300	0.296	0.296	0.301	0.265	0.309	0.282	0.297	0.293	0.305	0.283	2.013	0.611	0.310	0.198	1.000	-177804.597
125	8	10000	9241	0.5131	0.287	0.317	0.292	0.300	0.301	0.302	0.293	0.306	0.287	0.299	0.304	0.305	0.278	0.294	2.043	0.610	0.300	0.203	1.000	-177843.003
126	8	10000	9308	0.5147	0.304	0.304	0.306	0.298	0.285	0.311	0.292	0.286	0.319	0.307	0.299	0.308	0.290	0.316	1.981	0.609	0.310	0.205	1.151	-179494.156
127	8	10000	9299	0.5144	0.315	0.319	0.308	0.294	0.299	0.298	0.302	0.295	0.307	0.298	0.297	0.300	0.315	0.300	1.935	0.602	0.302	0.202	1.094	-179725.121
128	8	10000	9284	0.5140	0.309	0.289	0.291	0.299	0.302	0.301	0.298	0.295	0.306	0.290	0.299	0.288	0.318	0.298	2.021	0.601	0.283	0.200	1.000	-178078.641
129	8	10000	9272	0.5125	0.296	0.294	0.305	0.308	0.295	0.298	0.297	0.304	0.292	0.300	0.304	0.303	0.306	0.300	2.012	0.637	0.331	0.205	1.944	-178970.701
130	8	10000	9291	0.5140	0.296	0.304	0.297	0.288	0.305	0.290	0.297	0.304	0.307	0.292	0.292	0.298	0.304	0.287	1.970	0.631	0.320	0.200	1.996	-178047.845
131	8	10000	9297	0.5165	0.314	0.300	0.306	0.295	0.310	0.306	0.304	0.308	0.304	0.300	0.308	0.305	0.301	0.293	2.009	0.597	0.301	0.199	1.000	-179556.907
132	8	10000	9281	0.5122	0.280	0.311	0.293	0.305	0.295	0.297	0.296	0.316	0.293	0.305	0.301	0.315	0.314	0.305	2.016	0.612	0.306	0.201	1.399	-179018.280
133	8	10000	9267	0.5134	0.278	0.298	0.300	0.292	0.306	0.301	0.273	0.312	0.307	0.303	0.293	0.293	0.315	0.292	1.953	0.610	0.290	0.200	1.000	-177816.815
134	8	10000	9228	0.5106	0.315	0.324	0.306	0.285	0.306	0.302	0.298	0.304	0.296	0.310	0.320	0.306	0.304	0.302	2.037	0.619	0.319	0.191	1.272	-179354.686
135	8	10000	9295	0.5106	0.325	0.294	0.300	0.295	0.305	0.307	0.285	0.299	0.301	0.295	0.301	0.294	0.307	0.297	1.990	0.600	0.296	0.202	1.112	-178739.387
136	8	10000	9272	0.5175	0.310	0.306	0.291	0.298	0.303	0.295	0.288	0.280	0.305	0.293	0.297	0.310	0.297	0.302	2.019	0.601	0.296	0.200	1.000	-178253.107
137	8	10000	9298	0.5137	0.291	0.310	0.307	0.302	0.302	0.300	0.302	0.291	0.310	0.301	0.309	0.312	0.303	0.298	1.955	0.606	0.306	0.199	1.374	-179491.042
138	8	10000	9340	0.5133	0.288	0.308	0.322	0.300	0.304	0.301	0.303	0.307	0.308	0.300	0.299	0.296	0.299	0.307	1.993	0.591	0.289	0.202	1.000	-179708.172
139	8	10000	9259	0.5094	0.295	0.308	0.303	0.304	0.288	0.292	0.299	0.291	0.293	0.305	0.302	0.281	0.299	0.299	1.980	0.606	0.298	0.201	1.000	-178170.049
140	8	10000	9252	0.5117	0.329	0.317	0.303	0.297	0.292	0.294	0.301	0.269	0.300	0.296	0.305	0.291	0.298	0.304	1.999	0.606	0.298	0.197	1.000	-178138.131
141	8	10000	9290	0.5138	0.305	0.293	0.300	0.297	0.309	0.288	0.293	0.303	0.291	0.296	0.301	0.289	0.298	0.295	1.979	0.623	0.299	0.203	1.150	-177749.190
142	8	10000	9265	0.5146	0.318	0.302	0.306	0.299	0.307	0.293	0.304	0.286	0.300	0.302	0.307	0.296	0.294	0.318	1.997	0.623	0.314	0.194	1.485	-178696.184
143	8	10000	9257	0.5165	0.311	0.303	0.297	0.314	0.295	0.297	0.305	0.259	0.318	0.293	0.292	0.290	0.298	0.303	1.998	0.624	0.293	0.203	1.375	-178099.213
144	8	10000	9323	0.5118	0.290	0.305	0.306	0.311	0.289	0.296	0.296	0.294	0.303	0.290	0.301	0.289	0.296	0.309	2.007	0.613	0.309	0.204	1.000	-178585.447
145	8	10000	9291	0.5124	0.258	0.309	0.297	0.312	0.307	0.302	0.293	0.341	0.294	0.298	0.296	0.304	0.306	0.297	1.963	0.596	0.284	0.204	1.000	-179009.936
146	8	10000	9264	0.5157	0.319	0.295	0.296	0.294	0.299	0.296	0.303	0.314	0.308	0.304	0.298	0.296	0.300	0.304	1.947	0.590	0.313	0.199	1.000	-179538.515
147	8	10000	9296	0.5151	0.273	0.309	0.311	0.300	0.294	0.287	0.312	0.327	0.303	0.306	0.303	0.312	0.303	0.301	2.013	0.590	0.304	0.206	1.000	-179924.039
148	8	10000	9297	0.5113	0.330	0.307	0.291	0.306	0.305	0.284	0.301	0.272	0.318	0.299	0.321	0.294	0.311	0.290	2.017	0.612	0.304	0.205	1.393	-179289.229
149	8	10000	9253	0.5091	0.341	0.283	0.305	0.298	0.310	0.309	0.299	0.273	0.305	0.310	0.286	0.288	0.311	0.287	1.965	0.585	0.313	0.197	1.201	-178933.604
150	8	10000	9281	0.5160	0.312	0.302	0.300	0.300	0.302	0.306	0.304	0.298	0.294	0.303	0.300	0.299	0.300	0.304	2.015	0.602	0.305	0.198	1.312	-179093.796
151	8	10000	9295	0.5116	0.278	0.309	0.300	0.305	0.305	0.311	0.300	0.349	0.313	0.300	0.288	0.299	0.305	0.311	2.028	0.601	0.320	0.199	1.410	-179875.948
152	8	10000	9263	0.5144	0.271	0.297	0.294	0.307	0.303	0.298	0.294	0.318	0.315	0.297	0.298	0.276	0.284	0.304	1.981	0.582	0.304	0.197	1.001	-178209.209
153	8	10000	9264	0.5137	0.255	0.307	0.306	0.293	0.288	0.293	0.301	0.344	0.298	0.297	0.305	0.294	0.296	0.310	2.007	0.636	0.307	0.207	1.000	-178452.911
154	8	10000	9244	0.5071	0.300	0.305	0.316	0.295	0.285	0.299	0.299	0.290	0.302	0.302	0.294	0.297	0.304	0.296	1.957	0.619	0.312	0.202	1.000	-178433.888
155	8	10000	9279	0.5150	0.309	0.294	0.299	0.302	0.294	0.286	0.307	0.269	0.296	0.293	0.292	0.307	0.303	0.298	2.036	0.616	0.288	0.204	1.000	-177726.023
156	8	10000	9291	0.5177	0.319	0.302	0.286	0.313	0.304	0.299	0.293	0.307	0.308	0.298	0.299	0.297	0.302	0.304	2.012	0.568	0.294	0.196	1.000	-179256.406
157	8	10000	9275	0.5127	0.287	0.278	0.310	0.302	0.311	0.305	0.299	0.344	0.298	0.308	0.302	0.307	0.304	0.294	1.969	0.609	0.318	0.198	1.400	-179616.499
158	8	10000	9311	0.5159	0.335	0.303	0.299	0.308	0.296	0.300	0.316	0.259	0.293	0.304	0.294	0.312	0.297	0.313	1.990	0.617	0.314	0.203	1.322	-179482.112
159	8	10000	9273	0.5092	0.327	0.304	0.297	0.296	0.302	0.299	0.290	0.259	0.306	0.285	0.297	0.304	0.299	0.300	2.020	0.609	0.306	0.201	1.000	-177723.630
160	8	10000	9266	0.5131	0.270	0.291	0.297	0.286	0.295	0.299	0.295	0.322	0.281	0.306	0.313	0.296	0.300	0.295	2.014	0.588	0.288	0.203	1.000	-177872.677
161	8	10000	9291	0.5138	0.303	0.297	0.296	0.293	0.308	0.320	0.289	0.296	0.299	0.315	0.310	0.308	0.287	0.301	2.011	0.610	0.294	0.199	1.237	-178895.288
162	8	10000	9248	0.5158	0.326	0.303	0.296	0.301	0.317	0.304	0.298	0.261	0.307	0.314	0.287	0.299	0.298	0.307	1.990	0.598	0.320	0.200	1.000	-179172.663
163	8	10000	9278	0.5177	0.310	0.298	0.300	0.296	0.300	0.314	0.291	0.276	0.294	0.301	0.301	0.316	0.303	0.285	2.008	0.609	0.302	0.197	1.181	-178316.191
164	8	10000	9331	0.5111	0.323	0.318	0.303	0.303	0.300	0.303	0.299	0.279	0.310	0.294	0.315	0.305	0.308	0.299	2.016	0.590	0.309	0.206	1.022	-180050.703
165	8	10000	9272	0.5130	0.306	0.324	0.287	0.301	0.289	0.298	0.316	0.274	0.295	0.298	0.318	0.306	0.290	0.300	2.008	0.584	0.299	0.194	1.000	-178576.587
166	8	10000	9218	0.5136	0.319	0.298	0.287	0.294	0.297	0.297	0.303	0.287	0.283	0.303	0.293	0.298	0.285	0.297	1.975	0.617	0.297	0.197	1.000	-177115.595
167	8	10000	9227	0.5120	0.298	0.296	0.292	0.295	0.296	0.302	0.308	0.312	0.306	0.287	0.296	0.308	0.293	0.308	1.972	0.602	0.300	0.194	1.000	-177964.654
168	8	10000	9272	0.5136	0.513	0.293	0.289	0.315	0.298	0.309	0.294	0.079	0.303	0.293	0.294	0.304	0.297	0.310	2.039	0.608	0.310	0.197	1.000	-178283.346
169	8	10000	9269	0.5136	0.302	0.304	0.295	0.296	0.312	0.294	0.308	0.289	0.304	0.299	0.315	0.282	0.289	0.300	1.980	0.594	0.289	0.198	1.000	-178308.498
170	8	10000	9267	0.5099	0.302	0.302	0.306	0.291	0.291	0.304	0.303	0.288	0.284	0.302	0.308	0.317	0.319	0.299	1.995	0.588	0.297	0.200	1.000	-178911.970
171	8	10000	9304	0.5135	0.315	0.297	0.307	0.306	0.301	0.304	0.309	0.273	0.318	0.304	0.304	0.308	0.312	0.284	2.008	0.591	0.293	0.197	1.000	-179342.000
172	8	10000	9241	0.5132	0.281	0.296	0.296	0.294	0.308	0.289	0.316	0.309	0.299	0.297	0.292	0.311	0.296	0.294	1.989	0.583	0.293	0.198	1.024	-178313.816
173	8	10000	9258	0.5171	0.295	0.293	0.296	0.302	0.303	0.294	0.299	0.307	0.297	0.291	0.299	0.295	0.292	0.307	1.987	0.621	0.301	0.198	1.188	-177972.393
174	8	10000	9267	0.5120	0.309	0.299	0.296	0.302	0.308	0.298	0.301	0.282	0.310	0.305	0.296	0.305	0.287	0.290	1.996	0.622	0.295	0.199	1.039	-178004.797
175	8	10000	9275	0.5170	0.320	0.286	0.304	0.303	0.307	0.286	0.294	0.290	0.293	0.298	0.297	0.289	0.304	0.297	1.988	0.600	0.294	0.202	1.000	-178026.966
176	8	10000	9235	0.5087	0.404	0.300	0.296	0.306	0.308	0.297	0.302	0.194	0.309	0.293	0.299	0.298	0.294	0.308	2.016	0.615	0.305	0.204	1.000	-178571.433
177	8	10000	9302	0.5127	0.331	0.282	0.302	0.295	0.290	0.294	0.296	0.273	0.289	0.304	0.302	0.303	0.300	0.297	1.941	0.649	0.302	0.208	1.000	-177893.139
178	8	10000	9329	0.5156	0.307	0.311	0.301	0.308	0.293	0.306	0.306	0.322	0.304	0.305	0.309	0.301	0.288	0.297	2.017	0.616	0.300	0.202	1.344	-179430.695
179	8	10000	9322	0.5147	0.279	0.304	0.295	0.286	0.311	0.305	0.313	0.304	0.312	0.310	0.304	0.291	0.307	0.308	2.002	0.590	0.300	0.200	1.000	-179553.450
180	8	10000	9288	0.5115	0.317	0.305	0.306	0.278	0.293	0.296	0.307	0.279	0.312	0.292	0.309	0.294	0.306	0.293	2.002	0.636	0.310	0.203	1.424	-178310.820
181	8	10000	9249	0.5129	0.272	0.297	0.295	0.308	0.300	0.314	0.306	0.338	0.295	0.298	0.296	0.295	0.297	0.295	2.010	0.641	0.308	0.201	1.000	-178273.315
182	8	10000	9240	0.5110	0.272	0.296	0.302	0.300	0.307	0.298	0.303	0.317	0.287	0.307	0.314	0.315	0.282	0.309	2.006	0.606	0.291	0.198	1.000	-178414.277
183	8	10000	9286	0.5158	0.268	0.296	0.303	0.298	0.313	0.293	0.300	0.348	0.305	0.296	0.319	0.288	0.297	0.299	1.997	0.624	0.305	0.203	1.412	-178832.110
184	8	10000	9284	0.5107	0.614	0.292	0.295	0.306	0.289	0.310	0.302	0.000	0.299	0.309	0.304	0.293	0.283	0.310	2.023	0.595	0.301	0.202	1.000	-178895.155
185	8	10000	9237	0.5114	0.292	0.311	0.298	0.295	0.299	0.299	0.290	0.293	0.287	0.307	0.291	0.298	0.311	0.287	2.018	0.619	0.304	0.200	1.000	-177648.334
186	8	10000	9241	0.5142	0.310	0.302	0.278	0.305	0.295	0.304	0.294	0.288	0.296	0.302	0.296	0.284	0.295	0.304	1.997	0.608	0.302	0.198	1.000	-177721.571
187	8	10000	9263	0.5175	0.278	0.306	0.309	0.300	0.306	0.300	0.301	0.321	0.286	0.302	0.296	0.298	0.314	0.290	2.004	0.649	0.304	0.205	1.600	-178575.381
188	8	10000	9267	0.5169	0.318	0.304	0.310	0.295	0.296	0.300	0.309	0.292	0.295	0.297	0.293	0.302	0.298	0.305	2.034	0.620	0.314	0.192	1.242	-178228.194
189	8	10000	9299	0.5151	0.103	0.307	0.297	0.304	0.296	0.290	0.290	0.918	0.293	0.309	0.295	0.283	0.303	0.295	2.022	0.665	0.333	0.211	271.635	-178236.718
190	8	10000	9256	0.5123	0.298	0.298	0.293	0.304	0.290	0.291	0.306	0.316	0.306	0.295	0.290	0.299	0.292	0.296	1.977	0.624	0.299	0.201	1.070	-177846.790
191	8	10000	9241	0.5125	0.346	0.301	0.294	0.298	0.290	0.303	0.299	0.268	0.285	0.292	0.299	0.304	0.301	0.299	1.962	0.620	0.305	0.200	1.344	-178081.280
192	8	10000	9272	0.5115	0.261	0.294	0.295	0.291	0.297	0.301	0.300	0.330	0.312	0.300	0.292	0.303	0.301	0.295	1.973	0.618	0.295	0.194	1.256	-177710.741
193	8	10000	9280	0.5149	0.273	0.308	0.298	0.300	0.292	0.299	0.303	0.316	0.301	0.308	0.308	0.306	0.301	0.294	2.015	0.610	0.309	0.198	1.000	-178814.487
194	8	10000	9259	0.5124	0.336	0.306	0.299	0.291	0.300	0.294	0.303	0.279	0.299	0.298	0.306	0.288	0.296	0.300	2.017	0.590	0.311	0.198	1.000	-178481.839
195	8	10000	9255	0.5127	0.276	0.300	0.300	0.307	0.301	0.293	0.289	0.320	0.297	0.305	0.300	0.303	0.298	0.303	2.001	0.610	0.299	0.201	1.123	-178496.974
196	8	10000	9245	0.5153	0.297	0.304	0.288	0.309	0.291	0.309	0.317	0.307	0.294	0.300	0.291	0.296	0.298	0.295	2.021	0.595	0.294	0.192	1.000	-178171.649
197	8	10000	9294	0.5152	0.324	0.299	0.305	0.283	0.281	0.296	0.299	0.299	0.299	0.298	0.304	0.308	0.297	0.300	1.993	0.603	0.285	0.197	1.000	-177834.769
198	8	10000	9296	0.5160	0.297	0.304	0.306	0.312	0.294	0.301	0.294	0.292	0.323	0.295	0.297	0.311	0.301	0.292	1.989	0.598	0.311	0.200	1.303	-179288.404
199	8	10000	9279	0.5121	0.276	0.303	0.307	0.307	0.301	0.297	0.292	0.326	0.313	0.303	0.308	0.294	0.305	0.309	1.972	0.609	0.309	0.197	1.000	-179370.311
200	8	10000	9223	0.5123	0.273	0.293	0.300	0.303	0.304	0.301	0.298	0.316	0.302	0.314	0.296	0.310	0.292	0.298	2.005	0.610	0.305	0.194	1.177	-178234.992
201	8	10000	9270	0.5153	0.334	0.304	0.302	0.312	0.292	0.303	0.284	0.241	0.309	0.310	0.298	0.303	0.302	0.293	2.022	0.606	0.294	0.207	1.000	-178576.147
202	8	10000	9286	0.5104	0.343	0.294	0.307	0.310	0.287	0.314	0.306	0.257	0.316	0.304	0.300	0.302	0.297	0.293	2.012	0.596	0.291	0.203	1.023	-179281.717
203	8	10000	9315	0.5144	0.308	0.288	0.299	0.311	0.325	0.306	0.304	0.298	0.304	0.288	0.305	0.302	0.292	0.297	1.981	0.607	0.310	0.204	1.000	-179571.951
204	8	10000	9277	0.5093	0.288	0.311	0.307	0.302	0.297	0.312	0.304	0.305	0.297	0.298	0.296	0.293	0.293	0.292	2.044	0.647	0.308	0.212	1.336	-178501.818
205	8	10000	9257	0.5148	0.315	0.286	0.295	0.303	0.300	0.297	0.297	0.300	0.285	0.301	0.300	0.298	0.300	0.306	1.969	0.613	0.305	0.202	1.165	-178363.954
206	8	10000	9287	0.5121	0.308	0.314	0.298	0.306	0.292	0.289	0.310	0.306	0.321	0.309	0.299	0.288	0.308	0.295	2.023	0.591	0.288	0.195	1.002	-178562.826
207	8	10000	9275	0.5122	0.273	0.301	0.297	0.292	0.311	0.301	0.283	0.339	0.303	0.304	0.298	0.304	0.293	0.290	1.970	0.640	0.321	0.203	2.772	-178213.474
208	8	10000	9264	0.5130	0.286	0.294	0.295	0.302	0.297	0.311	0.298	0.310	0.305	0.310	0.279	0.285	0.300	0.296	2.003	0.608	0.302	0.208	1.000	-178496.910
209	8	10000	9265	0.5134	0.276	0.307	0.302	0.313	0.316	0.286	0.304	0.312	0.293	0.301	0.309	0.286	0.303	0.296	1.992	0.604	0.315	0.206	1.253	-179326.656
210	8	10000	9235	0.5161	0.293	0.299	0.304	0.307	0.295	0.301	0.302	0.297	0.308	0.291	0.290	0.306	0.306	0.291	2.039	0.619	0.317	0.196	1.349	-178239.353
211	8	10000	9251	0.5125	0.325	0.298	0.293	0.307	0.280	0.303	0.295	0.279	0.297	0.299	0.303	0.291	0.291	0.307	1.955	0.605	0.283	0.202	1.000	-178079.307
212	8	10000	9280	0.5106	0.284	0.299	0.296	0.310	0.311	0.294	0.303	0.305	0.299	0.303	0.294	0.307	0.299	0.308	2.019	0.590	0.307	0.192	1.041	-178768.007
213	8	10000	9242	0.5125	0.271	0.300	0.299	0.300	0.313	0.299	0.305	0.334	0.294	0.300	0.299	0.288	0.296	0.302	2.010	0.614	0.296	0.200	1.091	-178338.489
214	8	10000	9298	0.5166	0.312	0.284	0.293	0.298	0.309	0.310	0.303	0.277	0.303	0.300	0.299	0.296	0.308	0.288	2.005	0.589	0.292	0.204	1.000	-178827.549
215	8	10000	9308	0.5146	0.311	0.293	0.291	0.296	0.286	0.300	0.296	0.310	0.310	0.300	0.287	0.307	0.316	0.292	1.992	0.616	0.294	0.203	1.074	-178264.477
216	8	10000	9271	0.5141	0.618	0.289	0.301	0.290	0.307	0.308	0.300	0.000	0.292	0.297	0.315	0.294	0.302	0.306	2.003	0.603	0.315	0.202	1.000	-179340.868
217	8	10000	9273	0.5144	0.290	0.286	0.311	0.300	0.304	0.299	0.287	0.302	0.306	0.299	0.292	0.307	0.297	0.303	1.943	0.601	0.292	0.200	1.000	-178476.158
218	8	10000	9246	0.5122	0.295	0.289	0.302	0.303	0.310	0.295	0.292	0.305	0.286	0.311	0.295	0.280	0.301	0.300	1.975	0.588	0.280	0.205	1.000	-178184.714
219	8	10000	9262	0.5127	0.312	0.296	0.311	0.302	0.301	0.305	0.298	0.302	0.291	0.300	0.321	0.322	0.299	0.307	2.026	0.577	0.313	0.195	1.024	-179996.209
220	8	10000	9252	0.5149	0.302	0.295	0.306	0.296	0.317	0.313	0.295	0.307	0.292	0.292	0.308	0.309	0.294	0.286	2.045	0.620	0.303	0.200	1.000	-178282.363
221	8	10000	9275	0.5130	0.272	0.314	0.292	0.313	0.312	0.307	0.299	0.308	0.306	0.295	0.315	0.297	0.294	0.297	2.022	0.613	0.298	0.207	1.110	-179037.735
222	8	10000	9283	0.5120	0.309	0.307	0.292	0.301	0.304	0.308	0.294	0.276	0.277	0.306	0.303	0.304	0.295	0.296	2.000	0.629	0.300	0.207	1.301	-178256.058
223	8	10000	9248	0.5110	0.301	0.298	0.299	0.303	0.303	0.298	0.298	0.300	0.298	0.304	0.296	0.310	0.301	0.299	1.999	0.595	0.318	0.198	1.010	-179072.932
224	8	10000	9306	0.5144	0.307	0.306	0.302	0.302	0.296	0.300	0.298	0.290	0.291	0.296	0.311	0.299	0.300	0.311	1.993	0.627	0.295	0.202	1.000	-178887.800
225	8	10000	9278	0.5161	0.319	0.296	0.312	0.301	0.301	0.294	0.306	0.292	0.297	0.289	0.297	0.301	0.310	0.300	2.003	0.593	0.298	0.203	1.000	-179043.364
226	8	10000	9330	0.5124	0.275	0.309	0.307	0.291	0.300	0.299	0.297	0.317	0.279	0.305	0.311	0.316	0.300	0.299	2.005	0.595	0.292	0.200	1.000	-178666.278
227	8	10000	9283	0.5152	0.299	0.311	0.293	0.301	0.299	0.306	0.305	0.307	0.301	0.299	0.289	0.309	0.298	0.311	1.964	0.628	0.311	0.201	1.323	-179197.378
228	8	10000	9238	0.5136	0.308	0.301	0.302	0.283	0.301	0.296	0.295	0.290	0.300	0.321	0.289	0.298	0.293	0.307	1.978	0.632	0.301	0.190	1.483	-177613.559
229	8	10000	9259	0.5132	0.296	0.327	0.298	0.295	0.294	0.291	0.298	0.309	0.301	0.300	0.299	0.298	0.307	0.308	2.002	0.631	0.306	0.207	1.339	-179109.272
230	8	10000	9281	0.5132	0.328	0.310	0.297	0.306	0.284	0.286	0.306	0.299	0.302	0.304	0.300	0.295	0.296	0.297	2.000	0.609	0.297	0.200	1.138	-178367.048
231	8	10000	9294	0.5151	0.293	0.314	0.301	0.291	0.287	0.300	0.299	0.299	0.307	0.298	0.311	0.292	0.308	0.283	2.001	0.612	0.305	0.203	1.138	-178556.536
232	8	10000	9297	0.5172	0.304	0.300	0.284	0.313	0.298	0.308	0.282	0.305	0.297	0.295	0.297	0.294	0.291	0.304	1.989	0.606	0.301	0.201	1.020	-178132.985
233	8	10000	9284	0.5134	0.289	0.297	0.306	0.301	0.286	0.311	0.304	0.308	0.288	0.303	0.292	0.301	0.294	0.304	2.022	0.636	0.316	0.204	1.837	-178356.673
234	8	10000	9267	0.5127	0.279	0.297	0.310	0.294	0.303	0.294	0.290	0.325	0.306	0.303	0.292	0.296	0.307	0.295	2.030	0.592	0.295	0.196	1.000	-178172.137
235	8	10000	9274	0.5118	0.272	0.305	0.307	0.292	0.285	0.300	0.299	0.325	0.299	0.308	0.308	0.291	0.301	0.290	1.978	0.580	0.293	0.201	1.000	-178533.409
236	8	10000	9226	0.5125	0.318	0.302	0.301	0.298	0.304	0.304	0.293	0.283	0.307	0.309	0.305	0.271	0.306	0.295	1.998	0.599	0.313	0.196	1.000	-178529.741
237	8	10000	9256	0.5128	0.269	0.300	0.302	0.305	0.294	0.300	0.300	0.318	0.296	0.303	0.297	0.295	0.302	0.300	1.983	0.587	0.284	0.199	1.000	-178126.224
238	8	10000	9319	0.5112	0.285	0.295	0.300	0.288	0.305	0.300	0.297	0.302	0.299	0.309	0.306	0.301	0.298	0.294	1.990	0.595	0.286	0.206	1.000	-178517.374
239	8	10000	9261	0.5153	0.326	0.304	0.297	0.306	0.291	0.290	0.301	0.261	0.301	0.292	0.295	0.296	0.293	0.280	2.013	0.604	0.295	0.196	1.050	-177006.521
240	8	10000	9258	0.5102	0.319	0.289	0.298	0.312	0.297	0.300	0.294	0.278	0.309	0.310	0.302	0.287	0.297	0.295	2.015	0.598	0.299	0.206	1.000	-178541.384
241	8	10000	9324	0.5156	0.346	0.286	0.304	0.299	0.299	0.307	0.289	0.278	0.305	0.308	0.303	0.305	0.317	0.298	2.016	0.629	0.312	0.204	1.776	-179446.756
242	8	10000	9274	0.5146	0.310	0.313	0.284	0.294	0.299	0.304	0.309	0.286	0.292	0.300	0.300	0.307	0.317	0.301	1.994	0.599	0.302	0.203	1.000	-179144.887
243	8	10000	9281	0.5163	0.265	0.302	0.297	0.314	0.299	0.290	0.302	0.341	0.304	0.302	0.305	0.292	0.305	0.296	2.007	0.614	0.299	0.201	1.373	-178836.967
244	8	10000	9253	0.5147	0.321	0.295	0.295	0.308	0.309	0.307	0.287	0.270	0.292	0.307	0.309	0.300	0.298	0.309	2.042	0.579	0.286	0.195	1.050	-178334.319
245	8	10000	9310	0.5128	0.282	0.299	0.307	0.286	0.289	0.315	0.301	0.310	0.311	0.303	0.300	0.285	0.309	0.290	2.038	0.580	0.313	0.195	1.000	-178689.937
246	8	10000	9280	0.5137	0.305	0.300	0.292	0.303	0.309	0.298	0.297	0.301	0.292	0.299	0.308	0.308	0.309	0.304	2.011	0.588	0.294	0.202	1.000	-179231.416
247	8	10000	9293	0.5168	0.322	0.305	0.300	0.310	0.302	0.296	0.313	0.265	0.293	0.300	0.295	0.288	0.303	0.298	2.004	0.603	0.302	0.205	1.000	-179033.876
248	8	10000	9240	0.5139	0.264	0.303	0.306	0.300	0.298	0.309	0.306	0.359	0.304	0.304	0.287	0.286	0.304	0.295	1.979	0.613	0.309	0.194	1.000	-178552.719
249	8	10000	9308	0.5135	0.272	0.306	0.311	0.293	0.297	0.309	0.301	0.335	0.307	0.300	0.300	0.286	0.302	0.302	2.024	0.617	0.315	0.202	1.225	-179225.417
250	8	10000	9285	0.5160	0.265	0.304	0.300	0.299	0.304	0.294	0.301	0.339	0.300	0.292	0.302	0.289	0.290	0.300	2.012	0.618	0.305	0.199	1.000	-178194.791
251	8	10000	9232	0.5150	0.303	0.304	0.306	0.295	0.306	0.300	0.299	0.314	0.300	0.292	0.295	0.284	0.287	0.306	2.017	0.633	0.309	0.200	1.643	-177946.308
252	8	10000	9336	0.5157	0.315	0.310	0.297	0.294	0.296	0.307	0.292	0.300	0.304	0.307	0.295	0.304	0.306	0.308	2.046	0.597	0.286	0.200	1.034	-178957.308
253	8	10000	9249	0.5124	0.273	0.287	0.300	0.294	0.302	0.301	0.300	0.309	0.296	0.304	0.305	0.294	0.286	0.286	2.027	0.599	0.298	0.197	1.000	-177214.834
254	8	10000	9230	0.5133	0.347	0.295	0.302	0.287	0.297	0.298	0.303	0.266	0.292	0.294	0.292	0.293	0.296	0.305	2.027	0.616	0.313	0.199	1.255	-177720.765
255	8	10000	9290	0.5152	0.294	0.301	0.296	0.293	0.298	0.291	0.302	0.304	0.296	0.295	0.299	0.305	0.301	0.293	2.006	0.628	0.297	0.202	1.246	-178008.966
256	8	10000	9292	0.5137	0.335	0.307	0.302	0.304	0.294	0.301	0.298	0.272	0.307	0.301	0.299	0.303	0.299	0.299	2.020	0.592	0.293	0.202	1.000	-178894.121
257	8	10000	9279	0.5119	0.302	0.309	0.310	0.312	0.298	0.305	0.290	0.303	0.310	0.304	0.313	0.297	0.303	0.301	1.968	0.630	0.315	0.196	1.693	-179511.290
258	8	10000	9309	0.5145	0.281	0.291	0.299	0.306	0.315	0.312	0.307	0.323	0.291	0.300	0.302	0.300	0.299	0.298	1.995	0.615	0.310	0.205	1.564	-179459.121
259	8	10000	9287	0.5113	0.563	0.296	0.291	0.295	0.316	0.300	0.299	0.022	0.295	0.307	0.290	0.322	0.315	0.303	2.049	0.609	0.315	0.204	1.051	-178781.995
260	8	10000	9262	0.5162	0.275	0.317	0.304	0.299	0.310	0.296	0.297	0.327	0.308	0.304	0.297	0.307	0.292	0.300	1.972	0.581	0.297	0.195	1.000	-179155.558
261	8	10000	9294	0.5100	0.343	0.296	0.311	0.296	0.303	0.287	0.289	0.275	0.296	0.295	0.300	0.314	0.293	0.292	1.985	0.613	0.304	0.207	1.000	-178507.281
262	8	10000	9286	0.5168	0.307	0.301	0.295	0.308	0.291	0.295	0.299	0.304	0.312	0.306	0.302	0.283	0.311	0.306	2.002	0.598	0.306	0.195	1.146	-179065.749
263	8	10000	9258	0.5125	0.299	0.297	0.306	0.304	0.296	0.292	0.305	0.304	0.296	0.308	0.313	0.293	0.312	0.289	1.993	0.602	0.306	0.200	1.000	-179072.427
264	8	10000	9273	0.5186	0.332	0.291	0.292	0.309	0.295	0.295	0.306	0.265	0.297	0.306	0.291	0.300	0.291	0.303	2.021	0.605	0.293	0.201	1.139	-178065.982
265	8	10000	9314	0.5169	0.277	0.295	0.293	0.302	0.305	0.300	0.298	0.326	0.298	0.304	0.302	0.296	0.302	0.302	1.977	0.618	0.304	0.197	1.000	-178891.586
266	8	10000	9274	0.5118	0.293	0.303	0.303	0.282	0.291	0.301	0.297	0.310	0.292	0.294	0.305	0.309	0.301	0.300	1.983	0.615	0.330	0.199	1.000	-178506.061
267	8	10000	9282	0.5116	0.300	0.292	0.302	0.298	0.283	0.299	0.293	0.310	0.309	0.299	0.298	0.277	0.294	0.302	1.948	0.595	0.298	0.206	1.000	-178261.596
268	8	10000	9272	0.5141	0.342	0.300	0.296	0.300	0.293	0.309	0.298	0.271	0.307	0.298	0.289	0.301	0.300	0.299	1.975	0.645	0.323	0.206	2.068	-178577.792
269	8	10000	9290	0.5157	0.284	0.311	0.301	0.309	0.307	0.304	0.308	0.314	0.284	0.302	0.300	0.306	0.281	0.304	2.011	0.601	0.297	0.202	1.000	-178890.882
270	8	10000	9304	0.5158	0.000	0.297	0.306	0.296	0.299	0.307	0.311	0.591	0.315	0.298	0.307	0.293	0.304	0.309	1.984	0.593	0.305	0.202	1.000	-179825.876
271	8	10000	9254	0.5152	0.305	0.301	0.294	0.309	0.323	0.303	0.298	0.280	0.291	0.312	0.303	0.287	0.291	0.316	2.003	0.614	0.317	0.199	1.000	-179074.695
272	8	10000	9313	0.5158	0.312	0.303	0.300	0.320	0.290	0.300	0.301	0.281	0.311	0.305	0.315	0.303	0.298	0.307	1.994	0.563	0.290	0.198	1.096	-180010.682
273	8	10000	9275	0.5086	0.312	0.292	0.298	0.297	0.296	0.306	0.300	0.307	0.318	0.294	0.306	0.299	0.301	0.294	2.003	0.623	0.305	0.202	1.400	-178672.690
274	8	10000	9308	0.5171	0.284	0.296	0.293	0.301	0.310	0.297	0.285	0.329	0.310	0.299	0.296	0.286	0.292	0.303	1.994	0.643	0.314	0.202	1.000	-177985.775
275	8	10000	9239	0.5141	0.290	0.291	0.301	0.301	0.305	0.300	0.275	0.319	0.307	0.292	0.307	0.305	0.304	0.299	1.965	0.586	0.304	0.197	1.000	-178491.418
276	8	10000	9275	0.5127	0.513	0.296	0.306	0.295	0.296	0.298	0.296	0.041	0.311	0.319	0.304	0.306	0.302	0.295	2.016	0.549	0.276	0.197	1.000	-178628.078
277	8	10000	9284	0.5161	0.259	0.301	0.305	0.305	0.296	0.313	0.306	0.325	0.306	0.302	0.296	0.295	0.310	0.293	1.980	0.589	0.305	0.199	1.190	-179258.189
278	8	10000	9295	0.5161	0.301	0.296	0.308	0.306	0.292	0.308	0.291	0.293	0.310	0.302	0.296	0.302	0.294	0.296	1.994	0.607	0.295	0.204	1.000	-178803.972
279	8	10000	9290	0.5090	0.299	0.314	0.309	0.314	0.297	0.301	0.296	0.304	0.290	0.303	0.297	0.300	0.305	0.299	1.978	0.634	0.308	0.204	1.000	-178973.130
280	8	10000	9280	0.5129	0.303	0.296	0.296	0.308	0.292	0.309	0.304	0.280	0.309	0.302	0.285	0.284	0.296	0.296	1.980	0.606	0.294	0.203	1.028	-178176.815
281	8	10000	9216	0.5159	0.301	0.299	0.308	0.290	0.288	0.289	0.301	0.297	0.289	0.304	0.301	0.298	0.301	0.311	2.035	0.590	0.321	0.192	1.099	-178206.480
282	8	10000	9309	0.5152	0.322	0.301	0.296	0.307	0.314	0.307	0.303	0.282	0.291	0.305	0.306	0.296	0.289	0.296	2.001	0.581	0.285	0.207	1.032	-179471.720
283	8	10000	9269	0.5153	0.293	0.321	0.306	0.288	0.309	0.304	0.294	0.310	0.292	0.312	0.292	0.306	0.309	0.297	2.001	0.589	0.297	0.196	1.188	-179161.405
284	8	10000	9316	0.5148	0.304	0.313	0.298	0.301	0.306	0.310	0.289	0.328	0.302	0.311	0.304	0.303	0.302	0.310	2.039	0.605	0.319	0.201	1.041	-180166.155
285	8	10000	9275	0.5127	0.305	0.297	0.296	0.307	0.315	0.298	0.309	0.286	0.305	0.286	0.306	0.290	0.305	0.293	1.987	0.588	0.312	0.193	1.000	-178972.852
286	8	10000	9252	0.5134	0.303	0.303	0.307	0.284	0.294	0.302	0.288	0.300	0.299	0.303	0.287	0.303	0.302	0.311	2.002	0.607	0.297	0.196	1.000	-177911.834
287	8	10000	9195	0.5121	0.295	0.289	0.301	0.304	0.287	0.286	0.300	0.297	0.302	0.290	0.291	0.283	0.291	0.300	1.979	0.600	0.306	0.197	1.089	-176990.177
288	8	10000	9248	0.5142	0.308	0.311	0.283	0.292	0.300	0.302	0.300	0.286	0.322	0.295	0.290	0.292	0.292	0.318	1.981	0.580	0.289	0.197	1.000	-178415.025
289	8	10000	9293	0.5100	0.279	0.304	0.304	0.301	0.300	0.303	0.308	0.323	0.285	0.307	0.307	0.313	0.294	0.302	2.007	0.596	0.314	0.198	1.022	-179253.775
290	8	10000	9240	0.5107	0.266	0.324	0.309	0.291	0.302	0.296	0.303	0.324	0.302	0.301	0.292	0.297	0.293	0.302	1.937	0.589	0.312	0.194	1.000	-178599.772
291	8	10000	9283	0.5113	0.331	0.296	0.298	0.301	0.312	0.304	0.310	0.277	0.302	0.301	0.297	0.310	0.296	0.294	1.983	0.629	0.318	0.203	1.369	-179238.073
292	8	10000	9300	0.5118	0.293	0.312	0.313	0.309	0.310	0.293	0.303	0.296	0.308	0.302	0.307	0.306	0.303	0.303	2.003	0.591	0.297	0.199	1.060	-179518.308
293	8	10000	9229	0.5127	0.310	0.297	0.292	0.290	0.303	0.290	0.294	0.299	0.304	0.309	0.290	0.293	0.290	0.292	1.936	0.588	0.299	0.194	1.089	-177475.310
294	8	10000	9232	0.5131	0.318	0.303	0.296	0.289	0.304	0.282	0.296	0.292	0.292	0.288	0.312	0.286	0.309	0.296	1.963	0.611	0.294	0.202	1.000	-177566.181
295	8	10000	9243	0.5130	0.265	0.301	0.295	0.301	0.286	0.299	0.311	0.339	0.291	0.305	0.295	0.291	0.301	0.312	1.997	0.630	0.320	0.194	1.443	-178316.616
296	8	10000	9276	0.5138	0.336	0.299	0.312	0.299	0.304	0.298	0.291	0.294	0.286	0.303	0.297	0.299	0.294	0.301	2.008	0.641	0.317	0.203	1.937	-178647.342
297	8	10000	9291	0.5141	0.322	0.301	0.297	0.295	0.296	0.303	0.295	0.266	0.312	0.306	0.302	0.303	0.288	0.298	1.965	0.596	0.279	0.204	1.000	-178402.070
298	8	10000	9254	0.5132	0.305	0.298	0.306	0.300	0.310	0.300	0.298	0.271	0.294	0.297	0.306	0.293	0.297	0.307	2.026	0.615	0.294	0.201	1.187	-178216.883
299	8	10000	9242	0.5157	0.297	0.289	0.304	0.299	0.293	0.291	0.297	0.315	0.294	0.294	0.297	0.300	0.310	0.288	1.973	0.605	0.304	0.200	1.000	-178007.193
300	8	10000	9275	0.5137	0.314	0.294	0.290	0.308	0.311	0.292	0.296	0.282	0.295	0.302	0.286	0.309	0.302	0.306	1.957	0.582	0.293	0.197	1.000	-178633.203
301	8	10000	9270	0.5163	0.323	0.318	0.305	0.292	0.303	0.301	0.297	0.281	0.310	0.295	0.298	0.305	0.309	0.290	1.998	0.598	0.313	0.194	1.000	-179126.406
302	8	10000	9256	0.5140	0.271	0.289	0.296	0.294	0.309	0.306	0.285	0.322	0.300	0.297	0.304	0.297	0.299	0.290	2.069	0.598	0.304	0.198	1.000	-177668.709
303	8	10000	9288	0.5124	0.309	0.307	0.310	0.298	0.297	0.298	0.301	0.293	0.291	0.319	0.302	0.305	0.297	0.293	2.037	0.628	0.309	0.207	1.441	-178889.203
304	8	10000	9266	0.5130	0.327	0.306	0.290	0.300	0.302	0.286	0.298	0.278	0.297	0.306	0.301	0.288	0.295	0.303	2.019	0.613	0.298	0.197	1.143	-177699.862
305	8	10000	9257	0.5137	0.306	0.299	0.310	0.302	0.301	0.295	0.289	0.300	0.297	0.315	0.290	0.293	0.300	0.314	2.024	0.610	0.303	0.196	1.000	-178319.568
306	8	10000	9267	0.5137	0.214	0.280	0.292	0.309	0.308	0.301	0.283	0.372	0.305	0.291	0.308	0.295	0.281	0.301	2.009	0.620	0.289	0.197	1.000	-176945.452
307	8	10000	9266	0.5116	0.280	0.302	0.290	0.315	0.297	0.306	0.298	0.325	0.305	0.292	0.296	0.291	0.307	0.298	2.039	0.607	0.290	0.195	1.000	-177950.504
308	8	10000	9288	0.5124	0.331	0.309	0.295	0.295	0.305	0.303	0.311	0.279	0.300	0.296	0.295	0.295	0.302	0.302	2.048	0.597	0.294	0.208	1.031	-178961.840
309	8	10000	9264	0.5112	0.263	0.285	0.293	0.304	0.302	0.288	0.300	0.344	0.294	0.294	0.292	0.295	0.301	0.283	1.978	0.598	0.292	0.205	1.000	-177645.301
310	8	10000	9257	0.5140	0.289	0.305	0.298	0.297	0.291	0.319	0.286	0.291	0.297	0.305	0.298	0.301	0.297	0.312	1.963	0.595	0.306	0.196	1.000	-178633.724
311	8	10000	9285	0.5115	0.275	0.297	0.304	0.304	0.307	0.296	0.303	0.331	0.296	0.296	0.300	0.302	0.308	0.287	2.031	0.579	0.298	0.196	1.000	-178605.001
312	8	10000	9249	0.5180	0.302	0.292	0.291	0.298	0.295	0.309	0.297	0.304	0.291	0.298	0.302	0.289	0.308	0.292	1.954	0.617	0.301	0.195	1.120	-177952.664
313	8	10000	9310	0.5126	0.281	0.293	0.299	0.315	0.301	0.303	0.313	0.333	0.293	0.293	0.296	0.310	0.297	0.286	2.024	0.616	0.313	0.205	1.303	-179016.661
314	8	10000	9271	0.5123	0.270	0.287	0.305	0.303	0.306	0.300	0.308	0.328	0.305	0.293	0.294	0.307	0.301	0.297	2.013	0.615	0.318	0.197	1.126	-178597.423
315	8	10000	9278	0.5099	0.345	0.297	0.298	0.304	0.287	0.321	0.301	0.263	0.318	0.303	0.292	0.298	0.308	0.299	2.034	0.612	0.305	0.196	1.418	-178938.142
316	8	10000	9260	0.5123	0.285	0.300	0.306	0.286	0.286	0.299	0.292	0.313	0.293	0.304	0.289	0.293	0.299	0.289	1.979	0.622	0.297	0.208	1.071	-177547.402
317	8	10000	9301	0.5173	0.267	0.315	0.296	0.305	0.283	0.301	0.293	0.317	0.291	0.289	0.307	0.295	0.291	0.299	1.997	0.607	0.307	0.207	1.000	-178317.153
318	8	10000	9301	0.5126	0.292	0.297	0.299	0.296	0.289	0.305	0.307	0.313	0.292	0.314	0.287	0.302	0.302	0.297	1.967	0.627	0.313	0.204	1.706	-178951.880
319	8	10000	9265	0.5131	0.284	0.308	0.299	0.313	0.304	0.286	0.306	0.311	0.302	0.300	0.298	0.306	0.306	0.300	2.034	0.614	0.317	0.198	1.000	-178607.502
320	8	10000	9281	0.5177	0.305	0.305	0.299	0.290	0.304	0.303	0.295	0.254	0.302	0.298	0.291	0.314	0.308	0.292	1.969	0.591	0.291	0.206	1.000	-178400.038
321	8	10000	9284	0.5110	0.293	0.307	0.302	0.308	0.298	0.301	0.302	0.309	0.304	0.296	0.300	0.281	0.297	0.298	1.992	0.612	0.308	0.197	1.000	-178357.514
322	8	10000	9261	0.5148	0.318	0.298	0.316	0.300	0.304	0.299	0.300	0.271	0.289	0.294	0.318	0.294	0.301	0.302	2.003	0.615	0.307	0.201	1.000	-178745.391
323	8	10000	9261	0.5181	0.311	0.321	0.300	0.301	0.285	0.294	0.292	0.300	0.306	0.308	0.295	0.299	0.300	0.290	2.036	0.610	0.309	0.200	1.279	-178524.700
324	8	10000	9291	0.5198	0.284	0.309	0.300	0.304	0.297	0.300	0.321	0.302	0.303	0.301	0.301	0.290	0.297	0.304	1.997	0.592	0.302	0.202	1.000	-179467.506
325	8	10000	9263	0.5072	0.342	0.307	0.298	0.302	0.285	0.301	0.301	0.280	0.296	0.300	0.309	0.300	0.291	0.299	2.017	0.606	0.292	0.196	1.000	-178020.851
326	8	10000	9296	0.5162	0.344	0.297	0.299	0.302	0.297	0.301	0.311	0.248	0.311	0.291	0.303	0.301	0.293	0.297	2.012	0.584	0.287	0.203	1.000	-178939.832
327	8	10000	9250	0.5152	0.291	0.293	0.315	0.308	0.326	0.297	0.302	0.318	0.306	0.298	0.305	0.302	0.299	0.297	2.015	0.609	0.309	0.195	1.117	-179211.160
328	8	10000	9224	0.5131	0.297	0.286	0.293	0.293	0.302	0.295	0.294	0.296	0.309	0.311	0.309	0.306	0.312	0.297	2.005	0.591	0.296	0.197	1.000	-178417.217
329	8	10000	9236	0.5179	0.299	0.319	0.297	0.308	0.293	0.307	0.299	0.296	0.295	0.298	0.302	0.307	0.300	0.292	2.041	0.567	0.299	0.197	1.076	-179023.586
330	8	10000	9263	0.5138	0.332	0.313	0.305	0.297	0.298	0.315	0.297	0.264	0.290	0.289	0.313	0.306	0.308	0.292	2.007	0.602	0.292	0.202	1.000	-179026.939
331	8	10000	9240	0.5130	0.274	0.287	0.294	0.306	0.318	0.307	0.298	0.315	0.309	0.303	0.298	0.300	0.306	0.301	1.998	0.586	0.296	0.196	1.000	-178998.597
332	8	10000	9262	0.5108	0.297	0.302	0.310	0.312	0.292	0.295	0.307	0.335	0.280	0.301	0.293	0.306	0.315	0.286	1.957	0.630	0.313	0.204	1.533	-178971.274
333	8	10000	9262	0.5120	0.270	0.307	0.308	0.294	0.301	0.300	0.281	0.335	0.290	0.308	0.287	0.304	0.287	0.292	1.994	0.570	0.296	0.201	1.000	-178038.734
334	8	10000	9264	0.5155	0.303	0.291	0.306	0.302	0.304	0.297	0.288	0.321	0.301	0.294	0.321	0.309	0.293	0.298	2.021	0.631	0.311	0.201	1.339	-178632.423
335	8	10000	9295	0.5113	0.331	0.303	0.317	0.300	0.312	0.292	0.302	0.290	0.301	0.302	0.295	0.296	0.307	0.308	2.008	0.597	0.293	0.195	1.000	-179276.837
336	8	10000	9291	0.5158	0.302	0.309	0.292	0.294	0.298	0.291	0.309	0.300	0.295	0.293	0.307	0.300	0.310	0.298	1.949	0.621	0.290	0.203	1.176	-178513.992
337	8	10000	9248	0.5124	0.300	0.288	0.298	0.302	0.293	0.297	0.308	0.295	0.312	0.302	0.302	0.293	0.297	0.314	2.004	0.607	0.302	0.200	1.000	-178640.467
338	8	10000	9233	0.5150	0.288	0.288	0.316	0.293	0.313	0.292	0.305	0.316	0.304	0.305	0.300	0.299	0.295	0.299	2.013	0.612	0.303	0.203	1.041	-178726.652
339	8	10000	9278	0.5121	0.323	0.293	0.296	0.289	0.306	0.298	0.297	0.285	0.304	0.301	0.285	0.298	0.293	0.303	2.028	0.590	0.292	0.204	1.159	-178041.406
340	8	10000	9264	0.5165	0.314	0.308	0.286	0.310	0.298	0.293	0.300	0.296	0.294	0.297	0.301	0.302	0.299	0.300	1.953	0.594	0.297	0.197	1.000	-178626.690
341	8	10000	9284	0.5154	0.315	0.308	0.295	0.302	0.287	0.308	0.303	0.293	0.303	0.313	0.298	0.304	0.301	0.314	1.999	0.586	0.304	0.196	1.000	-179599.204
342	8	10000	9226	0.5147	0.303	0.312	0.295	0.310	0.290	0.307	0.304	0.280	0.288	0.303	0.306	0.287	0.296	0.297	1.988	0.615	0.303	0.197	1.112	-178204.804
343	8	10000	9362	0.5145	0.321	0.321	0.292	0.292	0.307	0.309	0.308	0.292	0.300	0.295	0.308	0.303	0.310	0.294	1.979	0.631	0.305	0.207	1.217	-179598.344
344	8	10000	9298	0.5157	0.356	0.317	0.317	0.292	0.302	0.297	0.311	0.268	0.297	0.295	0.290	0.303	0.301	0.310	1.988	0.624	0.294	0.206	1.000	-179535.768
345	8	10000	9275	0.5105	0.308	0.302	0.307	0.286	0.288	0.298	0.290	0.282	0.307	0.291	0.302	0.294	0.299	0.304	1.973	0.607	0.305	0.207	1.253	-178384.254
346	8	10000	9332	0.5144	0.332	0.294	0.301	0.309	0.313	0.315	0.307	0.287	0.298	0.294	0.319	0.313	0.300	0.303	1.995	0.596	0.311	0.200	1.288	-180502.551
347	8	10000	9293	0.5178	0.275	0.293	0.297	0.307	0.294	0.296	0.303	0.302	0.306	0.299	0.306	0.295	0.294	0.297	1.997	0.592	0.285	0.197	1.160	-178109.070
348	8	10000	9305	0.5127	0.297	0.292	0.300	0.282	0.287	0.313	0.305	0.300	0.303	0.298	0.291	0.300	0.304	0.298	2.010	0.610	0.302	0.197	1.000	-177906.291
349	8	10000	9269	0.5130	0.282	0.301	0.300	0.305	0.299	0.296	0.299	0.307	0.294	0.308	0.299	0.287	0.296	0.293	1.974	0.602	0.291	0.200	1.000	-178079.005
350	8	10000	9256	0.5142	0.294	0.304	0.312	0.290	0.304	0.283	0.317	0.315	0.298	0.309	0.310	0.305	0.299	0.307	2.016	0.583	0.301	0.197	1.000	-179319.214
351	8	10000	9236	0.5158	0.288	0.309	0.288	0.300	0.283	0.297	0.300	0.317	0.292	0.301	0.308	0.309	0.296	0.314	1.998	0.593	0.299	0.198	1.000	-178625.923
352	8	10000	9281	0.5165	0.298	0.292	0.299	0.312	0.305	0.300	0.307	0.295	0.308	0.288	0.302	0.293	0.299	0.302	2.008	0.615	0.305	0.203	1.235	-178703.275
353	8	10000	9223	0.5105	0.284	0.314	0.286	0.308	0.281	0.303	0.301	0.321	0.277	0.299	0.288	0.309	0.299	0.309	2.013	0.596	0.306	0.196	1.000	-177948.648
354	8	10000	9307	0.5144	0.293	0.304	0.297	0.308	0.302	0.301	0.289	0.286	0.308	0.288	0.289	0.299	0.293	0.308	2.025	0.613	0.285	0.205	1.003	-178030.402
355	8	10000	9279	0.5100	0.315	0.305	0.303	0.301	0.297	0.296	0.310	0.278	0.308	0.309	0.296	0.290	0.293	0.311	2.020	0.613	0.311	0.201	1.000	-178570.366
356	8	10000	9277	0.5141	0.321	0.291	0.298	0.305	0.305	0.304	0.297	0.301	0.313	0.299	0.298	0.293	0.296	0.305	1.974	0.615	0.314	0.198	1.162	-179200.035
357	8	10000	9313	0.5150	0.336	0.304	0.301	0.300	0.295	0.300	0.308	0.269	0.310	0.293	0.295	0.298	0.294	0.298	1.995	0.629	0.293	0.205	1.273	-178470.094
358	8	10000	9278	0.5160	0.305	0.290	0.290	0.296	0.301	0.292	0.311	0.292	0.289	0.292	0.292	0.301	0.288	0.309	1.980	0.628	0.297	0.201	1.000	-177460.201
359	8	10000	9230	0.5146	0.300	0.299	0.306	0.314	0.293	0.299	0.299	0.304	0.308	0.306	0.286	0.296	0.302	0.307	2.000	0.578	0.301	0.198	1.000	-179279.455
360	8	10000	9244	0.5165	0.308	0.298	0.298	0.295	0.298	0.298	0.297	0.281	0.308	0.290	0.296	0.300	0.315	0.288	1.996	0.596	0.297	0.198	1.050	-178129.793
361	8	10000	9264	0.5109	0.297	0.309	0.302	0.306	0.303	0.310	0.298	0.295	0.302	0.293	0.298	0.305	0.300	0.296	2.036	0.620	0.303	0.202	1.000	-178590.163
362	8	10000	9285	0.5152	0.273	0.297	0.306	0.298	0.290	0.294	0.305	0.329	0.288	0.316	0.302	0.300	0.283	0.308	2.012	0.620	0.313	0.208	1.289	-178793.003
363	8	10000	9243	0.5101	0.280	0.298	0.300	0.306	0.288	0.298	0.290	0.316	0.296	0.284	0.298	0.297	0.305	0.286	2.003	0.637	0.311	0.199	1.709	-177154.041
364	8	10000	9269	0.5129	0.301	0.314	0.294	0.298	0.297	0.299	0.301	0.297	0.295	0.299	0.314	0.299	0.283	0.298	1.996	0.631	0.311	0.206	1.361	-178513.609
365	8	10000	9247	0.5153	0.270	0.312	0.306	0.303	0.292	0.301	0.295	0.347	0.294	0.289	0.282	0.293	0.303	0.292	2.018	0.617	0.289	0.199	1.000	-177674.378
366	8	10000	9274	0.5194	0.266	0.295	0.303	0.302	0.298	0.302	0.310	0.350	0.303	0.297	0.301	0.293	0.313	0.307	2.009	0.602	0.314	0.201	1.164	-179725.391
367	8	10000	9301	0.5126	0.301	0.320	0.308	0.304	0.323	0.308	0.301	0.301	0.317	0.297	0.312	0.289	0.301	0.305	2.018	0.636	0.326	0.205	1.914	-180245.625
368	8	10000	9284	0.5135	0.282	0.311	0.299	0.299	0.297	0.294	0.302	0.289	0.307	0.298	0.303	0.301	0.308	0.298	1.999	0.604	0.291	0.197	1.000	-178127.520
369	8	10000	9337	0.5164	0.268	0.311	0.307	0.298	0.304	0.301	0.289	0.332	0.303	0.300	0.316	0.317	0.315	0.296	2.014	0.562	0.292	0.203	1.015	-180144.217
370	8	10000	9261	0.5116	0.000	0.300	0.302	0.289	0.295	0.287	0.291	0.595	0.303	0.303	0.279	0.315	0.302	0.296	1.995	0.605	0.291	0.199	1.000	-177563.125
371	8	10000	9312	0.5198	0.285	0.310	0.304	0.294	0.296	0.300	0.303	0.300	0.294	0.296	0.305	0.309	0.300	0.303	1.984	0.614	0.293	0.205	1.038	-178971.428
372	8	10000	9264	0.5149	0.300	0.314	0.298	0.296	0.287	0.292	0.308	0.317	0.310	0.290	0.302	0.288	0.300	0.305	2.035	0.624	0.305	0.204	1.193	-178446.822
373	8	10000	9275	0.5122	0.322	0.304	0.288	0.310	0.308	0.299	0.306	0.281	0.301	0.309	0.305	0.300	0.303	0.304	2.014	0.607	0.309	0.200	1.269	-179254.952
374	8	10000	9274	0.5125	0.311	0.297	0.296	0.307	0.296	0.306	0.287	0.280	0.304	0.287	0.300	0.307	0.305	0.299	2.019	0.590	0.294	0.197	1.000	-178177.061
375	8	10000	9312	0.5153	0.297	0.306	0.297	0.296	0.289	0.289	0.294	0.320	0.303	0.303	0.298	0.293	0.293	0.291	2.006	0.612	0.293	0.201	1.000	-177858.968
376	8	10000	9258	0.5134	0.300	0.301	0.311	0.297	0.290	0.290	0.294	0.279	0.310	0.303	0.298	0.279	0.288	0.292	2.018	0.609	0.306	0.201	1.000	-177422.989
377	8	10000	9222	0.5138	0.291	0.303	0.297	0.282	0.290	0.309	0.283	0.293	0.297	0.313	0.298	0.320	0.296	0.291	1.983	0.596	0.315	0.192	1.342	-177838.960
378	8	10000	9264	0.5120	0.330	0.302	0.307	0.292	0.308	0.302	0.283	0.269	0.296	0.311	0.295	0.282	0.305	0.287	1.992	0.613	0.297	0.202	1.000	-177971.306
379	8	10000	9199	0.5143	0.322	0.298	0.287	0.295	0.308	0.290	0.312	0.273	0.282	0.303	0.296	0.317	0.299	0.294	1.992	0.583	0.316	0.196	1.224	-178465.198
380	8	10000	9256	0.5136	0.270	0.306	0.301	0.290	0.292	0.296	0.312	0.329	0.286	0.295	0.304	0.320	0.304	0.300	1.991	0.605	0.290	0.201	1.000	-178454.937
381	8	10000	9299	0.5146	0.314	0.287	0.300	0.301	0.303	0.299	0.294	0.297	0.288	0.303	0.285	0.300	0.292	0.299	2.049	0.633	0.304	0.203	1.000	-177622.961
382	8	10000	9274	0.5134	0.295	0.309	0.298	0.307	0.299	0.314	0.293	0.319	0.294	0.312	0.298	0.301	0.288	0.309	1.977	0.619	0.318	0.199	1.000	-179432.848
383	8	10000	9292	0.5178	0.271	0.291	0.295	0.301	0.302	0.300	0.297	0.329	0.292	0.295	0.293	0.298	0.303	0.301	1.970	0.600	0.285	0.202	1.001	-178358.946
384	8	10000	9303	0.5148	0.313	0.295	0.296	0.294	0.281	0.301	0.306	0.278	0.299	0.308	0.296	0.301	0.295	0.301	1.996	0.636	0.304	0.212	1.321	-178685.183
385	8	10000	9304	0.5146	0.295	0.297	0.299	0.313	0.301	0.303	0.310	0.316	0.300	0.300	0.289	0.310	0.298	0.294	1.993	0.605	0.314	0.204	1.057	-179492.842
386	8	10000	9257	0.5119	0.335	0.319	0.298	0.285	0.289	0.298	0.293	0.274	0.283	0.310	0.303	0.309	0.305	0.302	2.015	0.612	0.315	0.198	1.000	-178308.741
387	8	10000	9265	0.5115	0.271	0.297	0.288	0.304	0.292	0.287	0.303	0.325	0.294	0.302	0.293	0.292	0.288	0.296	1.953	0.606	0.308	0.202	1.000	-177869.948
388	8	10000	9288	0.5148	0.315	0.304	0.295	0.298	0.311	0.302	0.302	0.285	0.303	0.296	0.313	0.305	0.296	0.305	1.965	0.591	0.292	0.197	1.000	-179310.345
389	8	10000	9306	0.5128	0.339	0.285	0.288	0.313	0.321	0.297	0.305	0.267	0.301	0.294	0.305	0.312	0.315	0.303	1.991	0.588	0.299	0.201	1.000	-179670.106
390	8	10000	9276	0.5137	0.281	0.304	0.299	0.312	0.315	0.304	0.305	0.307	0.303	0.313	0.301	0.305	0.295	0.303	2.013	0.605	0.305	0.199	1.403	-179461.203
391	8	10000	9291	0.5129	0.286	0.302	0.296	0.312	0.299	0.307	0.296	0.284	0.317	0.313	0.294	0.300	0.304	0.300	2.019	0.584	0.287	0.199	1.006	-178795.440
392	8	10000	9286	0.5136	0.343	0.304	0.301	0.308	0.301	0.301	0.290	0.245	0.312	0.307	0.282	0.302	0.317	0.288	2.003	0.589	0.307	0.195	1.270	-178782.274
393	8	10000	9246	0.5088	0.277	0.297	0.294	0.305	0.309	0.287	0.293	0.317	0.308	0.294	0.300	0.300	0.297	0.307	1.992	0.602	0.292	0.199	1.000	-178057.878
394	8	10000	9299	0.5106	0.332	0.292	0.305	0.294	0.292	0.296	0.296	0.296	0.306	0.306	0.295	0.295	0.298	0.293	2.060	0.617	0.300	0.205	1.000	-178151.081
395	8	10000	9289	0.5120	0.268	0.310	0.294	0.295	0.310	0.297	0.312	0.335	0.309	0.303	0.300	0.293	0.315	0.296	2.009	0.602	0.295	0.200	1.000	-179262.509
396	8	10000	9278	0.5135	0.311	0.288	0.308	0.299	0.299	0.307	0.311	0.312	0.292	0.304	0.297	0.312	0.296	0.289	2.024	0.614	0.318	0.205	1.000	-179223.755
397	8	10000	9279	0.5166	0.335	0.300	0.292	0.315	0.311	0.292	0.296	0.260	0.303	0.309	0.299	0.296	0.293	0.296	2.003	0.579	0.299	0.202	1.000	-178794.224
398	8	10000	9299	0.5142	0.269	0.295	0.299	0.299	0.307	0.306	0.299	0.297	0.289	0.295	0.299	0.309	0.291	0.288	2.013	0.608	0.295	0.208	1.000	-177866.699
399	8	10000	9332	0.5156	0.304	0.314	0.295	0.304	0.297	0.300	0.299	0.308	0.326	0.305	0.305	0.280	0.298	0.308	1.995	0.633	0.307	0.209	1.362	-179800.188
400	8	10000	9281	0.5141	0.528	0.300	0.298	0.297	0.302	0.317	0.298	0.079	0.293	0.306	0.290	0.302	0.290	0.308	2.016	0.640	0.313	0.204	1.287	-178759.339
401	8	10000	9272	0.5164	0.266	0.310	0.304	0.300	0.304	0.294	0.305	0.335	0.299	0.301	0.305	0.286	0.306	0.297	2.014	0.598	0.311	0.199	1.000	-179001.514
402	8	10000	9287	0.5139	0.278	0.313	0.306	0.301	0.302	0.296	0.297	0.339	0.305	0.303	0.296	0.297	0.294	0.309	2.014	0.611	0.314	0.197	1.509	-179161.142
403	8	10000	9291	0.5155	0.280	0.291	0.306	0.298	0.314	0.301	0.308	0.319	0.308	0.291	0.308	0.303	0.298	0.305	2.012	0.603	0.299	0.203	1.000	-179039.414
404	8	10000	9319	0.5113	0.008	0.313	0.306	0.301	0.289	0.303	0.291	0.602	0.301	0.304	0.304	0.302	0.298	0.315	1.976	0.615	0.308	0.201	1.000	-179334.865
405	8	10000	9271	0.5149	0.299	0.280	0.297	0.297	0.307	0.306	0.293	0.330	0.285	0.301	0.301	0.317	0.303	0.292	2.016	0.580	0.299	0.196	1.000	-178498.912
406	8	10000	9230	0.5126	0.298	0.289	0.299	0.297	0.287	0.291	0.308	0.327	0.302	0.308	0.302	0.295	0.305	0.300	2.027	0.610	0.311	0.202	1.298	-178771.898
407	8	10000	9325	0.5150	0.301	0.296	0.303	0.312	0.307	0.285	0.282	0.284	0.302	0.303	0.297	0.298	0.299	0.293	2.000	0.602	0.294	0.203	1.050	-178332.179
408	8	10000	9238	0.5123	0.323	0.273	0.296	0.306	0.329	0.312	0.313	0.297	0.301	0.301	0.313	0.288	0.293	0.309	1.974	0.612	0.322	0.195	1.410	-179544.386
409	8	10000	9258	0.5154	0.303	0.298	0.293	0.313	0.301	0.304	0.309	0.283	0.312	0.291	0.300	0.286	0.313	0.307	2.000	0.603	0.305	0.200	1.000	-179006.683
410	8	10000	9268	0.5132	0.310	0.299	0.302	0.295	0.306	0.290	0.309	0.310	0.297	0.298	0.306	0.305	0.293	0.305	2.016	0.620	0.317	0.197	1.286	-178756.763
411	8	10000	9290	0.5151	0.303	0.305	0.304	0.296	0.297	0.282	0.314	0.306	0.299	0.310	0.317	0.314	0.295	0.310	2.013	0.600	0.319	0.194	1.384	-179712.806
412	8	10000	9274	0.5158	0.298	0.306	0.308	0.296	0.295	0.291	0.305	0.300	0.305	0.304	0.311	0.293	0.309	0.312	2.001	0.598	0.312	0.201	1.000	-179583.882
413	8	10000	9234	0.5160	0.295	0.304	0.279	0.297	0.283	0.293	0.296	0.299	0.305	0.294	0.313	0.308	0.291	0.292	1.962	0.591	0.291	0.198	1.000	-177664.487
414	8	10000	9222	0.5153	0.277	0.287	0.299	0.300	0.312	0.284	0.300	0.330	0.297	0.303	0.302	0.297	0.299	0.300	1.992	0.618	0.306	0.200	1.000	-178079.079
415	8	10000	9270	0.5155	0.593	0.298	0.317	0.308	0.306	0.296	0.300	0.001	0.314	0.298	0.306	0.285	0.302	0.285	2.016	0.597	0.309	0.196	1.000	-178690.640
416	8	10000	9279	0.5166	0.297	0.291	0.290	0.306	0.300	0.297	0.285	0.295	0.296	0.280	0.303	0.296	0.299	0.279	2.011	0.571	0.278	0.199	1.000	-177079.809
417	8	10000	9283	0.5153	0.315	0.297	0.308	0.290	0.290	0.289	0.309	0.302	0.292	0.296	0.304	0.293	0.298	0.298	1.990	0.628	0.300	0.200	1.000	-177979.491
418	8	10000	9243	0.5212	0.274	0.292	0.287	0.302	0.312	0.294	0.289	0.332	0.310	0.313	0.297	0.296	0.285	0.294	1.979	0.636	0.318	0.197	1.000	-177756.241
419	8	10000	9268	0.5126	0.335	0.301	0.290	0.306	0.297	0.301	0.316	0.280	0.285	0.289	0.283	0.294	0.301	0.296	1.994	0.638	0.312	0.201	1.362	-177819.381
420	8	10000	9329	0.5168	0.309	0.285	0.299	0.302	0.295	0.307	0.298	0.280	0.297	0.291	0.291	0.323	0.293	0.313	1.977	0.591	0.286	0.203	1.000	-178868.091
421	8	10000	9225	0.5097	0.249	0.328	0.295	0.311	0.284	0.290	0.301	0.327	0.285	0.304	0.301	0.312	0.303	0.298	1.971	0.588	0.297	0.196	1.000	-178370.440
422	8	10000	9261	0.5101	0.288	0.300	0.302	0.298	0.303	0.308	0.292	0.308	0.315	0.288	0.306	0.291	0.290	0.301	1.982	0.619	0.297	0.208	1.000	-178276.929
423	8	10000	9366	0.5135	0.317	0.286	0.299	0.298	0.300	0.297	0.303	0.276	0.299	0.296	0.310	0.309	0.300	0.308	1.958	0.620	0.289	0.208	1.143	-179002.343
424	8	10000	9278	0.5155	0.301	0.298	0.304	0.300	0.299	0.306	0.309	0.304	0.309	0.294	0.292	0.294	0.314	0.302	1.972	0.590	0.290	0.201	1.000	-179295.406
425	8	10000	9304	0.5112	0.308	0.283	0.307	0.302	0.296	0.297	0.298	0.323	0.292	0.311	0.314	0.309	0.313	0.292	2.003	0.631	0.332	0.205	1.000	-179714.833
426	8	10000	9249	0.5164	0.297	0.287	0.301	0.289	0.288	0.303	0.303	0.322	0.303	0.295	0.310	0.289	0.313	0.300	2.013	0.603	0.301	0.198	1.000	-178465.718
427	8	10000	9248	0.5132	0.255	0.303	0.299	0.285	0.309	0.301	0.291	0.347	0.290	0.300	0.305	0.299	0.296	0.297	2.008	0.603	0.296	0.205	1.240	-178344.958
428	8	10000	9256	0.5140	0.290	0.296	0.291	0.310	0.295	0.303	0.291	0.300	0.305	0.295	0.314	0.290	0.303	0.301	1.997	0.591	0.295	0.196	1.000	-178488.917
429	8	10000	9352	0.5143	0.288	0.300	0.301	0.292	0.304	0.306	0.309	0.327	0.300	0.300	0.311	0.299	0.299	0.315	2.029	0.631	0.308	0.204	1.455	-179621.667
430	8	10000	9289	0.5159	0.296	0.307	0.291	0.300	0.292	0.304	0.291	0.321	0.295	0.281	0.309	0.296	0.297	0.301	2.023	0.617	0.297	0.206	1.052	-178063.598
431	8	10000	9294	0.5159	0.314	0.311	0.303	0.314	0.294	0.292	0.308	0.283	0.312	0.293	0.306	0.314	0.326	0.294	2.011	0.610	0.307	0.203	1.019	-179782.391
432	8	10000	9293	0.5164	0.312	0.308	0.295	0.309	0.303	0.294	0.291	0.298	0.300	0.308	0.289	0.297	0.291	0.292	2.020	0.624	0.309	0.201	1.254	-178180.180
433	8	10000	9279	0.5150	0.257	0.308	0.303	0.301	0.309	0.301	0.298	0.333	0.295	0.306	0.299	0.282	0.296	0.299	1.987	0.620	0.294	0.203	1.230	-178504.230
434	8	10000	9247	0.5108	0.297	0.299	0.306	0.286	0.273	0.290	0.303	0.314	0.302	0.300	0.304	0.288	0.298	0.307	2.042	0.593	0.313	0.194	1.000	-177716.022
435	8	10000	9197	0.5139	0.305	0.285	0.294	0.302	0.295	0.299	0.297	0.275	0.294	0.305	0.295	0.298	0.293	0.282	2.042	0.619	0.311	0.198	1.160	-177121.433
436	8	10000	9326	0.5144	0.292	0.301	0.297	0.291	0.298	0.289	0.290	0.308	0.307	0.317	0.293	0.297	0.300	0.303	2.009	0.600	0.293	0.203	1.000	-178439.819
437	8	10000	9307	0.5135	0.300	0.294	0.311	0.304	0.320	0.313	0.298	0.297	0.310	0.295	0.292	0.313	0.295	0.297	1.993	0.624	0.302	0.203	1.000	-179150.795
438	8	10000	9324	0.5124	0.306	0.295	0.306	0.302	0.298	0.302	0.295	0.314	0.293	0.305	0.306	0.301	0.293	0.308	2.014	0.622	0.305	0.206	1.000	-179132.380
439	8	10000	9263	0.5141	0.290	0.290	0.299	0.292	0.307	0.296	0.301	0.316	0.296	0.300	0.296	0.294	0.306	0.301	2.014	0.615	0.299	0.199	1.000	-178104.257
440	8	10000	9279	0.5161	0.262	0.311	0.306	0.303	0.295	0.296	0.307	0.325	0.296	0.301	0.291	0.299	0.295	0.293	2.014	0.620	0.309	0.204	1.000	-178327.133
441	8	10000	9260	0.5169	0.272	0.300	0.295	0.291	0.297	0.293	0.300	0.322	0.297	0.294	0.297	0.307	0.308	0.288	1.963	0.563	0.297	0.196	1.000	-178289.656
442	8	10000	9273	0.5119	0.285	0.304	0.303	0.295	0.300	0.307	0.298	0.312	0.294	0.291	0.306	0.315	0.305	0.302	1.992	0.604	0.293	0.204	1.000	-178908.671
443	8	10000	9299	0.5137	0.302	0.298	0.306	0.305	0.304	0.302	0.314	0.294	0.308	0.298	0.300	0.273	0.305	0.297	2.002	0.625	0.308	0.204	1.612	-178994.383
444	8	10000	9258	0.5141	0.327	0.294	0.308	0.297	0.301	0.293	0.302	0.267	0.307	0.304	0.301	0.288	0.298	0.295	2.012	0.635	0.323	0.204	1.821	-178550.260
445	8	10000	9264	0.5138	0.311	0.293	0.295	0.307	0.292	0.312	0.280	0.277	0.297	0.286	0.310	0.300	0.321	0.292	1.955	0.592	0.287	0.198	1.000	-178161.984
446	8	10000	9306	0.5153	0.335	0.299	0.301	0.312	0.302	0.296	0.302	0.270	0.311	0.298	0.294	0.285	0.292	0.322	2.034	0.610	0.301	0.206	1.039	-179179.638
447	8	10000	9261	0.5136	0.308	0.292	0.303	0.305	0.302	0.312	0.305	0.295	0.329	0.300	0.298	0.289	0.295	0.300	1.971	0.598	0.290	0.200	1.000	-179266.050
448	8	10000	9272	0.5123	0.294	0.292	0.292	0.305	0.299	0.296	0.302	0.337	0.307	0.297	0.308	0.300	0.302	0.297	1.980	0.606	0.319	0.189	1.381	-178660.578
449	8	10000	9332	0.5106	0.332	0.304	0.299	0.302	0.297	0.302	0.297	0.284	0.292	0.297	0.296	0.294	0.301	0.305	1.968	0.614	0.300	0.203	1.000	-178755.749
450	8	10000	9223	0.5132	0.302	0.309	0.305	0.286	0.292	0.308	0.295	0.309	0.308	0.289	0.293	0.295	0.297	0.315	1.997	0.596	0.310	0.196	1.103	-178596.233
451	8	10000	9267	0.5134	0.350	0.299	0.305	0.302	0.301	0.285	0.306	0.275	0.288	0.292	0.302	0.309	0.310	0.301	2.038	0.580	0.291	0.190	1.001	-178288.763
452	8	10000	9275	0.5133	0.261	0.306	0.295	0.291	0.292	0.295	0.299	0.328	0.300	0.303	0.299	0.302	0.300	0.301	2.005	0.626	0.291	0.206	1.000	-178151.992
453	8	10000	9262	0.5126	0.510	0.300	0.301	0.298	0.312	0.280	0.299	0.105	0.309	0.311	0.301	0.296	0.310	0.300	2.037	0.656	0.305	0.207	1.237	-178625.071
454	8	10000	9274	0.5162	0.262	0.299	0.301	0.306	0.298	0.304	0.290	0.333	0.284	0.305	0.303	0.293	0.307	0.302	1.960	0.620	0.303	0.201	1.266	-178663.497
455	8	10000	9286	0.5147	0.304	0.297	0.310	0.295	0.299	0.309	0.298	0.307	0.298	0.312	0.304	0.296	0.315	0.300	2.031	0.635	0.301	0.205	1.197	-179335.574
456	8	10000	9288	0.5140	0.305	0.296	0.313	0.299	0.293	0.309	0.301	0.303	0.320	0.297	0.313	0.299	0.280	0.303	1.967	0.626	0.308	0.202	1.000	-179294.525
457	8	10000	9232	0.5173	0.292	0.293	0.290	0.291	0.298	0.297	0.285	0.305	0.300	0.302	0.296	0.302	0.296	0.299	2.010	0.595	0.301	0.196	1.000	-177427.973
458	8	10000	9287	0.5114	0.323	0.310	0.306	0.296	0.312	0.296	0.286	0.272	0.277	0.293	0.306	0.311	0.278	0.315	1.961	0.616	0.296	0.204	1.151	-178490.661
459	8	10000	9273	0.5158	0.310	0.288	0.293	0.298	0.304	0.296	0.302	0.283	0.288	0.296	0.308	0.299	0.303	0.297	1.994	0.587	0.291	0.200	1.000	-178124.815
460	8	10000	9255	0.5144	0.311	0.298	0.301	0.307	0.295	0.301	0.308	0.291	0.302	0.315	0.297	0.293	0.300	0.294	1.994	0.600	0.328	0.193	1.000	-178929.117
461	8	10000	9297	0.5111	0.325	0.306	0.308	0.306	0.292	0.294	0.287	0.271	0.314	0.289	0.318	0.297	0.305	0.306	2.025	0.593	0.296	0.197	1.076	-178932.006
462	8	10000	9263	0.5114	0.332	0.293	0.313	0.300	0.308	0.301	0.295	0.282	0.303	0.307	0.281	0.311	0.295	0.299	1.963	0.600	0.313	0.195	1.315	-178850.883
463	8	10000	9267	0.5139	0.306	0.288	0.300	0.304	0.302	0.298	0.293	0.300	0.294	0.296	0.304	0.289	0.295	0.312	2.009	0.600	0.290	0.202	1.000	-178114.811
464	8	10000	9296	0.5126	0.277	0.311	0.294	0.301	0.299	0.305	0.297	0.323	0.312	0.297	0.302	0.294	0.286	0.307	2.011	0.609	0.288	0.204	1.000	-178527.991
465	8	10000	9263	0.5147	0.326	0.303	0.291	0.307	0.300	0.299	0.301	0.277	0.303	0.302	0.323	0.294	0.292	0.297	2.015	0.600	0.303	0.202	1.000	-178794.197
466	8	10000	9302	0.5121	0.332	0.314	0.300	0.301	0.288	0.292	0.303	0.285	0.301	0.303	0.306	0.299	0.299	0.291	1.976	0.636	0.303	0.204	1.584	-178782.356
467	8	10000	9352	0.5143	0.286	0.303	0.301	0.306	0.305	0.301	0.296	0.330	0.290	0.307	0.314	0.302	0.304	0.293	1.969	0.617	0.293	0.203	1.101	-179234.789
468	8	10000	9270	0.5143	0.273	0.293	0.305	0.305	0.314	0.287	0.308	0.317	0.304	0.296	0.320	0.300	0.303	0.297	1.973	0.603	0.298	0.205	1.023	-179388.938
469	8	10000	9256	0.5119	0.323	0.295	0.294	0.296	0.308	0.304	0.291	0.284	0.295	0.296	0.293	0.313	0.289	0.313	1.993	0.637	0.328	0.204	2.139	-178681.801
470	8	10000	9308	0.5132	0.323	0.297	0.313	0.300	0.300	0.306	0.299	0.280	0.318	0.301	0.295	0.295	0.302	0.288	2.025	0.595	0.296	0.199	1.269	-178976.357
471	8	10000	9296	0.5115	0.342	0.293	0.293	0.305	0.301	0.297	0.296	0.267	0.309	0.302	0.315	0.286	0.300	0.304	2.004	0.606	0.295	0.198	1.000	-178441.425
472	8	10000	9265	0.5141	0.291	0.302	0.296	0.304	0.305	0.305	0.305	0.311	0.283	0.291	0.309	0.305	0.302	0.307	2.014	0.618	0.308	0.196	1.312	-178553.516
473	8	10000	9275	0.5119	0.318	0.294	0.303	0.298	0.312	0.300	0.296	0.268	0.300	0.295	0.298	0.296	0.292	0.291	2.068	0.603	0.298	0.194	1.000	-177288.283
474	8	10000	9299	0.5151	0.298	0.302	0.299	0.306	0.310	0.311	0.284	0.305	0.313	0.290	0.291	0.306	0.301	0.306	2.006	0.612	0.304	0.200	1.000	-178855.763
475	8	10000	9286	0.5142	0.282	0.313	0.289	0.297	0.311	0.300	0.307	0.312	0.292	0.301	0.296	0.318	0.307	0.302	1.987	0.609	0.296	0.192	1.000	-178671.793
476	8	10000	9313	0.5161	0.309	0.307	0.301	0.294	0.293	0.296	0.292	0.291	0.302	0.303	0.309	0.302	0.306	0.307	1.971	0.596	0.295	0.206	1.000	-179356.232
477	8	10000	9314	0.5116	0.269	0.298	0.299	0.296	0.290	0.313	0.321	0.320	0.298	0.305	0.303	0.289	0.300	0.299	1.995	0.590	0.300	0.201	1.000	-179120.968
478	8	10000	9261	0.5131	0.295	0.298	0.299	0.306	0.302	0.308	0.306	0.294	0.320	0.293	0.297	0.298	0.301	0.291	1.993	0.615	0.300	0.203	1.065	-178764.298
479	8	10000	9221	0.5134	0.306	0.313	0.290	0.301	0.277	0.302	0.302	0.290	0.288	0.294	0.304	0.318	0.301	0.289	1.991	0.623	0.297	0.199	1.363	-177832.716
480	8	10000	9270	0.5121	0.288	0.304	0.307	0.291	0.304	0.294	0.293	0.331	0.300	0.313	0.294	0.303	0.307	0.289	2.012	0.605	0.307	0.198	1.237	-178675.542
481	8	10000	9292	0.5141	0.339	0.312	0.303	0.303	0.306	0.303	0.299	0.270	0.308	0.288	0.317	0.312	0.299	0.300	1.998	0.629	0.309	0.203	1.579	-179395.971
482	8	10000	9303	0.5160	0.272	0.313	0.299	0.313	0.280	0.305	0.298	0.328	0.303	0.304	0.305	0.297	0.317	0.300	2.024	0.560	0.277	0.199	1.000	-179521.314
483	8	10000	9251	0.5141	0.308	0.289	0.306	0.287	0.307	0.296	0.294	0.285	0.306	0.302	0.286	0.286	0.307	0.301	1.996	0.608	0.292	0.204	1.069	-177996.712
484	8	10000	9312	0.5133	0.269	0.305	0.295	0.297	0.321	0.302	0.302	0.307	0.307	0.289	0.297	0.296	0.302	0.297	2.013	0.603	0.301	0.204	1.000	-178562.025
485	8	10000	9288	0.5202	0.264	0.274	0.298	0.307	0.309	0.310	0.295	0.322	0.293	0.300	0.296	0.306	0.309	0.301	1.973	0.586	0.301	0.194	1.000	-178598.878
486	8	10000	9329	0.5120	0.265	0.303	0.303	0.299	0.310	0.300	0.292	0.346	0.312	0.294	0.293	0.296	0.302	0.298	2.011	0.604	0.301	0.206	1.000	-179093.166
487	8	10000	9319	0.5133	0.320	0.308	0.303	0.305	0.297	0.294	0.300	0.270	0.298	0.287	0.318	0.313	0.298	0.304	2.022	0.618	0.291	0.202	1.512	-178681.327
488	8	10000	9309	0.5133	0.294	0.292	0.299	0.287	0.299	0.311	0.318	0.302	0.316	0.303	0.309	0.298	0.305	0.304	2.028	0.609	0.322	0.200	1.088	-179608.453
489	8	10000	9273	0.5182	0.290	0.301	0.305	0.305	0.291	0.291	0.301	0.317	0.294	0.290	0.306	0.300	0.315	0.289	2.016	0.633	0.311	0.205	1.000	-178455.093
490	8	10000	9249	0.5167	0.299	0.304	0.303	0.300	0.315	0.298	0.303	0.283	0.299	0.313	0.298	0.293	0.298	0.303	2.001	0.583	0.297	0.200	1.101	-179091.169
491	8	10000	9240	0.5119	0.302	0.303	0.296	0.296	0.305	0.299	0.295	0.272	0.305	0.288	0.300	0.300	0.307	0.302	2.024	0.605	0.302	0.201	1.130	-177970.359
492	8	10000	9277	0.5141	0.306	0.304	0.295	0.300	0.282	0.296	0.298	0.273	0.289	0.302	0.305	0.312	0.293	0.302	1.966	0.595	0.292	0.199	1.000	-178072.379
493	8	10000	9259	0.5118	0.323	0.296	0.297	0.288	0.301	0.285	0.298	0.299	0.288	0.284	0.299	0.292	0.311	0.286	2.010	0.626	0.308	0.202	1.000	-177323.062
494	8	10000	9285	0.5117	0.317	0.307	0.304	0.287	0.290	0.304	0.301	0.299	0.291	0.312	0.299	0.309	0.292	0.318	1.979	0.602	0.306	0.198	1.000	-179265.212
495	8	10000	9279	0.5136	0.256	0.299	0.295	0.313	0.302	0.310	0.297	0.330	0.312	0.287	0.295	0.305	0.300	0.298	1.974	0.602	0.302	0.197	1.122	-178710.282
496	8	10000	9288	0.5104	0.285	0.291	0.287	0.315	0.305	0.292	0.297	0.333	0.298	0.299	0.308	0.291	0.298	0.285	2.059	0.607	0.307	0.199	1.000	-177941.143
497	8	10000	9292	0.5160	0.268	0.315	0.300	0.303	0.298	0.303	0.311	0.332	0.290	0.292	0.296	0.302	0.310	0.299	2.028	0.607	0.294	0.201	1.000	-178877.016
498	8	10000	9267	0.5122	0.302	0.300	0.304	0.291	0.309	0.290	0.305	0.283	0.315	0.283	0.302	0.310	0.315	0.301	2.031	0.598	0.295	0.201	1.000	-178606.065
499	8	10000	9263	0.5116	0.302	0.297	0.294	0.305	0.294	0.310	0.280	0.298	0.300	0.282	0.307	0.308	0.304	0.299	2.012	0.581	0.297	0.200	1.000	-178376.093
500	8	10000	9276	0.5104	0.300	0.283	0.292	0.292	0.293	0.298	0.299	0.304	0.286	0.303	0.304	0.313	0.294	0.300	2.015	0.604	0.298	0.208	1.000	-178124.542
501	8	10000	9262	0.5112	0.339	0.288	0.300	0.294	0.304	0.288	0.312	0.268	0.291	0.300	0.307	0.312	0.300	0.296	2.044	0.623	0.326	0.199	1.461	-178536.436
502	8	10000	9277	0.5154	0.286	0.299	0.301	0.305	0.301	0.294	0.293	0.313	0.299	0.295	0.304	0.307	0.303	0.304	2.015	0.582	0.296	0.200	1.047	-178677.440
503	8	10000	9274	0.5092	0.276	0.307	0.311	0.310	0.297	0.282	0.311	0.328	0.293	0.305	0.302	0.309	0.295	0.307	2.019	0.598	0.297	0.196	1.321	-178838.090
504	8	10000	9251	0.5133	0.000	0.297	0.306	0.299	0.309	0.318	0.291	0.594	0.302	0.297	0.290	0.294	0.311	0.301	2.002	0.602	0.311	0.202	1.133	-179040.758
505	8	10000	9278	0.5138	0.341	0.310	0.293	0.310	0.299	0.294	0.292	0.267	0.298	0.299	0.298	0.309	0.299	0.296	1.989	0.621	0.313	0.204	1.344	-178652.534
506	8	10000	9240	0.5165	0.281	0.304	0.300	0.304	0.285	0.302	0.292	0.311	0.296	0.304	0.279	0.298	0.311	0.286	1.976	0.613	0.292	0.202	1.000	-177763.994
507	8	10000	9277	0.5123	0.287	0.308	0.301	0.306	0.287	0.313	0.305	0.313	0.297	0.308	0.294	0.290	0.296	0.309	1.945	0.571	0.296	0.194	1.000	-179168.762
508	8	10000	9216	0.5130	0.286	0.303	0.309	0.295	0.303	0.300	0.298	0.318	0.298	0.310	0.305	0.289	0.294	0.306	1.984	0.577	0.308	0.185	1.104	-178541.136
509	8	10000	9316	0.5126	0.282	0.310	0.298	0.303	0.311	0.310	0.296	0.318	0.295	0.304	0.304	0.301	0.286	0.313	1.986	0.595	0.302	0.198	1.000	-179091.052
510	8	10000	9291	0.5133	0.316	0.312	0.286	0.308	0.303	0.295	0.302	0.284	0.296	0.303	0.301	0.286	0.294	0.284	1.998	0.604	0.302	0.206	1.000	-178375.896
511	8	10000	9281	0.5151	0.296	0.310	0.297	0.304	0.287	0.301	0.297	0.295	0.299	0.309	0.299	0.302	0.298	0.301	2.009	0.579	0.288	0.199	1.000	-178614.347
512	8	10000	9243	0.5114	0.320	0.298	0.305	0.293	0.294	0.314	0.313	0.264	0.300	0.297	0.305	0.306	0.291	0.307	1.987	0.624	0.319	0.196	1.287	-178702.541
513	8	10000	9246	0.5161	0.272	0.305	0.290	0.300	0.306	0.291	0.289	0.314	0.295	0.304	0.297	0.294	0.288	0.300	2.013	0.601	0.307	0.204	1.037	-178107.910
514	8	10000	9230	0.5157	0.335	0.303	0.300	0.292	0.302	0.294	0.292	0.274	0.316	0.303	0.305	0.289	0.299	0.295	2.039	0.599	0.285	0.199	1.000	-177939.931
515	8	10000	9275	0.5112	0.296	0.314	0.305	0.301	0.300	0.304	0.296	0.284	0.308	0.306	0.299	0.293	0.300	0.303	1.945	0.581	0.299	0.201	1.000	-179189.698
516	8	10000	9246	0.5125	0.313	0.293	0.296	0.307	0.294	0.296	0.293	0.281	0.307	0.302	0.288	0.289	0.305	0.297	1.983	0.618	0.306	0.196	1.000	-177731.296
517	8	10000	9237	0.5135	0.306	0.292	0.290	0.290	0.291	0.312	0.284	0.302	0.308	0.281	0.291	0.302	0.303	0.300	1.983	0.610	0.298	0.201	1.000	-177509.202
518	8	10000	9280	0.5159	0.282	0.315	0.304	0.307	0.317	0.293	0.301	0.332	0.302	0.293	0.311	0.289	0.302	0.305	2.013	0.593	0.309	0.196	1.024	-179374.766
519	8	10000	9252	0.5136	0.334	0.314	0.290	0.296	0.304	0.310	0.290	0.260	0.306	0.300	0.301	0.309	0.290	0.304	2.045	0.577	0.306	0.193	1.078	-178526.971
520	8	10000	9264	0.5166	0.276	0.296	0.300	0.298	0.304	0.301	0.284	0.327	0.303	0.302	0.295	0.289	0.293	0.296	1.979	0.620	0.325	0.198	1.000	-178135.419
521	8	10000	9282	0.5134	0.322	0.307	0.289	0.304	0.310	0.288	0.300	0.271	0.315	0.295	0.303	0.294	0.302	0.295	1.979	0.602	0.310	0.202	1.106	-178843.928
522	8	10000	9326	0.5125	0.268	0.299	0.301	0.306	0.304	0.300	0.308	0.335	0.307	0.314	0.299	0.295	0.318	0.297	2.005	0.611	0.307	0.203	1.000	-179698.819
523	8	10000	9265	0.5166	0.329	0.309	0.298	0.291	0.286	0.288	0.292	0.273	0.309	0.285	0.292	0.290	0.306	0.300	2.004	0.573	0.290	0.199	1.000	-177708.510
524	8	10000	9269	0.5132	0.284	0.292	0.304	0.291	0.308	0.291	0.295	0.316	0.303	0.301	0.305	0.304	0.307	0.304	1.978	0.613	0.302	0.206	1.000	-179064.321
525	8	10000	9230	0.5090	0.316	0.296	0.297	0.309	0.289	0.320	0.299	0.276	0.321	0.304	0.299	0.288	0.306	0.297	1.986	0.600	0.308	0.194	1.000	-178944.969
526	8	10000	9252	0.5119	0.305	0.300	0.300	0.293	0.295	0.300	0.294	0.300	0.299	0.299	0.301	0.302	0.302	0.290	2.030	0.628	0.311	0.201	1.274	-178047.681
527	8	10000	9293	0.5130	0.295	0.310	0.297	0.298	0.302	0.306	0.312	0.306	0.299	0.309	0.292	0.316	0.292	0.294	2.002	0.617	0.312	0.200	1.351	-179038.274
528	8	10000	9269	0.5140	0.319	0.293	0.306	0.287	0.307	0.289	0.295	0.303	0.286	0.299	0.299	0.311	0.291	0.297	1.992	0.609	0.286	0.200	1.000	-177745.450
529	8	10000	9234	0.5167	0.308	0.304	0.307	0.297	0.298	0.296	0.298	0.286	0.291	0.306	0.305	0.292	0.293	0.302	2.002	0.610	0.315	0.197	1.352	-178482.200
530	8	10000	9281	0.5157	0.296	0.323	0.298	0.285	0.309	0.297	0.292	0.312	0.300	0.310	0.309	0.301	0.309	0.302	2.009	0.586	0.306	0.197	1.291	-179445.624
531	8	10000	9265	0.5119	0.525	0.292	0.296	0.307	0.298	0.307	0.286	0.061	0.310	0.297	0.300	0.315	0.315	0.293	1.999	0.617	0.310	0.200	1.000	-178574.014
532	8	10000	9280	0.5133	0.301	0.300	0.306	0.307	0.306	0.302	0.309	0.326	0.305	0.297	0.307	0.311	0.295	0.298	1.965	0.628	0.326	0.200	1.582	-179851.464
533	8	10000	9269	0.5187	0.366	0.294	0.290	0.291	0.292	0.298	0.298	0.253	0.304	0.308	0.291	0.311	0.304	0.297	2.004	0.600	0.318	0.198	1.000	-178544.508
534	8	10000	9262	0.5102	0.316	0.298	0.297	0.306	0.311	0.293	0.309	0.287	0.279	0.301	0.319	0.297	0.305	0.301	1.997	0.615	0.311	0.200	1.432	-179051.560
535	8	10000	9260	0.5136	0.240	0.286	0.286	0.302	0.318	0.292	0.298	0.322	0.310	0.292	0.295	0.300	0.303	0.301	1.995	0.596	0.298	0.198	1.071	-177684.368
536	8	10000	9335	0.5158	0.293	0.306	0.288	0.306	0.315	0.296	0.300	0.304	0.297	0.299	0.308	0.290	0.287	0.303	2.012	0.601	0.292	0.210	1.225	-179089.740
537	8	10000	9270	0.5086	0.281	0.293	0.300	0.312	0.293	0.316	0.279	0.299	0.298	0.295	0.308	0.305	0.301	0.298	2.048	0.614	0.294	0.207	1.000	-178124.915
538	8	10000	9271	0.5097	0.309	0.293	0.312	0.302	0.287	0.289	0.302	0.293	0.308	0.303	0.306	0.312	0.301	0.307	2.016	0.618	0.326	0.202	1.207	-179329.297
539	8	10000	9251	0.5157	0.313	0.314	0.315	0.299	0.284	0.288	0.298	0.304	0.290	0.301	0.294	0.296	0.303	0.290	1.970	0.630	0.315	0.204	1.000	-178472.294
540	8	10000	9251	0.5131	0.305	0.301	0.301	0.291	0.307	0.303	0.300	0.304	0.295	0.304	0.314	0.292	0.300	0.301	1.967	0.636	0.318	0.200	1.355	-178798.135
541	8	10000	9282	0.5140	0.298	0.309	0.320	0.294	0.316	0.300	0.294	0.298	0.314	0.288	0.300	0.303	0.313	0.303	2.058	0.593	0.300	0.196	1.272	-179355.652
542	8	10000	9242	0.5151	0.262	0.304	0.300	0.300	0.307	0.285	0.298	0.332	0.298	0.292	0.300	0.302	0.304	0.293	1.981	0.625	0.297	0.202	1.000	-177955.878
543	8	10000	9292	0.5126	0.259	0.298	0.302	0.297	0.303	0.299	0.311	0.342	0.297	0.313	0.293	0.289	0.308	0.300	2.029	0.601	0.311	0.204	1.703	-179374.071
544	8	10000	9293	0.5153	0.311	0.286	0.296	0.316	0.302	0.303	0.306	0.300	0.301	0.303	0.311	0.311	0.312	0.300	2.023	0.607	0.311	0.205	1.000	-179912.990
545	8	10000	9254	0.5178	0.304	0.299	0.291	0.300	0.299	0.302	0.298	0.305	0.295	0.294	0.294	0.315	0.304	0.309	2.053	0.620	0.308	0.198	1.103	-178385.851
546	8	10000	9298	0.5115	0.299	0.306	0.302	0.312	0.289	0.303	0.305	0.302	0.312	0.304	0.296	0.300	0.291	0.297	1.982	0.576	0.309	0.194	1.000	-179046.816
547	8	10000	9288	0.5160	0.286	0.311	0.320	0.287	0.311	0.310	0.300	0.329	0.294	0.310	0.297	0.300	0.303	0.296	2.035	0.625	0.305	0.201	1.465	-179314.604
548	8	10000	9287	0.5129	0.272	0.286	0.312	0.296	0.295	0.303	0.300	0.310	0.295	0.295	0.299	0.304	0.304	0.287	1.972	0.604	0.307	0.207	1.365	-178608.968
549	8	10000	9278	0.5145	0.290	0.297	0.310	0.309	0.299	0.313	0.296	0.298	0.296	0.300	0.305	0.295	0.293	0.303	2.003	0.589	0.275	0.203	1.000	-178715.161
550	8	10000	9215	0.5121	0.312	0.291	0.306	0.298	0.314	0.277	0.312	0.292	0.306	0.290	0.306	0.290	0.293	0.310	2.010	0.604	0.310	0.193	1.061	-178074.421
551	8	10000	9304	0.5144	0.279	0.309	0.296	0.303	0.291	0.293	0.302	0.331	0.305	0.310	0.299	0.309	0.296	0.299	1.986	0.633	0.307	0.206	1.301	-179012.921
552	8	10000	9295	0.5135	0.276	0.294	0.303	0.303	0.292	0.309	0.300	0.323	0.301	0.299	0.301	0.298	0.303	0.312	2.011	0.623	0.300	0.205	1.273	-179010.935
553	8	10000	9265	0.5124	0.264	0.293	0.302	0.296	0.301	0.315	0.300	0.336	0.280	0.306	0.311	0.301	0.301	0.300	2.072	0.580	0.298	0.193	1.000	-178412.806
554	8	10000	9241	0.5153	0.327	0.295	0.295	0.297	0.292	0.291	0.295	0.266	0.292	0.285	0.298	0.310	0.291	0.291	2.004	0.599	0.293	0.198	1.000	-176954.399
555	8	10000	9290	0.5150	0.276	0.301	0.311	0.297	0.308	0.296	0.287	0.331	0.295	0.303	0.310	0.303	0.298	0.302	1.995	0.607	0.299	0.203	1.473	-179093.454
556	8	10000	9286	0.5099	0.327	0.289	0.302	0.295	0.295	0.309	0.293	0.257	0.290	0.300	0.296	0.316	0.290	0.300	1.958	0.605	0.303	0.203	1.009	-178142.719
557	8	10000	9247	0.5138	0.288	0.298	0.308	0.288	0.301	0.290	0.300	0.315	0.298	0.313	0.290	0.300	0.301	0.301	2.009	0.606	0.306	0.198	1.530	-178268.951
558	8	10000	9333	0.5127	0.289	0.311	0.301	0.305	0.295	0.302	0.308	0.355	0.330	0.319	0.306	0.301	0.282	0.308	2.053	0.602	0.302	0.203	1.000	-180385.440
559	8	10000	9260	0.5138	0.288	0.297	0.306	0.306	0.292	0.287	0.309	0.290	0.297	0.289	0.305	0.290	0.309	0.296	1.999	0.570	0.285	0.199	1.000	-178319.379
560	8	10000	9289	0.5109	0.385	0.290	0.300	0.311	0.302	0.310	0.306	0.213	0.322	0.297	0.317	0.315	0.284	0.309	1.996	0.586	0.299	0.196	1.000	-179741.391
561	8	10000	9297	0.5176	0.282	0.290	0.309	0.296	0.297	0.302	0.303	0.344	0.300	0.304	0.297	0.302	0.307	0.303	1.974	0.621	0.304	0.194	1.000	-178770.010
562	8	10000	9240	0.5155	0.327	0.300	0.296	0.303	0.303	0.295	0.298	0.296	0.307	0.290	0.306	0.311	0.292	0.292	2.018	0.618	0.318	0.192	1.358	-178226.209
563	8	10000	9280	0.5152	0.316	0.301	0.292	0.303	0.299	0.291	0.310	0.291	0.300	0.295	0.294	0.298	0.305	0.297	2.020	0.640	0.305	0.205	1.000	-178383.513
564	8	10000	9228	0.5128	0.277	0.288	0.298	0.294	0.300	0.289	0.310	0.318	0.303	0.293	0.299	0.301	0.285	0.299	2.025	0.608	0.286	0.196	1.233	-177218.549
565	8	10000	9274	0.5117	0.318	0.306	0.287	0.296	0.309	0.299	0.294	0.306	0.303	0.295	0.303	0.306	0.299	0.311	2.010	0.617	0.301	0.206	1.000	-178853.339
566	8	10000	9264	0.5087	0.342	0.296	0.307	0.302	0.304	0.298	0.317	0.280	0.309	0.302	0.305	0.292	0.305	0.298	2.001	0.602	0.302	0.199	1.000	-179393.737
567	8	10000	9280	0.5181	0.275	0.300	0.301	0.306	0.303	0.296	0.303	0.331	0.303	0.304	0.290	0.303	0.301	0.313	2.014	0.600	0.295	0.203	1.000	-179186.489
568	8	10000	9244	0.5160	0.307	0.294	0.287	0.299	0.304	0.305	0.310	0.292	0.288	0.295	0.308	0.299	0.305	0.312	2.040	0.607	0.314	0.195	1.231	-178757.866
569	8	10000	9270	0.5152	0.321	0.296	0.301	0.310	0.311	0.309	0.291	0.289	0.292	0.302	0.302	0.288	0.310	0.292	1.980	0.601	0.298	0.204	1.077	-179083.349
570	8	10000	9299	0.5141	0.328	0.278	0.294	0.295	0.308	0.301	0.304	0.286	0.307	0.309	0.295	0.303	0.290	0.296	1.967	0.625	0.302	0.204	1.000	-178587.511
571	8	10000	9267	0.5153	0.269	0.296	0.319	0.287	0.319	0.300	0.305	0.307	0.306	0.305	0.304	0.289	0.303	0.305	2.029	0.604	0.310	0.198	1.302	-178658.646
572	8	10000	9299	0.5147	0.302	0.291	0.290	0.300	0.310	0.305	0.301	0.293	0.302	0.298	0.312	0.311	0.297	0.313	1.971	0.612	0.299	0.199	1.000	-179087.560
573	8	10000	9296	0.5158	0.283	0.317	0.299	0.298	0.292	0.307	0.292	0.308	0.291	0.298	0.304	0.310	0.302	0.302	1.945	0.620	0.296	0.204	1.283	-178982.877
574	8	10000	9251	0.5118	0.282	0.291	0.303	0.306	0.314	0.297	0.309	0.311	0.296	0.301	0.299	0.302	0.310	0.296	2.007	0.607	0.317	0.195	1.463	-178915.034
575	8	10000	9257	0.5096	0.300	0.292	0.298	0.295	0.308	0.302	0.300	0.279	0.303	0.293	0.281	0.309	0.284	0.296	2.026	0.605	0.291	0.197	1.000	-177155.971
576	8	10000	9286	0.5104	0.292	0.306	0.294	0.305	0.291	0.312	0.285	0.318	0.301	0.296	0.301	0.305	0.295	0.298	2.025	0.580	0.291	0.196	1.000	-178396.073
577	8	10000	9308	0.5149	0.287	0.297	0.297	0.299	0.294	0.300	0.301	0.314	0.315	0.298	0.298	0.308	0.301	0.306	1.990	0.570	0.295	0.196	1.062	-178972.204
578	8	10000	9240	0.5125	0.281	0.305	0.307	0.286	0.296	0.291	0.297	0.309	0.300	0.298	0.295	0.295	0.302	0.298	2.004	0.589	0.298	0.195	1.000	-177627.981
579	8	10000	9271	0.5113	0.292	0.280	0.305	0.297	0.298	0.309	0.294	0.327	0.303	0.307	0.291	0.303	0.299	0.288	1.997	0.605	0.299	0.204	1.333	-178545.517
580	8	10000	9238	0.5066	0.278	0.295	0.303	0.293	0.299	0.302	0.303	0.310	0.280	0.294	0.299	0.307	0.296	0.299	1.965	0.620	0.296	0.205	1.000	-177854.953
581	8	10000	9275	0.5146	0.277	0.309	0.296	0.296	0.293	0.301	0.297	0.321	0.300	0.297	0.294	0.289	0.308	0.286	2.004	0.588	0.300	0.192	1.000	-177731.890
582	8	10000	9220	0.5141	0.308	0.295	0.301	0.304	0.303	0.304	0.326	0.279	0.309	0.302	0.301	0.298	0.282	0.302	1.994	0.575	0.294	0.196	1.198	-178949.456
583	8	10000	9262	0.5119	0.324	0.308	0.307	0.301	0.295	0.304	0.303	0.276	0.309	0.295	0.301	0.289	0.284	0.302	1.992	0.612	0.301	0.192	1.142	-178295.221
584	8	10000	9275	0.5137	0.297	0.294	0.292	0.305	0.303	0.298	0.312	0.314	0.310	0.285	0.302	0.288	0.304	0.303	2.068	0.591	0.309	0.194	1.000	-178430.575
585	8	10000	9235	0.5186	0.256	0.282	0.300	0.296	0.284	0.303	0.300	0.341	0.289	0.302	0.305	0.303	0.291	0.282	1.979	0.629	0.297	0.203	1.274	-177361.962
586	8	10000	9263	0.5110	0.277	0.300	0.281	0.307	0.291	0.313	0.304	0.315	0.317	0.303	0.290	0.299	0.306	0.297	2.012	0.597	0.298	0.198	1.000	-178218.832
587	8	10000	9241	0.5109	0.275	0.299	0.294	0.307	0.301	0.294	0.306	0.338	0.299	0.300	0.299	0.294	0.311	0.315	1.985	0.571	0.310	0.195	1.000	-179428.571
588	8	10000	9274	0.5114	0.347	0.290	0.305	0.300	0.304	0.309	0.293	0.265	0.295	0.309	0.309	0.301	0.306	0.300	2.002	0.615	0.310	0.202	1.000	-179157.063
589	8	10000	9303	0.5164	0.306	0.291	0.305	0.296	0.301	0.308	0.293	0.309	0.296	0.299	0.294	0.310	0.295	0.299	2.002	0.606	0.281	0.201	1.113	-178427.280
590	8	10000	9292	0.5152	0.324	0.293	0.298	0.292	0.297	0.304	0.299	0.295	0.309	0.288	0.300	0.286	0.306	0.296	2.045	0.614	0.300	0.206	1.000	-178276.700
591	8	10000	9263	0.5163	0.272	0.303	0.311	0.296	0.303	0.306	0.298	0.315	0.291	0.288	0.310	0.307	0.289	0.295	2.011	0.620	0.309	0.199	1.498	-178228.465
592	8	10000	9287	0.5123	0.277	0.310	0.289	0.309	0.312	0.304	0.298	0.320	0.291	0.308	0.313	0.305	0.307	0.301	2.013	0.589	0.297	0.196	1.000	-179154.011
593	8	10000	9295	0.5142	0.310	0.292	0.309	0.310	0.305	0.311	0.299	0.291	0.295	0.301	0.305	0.305	0.308	0.297	1.991	0.583	0.307	0.199	1.000	-179684.288
594	8	10000	9244	0.5174	0.270	0.285	0.297	0.315	0.302	0.301	0.306	0.328	0.305	0.304	0.317	0.305	0.299	0.290	2.006	0.591	0.306	0.188	1.000	-178904.557
595	8	10000	9286	0.5095	0.323	0.314	0.312	0.293	0.299	0.287	0.301	0.298	0.301	0.309	0.289	0.303	0.302	0.301	2.012	0.597	0.300	0.196	1.057	-178883.862
596	8	10000	9278	0.5103	0.311	0.308	0.292	0.302	0.289	0.283	0.308	0.294	0.294	0.302	0.304	0.308	0.292	0.306	1.994	0.610	0.300	0.203	1.000	-178730.314
597	8	10000	9276	0.5084	0.250	0.301	0.289	0.298	0.310	0.294	0.313	0.339	0.293	0.285	0.316	0.298	0.298	0.305	1.978	0.586	0.290	0.195	1.046	-178429.755
598	8	10000	9255	0.5140	0.309	0.291	0.293	0.303	0.312	0.307	0.295	0.288	0.289	0.309	0.302	0.309	0.301	0.286	2.049	0.629	0.316	0.203	1.750	-178374.511
599	8	10000	9278	0.5143	0.287	0.290	0.298	0.293	0.297	0.282	0.307	0.324	0.304	0.294	0.297	0.323	0.306	0.298	2.018	0.584	0.294	0.200	1.000	-178624.634
600	8	10000	9266	0.5154	0.301	0.282	0.303	0.308	0.316	0.301	0.302	0.309	0.304	0.305	0.295	0.304	0.304	0.292	1.982	0.617	0.320	0.201	1.482	-179103.979
601	8	10000	9275	0.5137	0.282	0.299	0.311	0.300	0.313	0.307	0.300	0.300	0.294	0.309	0.304	0.318	0.299	0.314	2.031	0.546	0.295	0.194	1.039	-179918.836
602	8	10000	9267	0.5146	0.324	0.292	0.301	0.309	0.313	0.300	0.300	0.265	0.293	0.292	0.298	0.300	0.308	0.299	1.996	0.603	0.299	0.203	1.198	-178669.456
603	8	10000	9270	0.5125	0.318	0.305	0.301	0.289	0.303	0.303	0.301	0.292	0.308	0.308	0.290	0.287	0.290	0.302	2.025	0.601	0.305	0.198	1.137	-178276.779
604	8	10000	9308	0.5153	0.289	0.304	0.309	0.291	0.308	0.292	0.294	0.303	0.290	0.305	0.295	0.291	0.307	0.291	2.007	0.620	0.304	0.207	1.623	-178458.274
605	8	10000	9239	0.5116	0.311	0.304	0.300	0.296	0.297	0.292	0.306	0.299	0.290	0.309	0.306	0.314	0.300	0.295	1.990	0.618	0.312	0.197	1.000	-178686.211
606	8	10000	9301	0.5129	0.271	0.313	0.308	0.301	0.284	0.310	0.298	0.344	0.300	0.303	0.314	0.301	0.298	0.297	1.977	0.622	0.308	0.206	1.279	-179491.699
607	8	10000	9254	0.5125	0.287	0.291	0.290	0.306	0.299	0.297	0.297	0.326	0.312	0.294	0.299	0.283	0.293	0.304	1.977	0.611	0.296	0.195	1.000	-177394.888
608	8	10000	9284	0.5146	0.304	0.305	0.295	0.305	0.307	0.301	0.297	0.301	0.308	0.298	0.299	0.318	0.305	0.281	2.021	0.597	0.300	0.198	1.000	-178746.961
609	8	10000	9278	0.5101	0.286	0.291	0.301	0.304	0.323	0.309	0.286	0.320	0.298	0.294	0.297	0.307	0.304	0.309	2.009	0.598	0.285	0.200	1.000	-178804.490
610	8	10000	9314	0.5153	0.306	0.312	0.300	0.296	0.295	0.317	0.306	0.313	0.309	0.301	0.299	0.310	0.294	0.309	2.024	0.606	0.310	0.199	1.000	-179944.505
611	8	10000	9317	0.5155	0.304	0.290	0.293	0.300	0.304	0.290	0.312	0.329	0.296	0.299	0.312	0.294	0.302	0.301	2.020	0.620	0.315	0.208	1.137	-179286.148
612	8	10000	9292	0.5115	0.284	0.296	0.305	0.301	0.320	0.300	0.296	0.316	0.298	0.305	0.285	0.297	0.294	0.295	2.053	0.612	0.313	0.202	1.290	-178291.931
613	8	10000	9220	0.5148	0.267	0.295	0.298	0.301	0.296	0.295	0.302	0.328	0.292	0.305	0.288	0.296	0.291	0.307	2.017	0.617	0.308	0.196	1.000	-177488.718
614	8	10000	9336	0.5153	0.333	0.292	0.306	0.291	0.275	0.305	0.300	0.259	0.286	0.299	0.306	0.300	0.299	0.300	2.006	0.633	0.299	0.206	1.394	-178027.337
615	8	10000	9292	0.5157	0.287	0.301	0.294	0.311	0.295	0.316	0.304	0.335	0.292	0.300	0.293	0.301	0.299	0.298	2.003	0.636	0.320	0.203	1.807	-179154.454
616	8	10000	9283	0.5153	0.257	0.297	0.300	0.301	0.297	0.307	0.304	0.337	0.286	0.292	0.289	0.298	0.303	0.310	1.996	0.608	0.290	0.204	1.000	-178441.813
617	8	10000	9263	0.5149	0.256	0.286	0.295	0.288	0.303	0.293	0.309	0.345	0.292	0.289	0.299	0.294	0.288	0.299	2.027	0.639	0.306	0.205	1.231	-177353.240
618	8	10000	9284	0.5162	0.294	0.293	0.305	0.299	0.308	0.290	0.304	0.297	0.281	0.300	0.296	0.309	0.297	0.297	1.998	0.568	0.291	0.194	1.156	-178382.379
619	8	10000	9260	0.5111	0.001	0.287	0.304	0.292	0.297	0.289	0.282	0.583	0.302	0.311	0.300	0.293	0.288	0.292	2.004	0.637	0.291	0.207	1.144	-176989.290
620	8	10000	9303	0.5101	0.280	0.292	0.300	0.293	0.309	0.307	0.303	0.335	0.301	0.310	0.297	0.312	0.294	0.307	1.994	0.614	0.288	0.207	1.127	-179113.848
621	8	10000	9233	0.5096	0.295	0.296	0.294	0.300	0.312	0.299	0.295	0.316	0.299	0.292	0.315	0.297	0.307	0.291	2.009	0.575	0.311	0.188	1.000	-178380.414
622	8	10000	9303	0.5128	0.306	0.308	0.315	0.291	0.282	0.295	0.306	0.293	0.297	0.308	0.296	0.313	0.291	0.314	1.998	0.584	0.302	0.207	1.000	-179536.674
623	8	10000	9243	0.5131	0.328	0.292	0.299	0.299	0.310	0.298	0.301	0.262	0.289	0.302	0.287	0.300	0.296	0.297	1.967	0.615	0.305	0.204	1.000	-178199.363
624	8	10000	9295	0.5162	0.335	0.297	0.300	0.301	0.316	0.305	0.300	0.289	0.305	0.305	0.306	0.292	0.298	0.305	2.034	0.598	0.293	0.197	1.000	-179224.997
625	8	10000	9216	0.5154	0.346	0.289	0.298	0.305	0.306	0.309	0.289	0.249	0.299	0.311	0.298	0.317	0.291	0.296	2.010	0.604	0.305	0.199	1.044	-178498.109
626	8	10000	9257	0.5081	0.306	0.286	0.312	0.313	0.306	0.294	0.308	0.298	0.303	0.307	0.298	0.301	0.305	0.311	2.028	0.598	0.298	0.196	1.000	-179123.802
627	8	10000	9321	0.5166	0.316	0.308	0.301	0.307	0.303	0.302	0.293	0.311	0.290	0.301	0.297	0.306	0.301	0.315	2.003	0.631	0.320	0.202	1.491	-179603.360
628	8	10000	9290	0.5150	0.304	0.304	0.307	0.297	0.295	0.300	0.298	0.289	0.296	0.296	0.302	0.297	0.292	0.294	1.995	0.608	0.302	0.201	1.191	-178318.213
629	8	10000	9282	0.5147	0.359	0.314	0.306	0.293	0.275	0.302	0.306	0.270	0.283	0.295	0.305	0.289	0.305	0.295	2.016	0.620	0.316	0.203	1.453	-178763.707
630	8	10000	9252	0.5165	0.267	0.313	0.298	0.319	0.307	0.291	0.315	0.315	0.301	0.293	0.296	0.302	0.301	0.290	2.013	0.590	0.292	0.194	1.089	-178581.953
631	8	10000	9260	0.5143	0.297	0.309	0.300	0.292	0.302	0.291	0.313	0.307	0.284	0.287	0.302	0.299	0.296	0.303	1.992	0.586	0.300	0.205	1.020	-178745.580
632	8	10000	9250	0.5127	0.333	0.299	0.294	0.297	0.305	0.298	0.295	0.274	0.294	0.290	0.303	0.296	0.303	0.306	1.964	0.641	0.309	0.201	1.536	-178323.478
633	8	10000	9282	0.5146	0.296	0.314	0.308	0.305	0.285	0.295	0.304	0.305	0.293	0.302	0.293	0.289	0.300	0.302	2.042	0.590	0.290	0.202	1.000	-178550.310
634	8	10000	9272	0.5150	0.332	0.300	0.299	0.301	0.286	0.298	0.317	0.253	0.284	0.317	0.305	0.300	0.308	0.304	1.990	0.612	0.300	0.212	1.000	-179411.246
635	8	10000	9266	0.5166	0.293	0.314	0.297	0.300	0.293	0.301	0.312	0.304	0.295	0.315	0.297	0.303	0.301	0.314	2.024	0.624	0.309	0.202	1.000	-179269.306
636	8	10000	9264	0.5118	0.320	0.291	0.304	0.281	0.306	0.302	0.301	0.298	0.304	0.291	0.293	0.299	0.296	0.297	1.987	0.633	0.313	0.207	1.148	-178231.124
637	8	10000	9301	0.5150	0.314	0.306	0.290	0.302	0.296	0.298	0.295	0.282	0.311	0.299	0.300	0.302	0.296	0.301	1.987	0.592	0.298	0.194	1.000	-178400.747
638	8	10000	9263	0.5115	0.283	0.295	0.289	0.296	0.302	0.300	0.290	0.311	0.281	0.294	0.314	0.327	0.297	0.290	2.016	0.602	0.297	0.199	1.000	-177921.355
639	8	10000	9238	0.5129	0.291	0.298	0.293	0.293	0.304	0.301	0.290	0.302	0.297	0.301	0.310	0.302	0.297	0.289	1.996	0.593	0.288	0.196	1.055	-177836.834
640	8	10000	9292	0.5121	0.281	0.311	0.296	0.289	0.312	0.310	0.303	0.330	0.298	0.300	0.301	0.311	0.302	0.308	1.993	0.591	0.291	0.206	1.000	-179520.327
641	8	10000	9255	0.5148	0.328	0.303	0.306	0.296	0.301	0.301	0.310	0.267	0.293	0.291	0.297	0.296	0.296	0.284	2.038	0.606	0.298	0.205	1.117	-178244.953
642	8	10000	9285	0.5158	0.001	0.296	0.309	0.296	0.303	0.310	0.288	1.000	0.295	0.300	0.302	0.294	0.300	0.289	1.991	0.661	0.336	0.210	156.992	-178967.748
643	8	10000	9222	0.5166	0.285	0.291	0.303	0.299	0.299	0.297	0.301	0.303	0.296	0.289	0.300	0.286	0.303	0.292	2.062	0.612	0.311	0.200	1.168	-177453.315
644	8	10000	9227	0.5139	0.301	0.299	0.302	0.295	0.303	0.294	0.296	0.320	0.308	0.297	0.304	0.292	0.294	0.312	2.011	0.605	0.318	0.198	1.371	-178849.395

