1	6	435	270	0.4951	0.103	0.192	0.033	0.009	0.002	0.053	0.291	0.070	0.102	0.096	4.411	0.684	0.232	0.037	4.030	-3321.825
21	6	236	134	0.4224	0.018	0.072	0.034	0.005	0.000	0.029	0.165	0.054	0.133	0.044	2.425	0.755	0.051	0.011	1.209	-1476.516
21	6	286	182	0.4555	0.213	0.365	0.008	0.004	0.007	0.021	0.556	0.036	0.059	0.176	1.941	0.839	0.060	0.021	2.624	-2029.494
21	6	866	331	0.5400	0.124	0.074	0.017	0.001	0.004	0.027	0.163	0.033	0.051	0.064	4.375	0.931	0.052	0.009	5.083	-5238.875
21	6	273	180	0.4223	0.105	0.140	0.033	0.008	0.000	0.047	0.363	0.115	0.156	0.096	4.059	0.820	0.101	0.053	1.000	-2067.249
21	6	306	254	0.6380	0.172	0.391	0.056	0.026	0.015	0.066	0.597	0.167	0.180	0.195	4.243	0.720	0.168	0.158	8.340	-2938.257
21	6	787	383	0.4527	0.085	0.070	0.011	0.005	0.003	0.020	0.358	0.082	0.119	0.030	3.627	0.691	0.045	0.098	1.000	-5463.575
21	6	695	352	0.4864	0.071	0.159	0.008	0.006	0.006	0.021	0.406	0.127	0.098	0.056	3.528	0.941	0.044	0.038	9.484	-4882.982
21	6	878	547	0.3828	0.165	0.193	0.030	0.009	0.004	0.053	0.697	0.136	0.176	0.101	3.558	0.574	0.357	0.098	5.610	-7678.063
21	6	335	251	0.4638	0.134	0.337	0.038	0.009	0.016	0.064	0.324	0.157	0.071	0.167	2.436	0.443	0.079	0.090	1.280	-2671.376
21	6	330	189	0.4454	0.066	0.151	0.004	0.006	0.007	0.026	0.386	0.056	0.092	0.047	3.005	0.886	0.036	0.047	4.405	-2245.364
21	6	318	158	0.4100	0.021	0.119	0.000	0.003	0.003	0.013	0.129	0.101	0.029	0.057	3.742	0.867	0.000	0.047	5.016	-1884.896
21	6	1543	613	0.5581	0.080	0.143	0.025	0.008	0.005	0.028	0.284	0.067	0.081	0.120	3.208	0.965	0.031	0.025	9.095	-10339.239
21	6	467	246	0.6069	0.061	0.112	0.026	0.013	0.003	0.038	0.262	0.067	0.084	0.063	5.354	0.880	0.033	0.064	1.576	-3134.321
21	6	305	239	0.4024	0.091	0.360	0.033	0.014	0.024	0.022	0.517	0.088	0.132	0.162	3.111	0.590	0.059	0.080	1.528	-2535.525
21	6	294	179	0.5610	0.093	0.205	0.031	0.007	0.004	0.019	0.246	0.112	0.057	0.090	2.414	0.730	0.025	0.048	1.000	-2093.201
21	6	465	341	0.3942	0.185	0.179	0.054	0.004	0.013	0.016	0.786	0.232	0.209	0.173	2.876	0.518	0.297	0.085	3.401	-4218.305
21	6	300	186	0.5573	0.083	0.056	0.029	0.010	0.000	0.034	0.342	0.109	0.095	0.106	3.621	0.967	0.033	0.098	1.000	-2159.423
21	6	186	154	0.5589	0.163	0.282	0.092	0.011	0.011	0.105	0.787	0.022	0.170	0.196	5.181	0.458	0.109	0.054	1.000	-1633.285
21	6	509	328	0.6289	0.133	0.310	0.048	0.013	0.006	0.038	0.347	0.080	0.072	0.176	4.222	0.833	0.106	0.091	8.826	-3970.563
21	6	173	128	0.4375	0.091	0.076	0.038	0.006	0.000	0.030	0.586	0.155	0.000	0.046	2.512	0.000	0.000	0.050	1.000	-1186.759
21	6	474	285	0.5612	0.043	0.116	0.031	0.011	0.002	0.029	0.325	0.157	0.123	0.048	3.016	0.898	0.102	0.147	1.000	-3549.137
21	6	381	249	0.4841	0.123	0.172	0.024	0.013	0.008	0.027	0.351	0.044	0.119	0.127	3.514	0.822	0.094	0.075	4.900	-2883.821
21	6	448	257	0.4653	0.054	0.074	0.019	0.002	0.002	0.023	0.432	0.140	0.124	0.145	3.181	0.947	0.046	0.043	1.000	-3190.988
21	6	798	327	0.5211	0.079	0.142	0.012	0.004	0.004	0.037	0.106	0.194	0.028	0.053	3.564	0.931	0.054	0.030	6.291	-4918.872
21	6	200	125	0.5619	0.041	0.381	0.000	0.000	0.000	0.044	0.305	0.083	0.078	0.049	4.388	0.630	0.055	0.012	1.000	-1328.462
21	6	401	277	0.6354	0.186	0.154	0.049	0.016	0.018	0.091	0.349	0.161	0.135	0.162	4.291	0.905	0.095	0.078	1.000	-3290.982
21	6	940	587	0.4562	0.109	0.174	0.034	0.009	0.007	0.041	0.615	0.134	0.109	0.182	3.445	0.784	0.118	0.090	2.622	-7896.728
21	6	308	188	0.4346	0.048	0.099	0.029	0.000	0.013	0.011	0.301	0.020	0.223	0.042	4.179	0.630	0.104	0.046	2.712	-2158.920
21	6	317	186	0.4257	0.008	0.186	0.016	0.002	0.007	0.021	0.263	0.095	0.056	0.056	1.953	0.813	0.028	0.019	2.397	-2087.671
21	6	371	179	0.5320	0.069	0.066	0.010	0.008	0.003	0.039	0.201	0.033	0.060	0.072	3.356	0.791	0.026	0.022	1.000	-2321.582
21	6	972	453	0.4211	0.087	0.104	0.026	0.010	0.004	0.038	0.314	0.090	0.045	0.099	4.145	0.802	0.147	0.085	4.446	-6897.764
21	6	385	240	0.4458	0.002	0.086	0.025	0.007	0.006	0.039	0.660	0.095	0.155	0.098	3.394	0.939	0.061	0.058	1.000	-2810.726
21	6	562	312	0.4347	0.126	0.082	0.028	0.005	0.004	0.031	0.232	0.096	0.139	0.091	3.356	0.847	0.110	0.061	1.000	-4029.104
21	6	439	332	0.5188	0.181	0.300	0.045	0.015	0.007	0.073	0.734	0.150	0.144	0.160	3.269	0.480	0.429	0.040	12.113	-4206.447
21	6	144	55	0.6493	0.000	0.014	0.014	0.000	0.000	0.007	0.044	0.021	0.007	0.000	7.692	0.874	0.126	0.000	1.000	-645.166
21	6	476	309	0.6140	0.266	0.319	0.070	0.019	0.002	0.051	0.726	0.113	0.151	0.254	8.257	0.928	0.072	0.042	1.000	-3781.342
21	6	344	182	0.4268	0.070	0.092	0.035	0.012	0.000	0.029	0.213	0.062	0.130	0.054	3.043	0.592	0.131	0.043	1.296	-2362.924
21	6	220	157	0.6017	0.128	0.171	0.047	0.000	0.009	0.025	0.231	0.018	0.106	0.137	4.963	0.000	0.000	0.131	1.038	-1589.943
21	6	2057	674	0.5118	0.117	0.129	0.021	0.006	0.007	0.030	0.221	0.085	0.092	0.149	2.091	0.982	0.004	0.010	1.456	-13202.461
21	6	316	271	0.3903	0.220	0.489	0.048	0.010	0.010	0.048	0.615	0.160	0.179	0.180	3.479	0.343	0.238	0.094	2.248	-3106.472
21	6	256	187	0.5428	0.231	0.168	0.023	0.012	0.000	0.066	0.493	0.143	0.041	0.181	3.818	0.707	0.159	0.086	4.163	-2116.818
21	6	309	222	0.5293	0.222	0.150	0.027	0.010	0.003	0.060	0.329	0.091	0.070	0.155	3.193	0.886	0.048	0.079	1.000	-2378.051
21	6	206	174	0.5601	0.302	0.767	0.011	0.025	0.000	0.055	0.783	0.124	0.167	0.337	4.357	0.725	0.033	0.077	5.423	-1871.196
21	6	578	437	0.5307	0.222	0.442	0.058	0.010	0.020	0.079	0.523	0.147	0.176	0.140	3.447	0.737	0.108	0.131	2.544	-5539.721
21	6	115	102	0.6797	0.638	3.783	0.099	0.000	0.018	0.012	0.279	0.000	0.133	0.604	8.327	0.502	0.120	0.084	5.341	-1082.980
21	6	252	236	0.6227	0.515	0.712	0.075	0.019	0.011	0.093	0.789	0.115	0.235	0.547	5.187	0.413	0.328	0.182	5.390	-2605.556
21	6	949	405	0.5679	0.130	0.235	0.026	0.011	0.011	0.025	0.213	0.087	0.075	0.138	2.972	0.919	0.026	0.019	2.479	-6451.439
21	6	209	168	0.6166	0.103	0.175	0.000	0.019	0.010	0.105	0.436	0.056	0.170	0.112	3.868	0.727	0.048	0.167	1.734	-1724.373
21	6	449	276	0.6315	0.147	0.181	0.015	0.012	0.017	0.074	0.574	0.069	0.102	0.135	4.021	0.854	0.061	0.034	6.891	-3397.893
21	6	626	347	0.6525	0.115	0.276	0.045	0.003	0.016	0.063	0.279	0.045	0.059	0.138	5.283	0.895	0.040	0.038	1.682	-4463.616
21	6	732	414	0.4513	0.098	0.157	0.024	0.008	0.007	0.014	0.316	0.121	0.159	0.100	3.681	0.867	0.125	0.073	16.134	-5479.132
21	6	181	120	0.6363	0.217	0.025	0.000	0.000	0.005	0.045	0.338	0.026	0.084	0.190	5.008	1.000	0.000	0.103	1.000	-1244.694
21	6	1027	410	0.5508	0.023	0.117	0.021	0.007	0.002	0.032	0.244	0.063	0.069	0.098	3.224	0.973	0.027	0.026	1.000	-6601.248
21	6	159	115	0.4476	0.057	0.133	0.013	0.006	0.000	0.027	0.241	0.027	0.092	0.048	3.172	0.807	0.000	0.143	1.863	-1075.875
21	6	314	174	0.4437	0.174	0.077	0.002	0.000	0.003	0.019	0.198	0.054	0.118	0.119	3.632	0.929	0.032	0.005	5.388	-1984.782
21	6	174	132	0.4495	0.077	0.170	0.046	0.012	0.000	0.034	0.381	0.051	0.128	0.128	2.521	0.419	0.150	0.108	1.807	-1366.317
21	6	310	240	0.4301	0.159	0.345	0.033	0.013	0.020	0.039	0.402	0.144	0.208	0.079	4.269	0.649	0.262	0.208	7.660	-2757.987
21	6	445	308	0.5835	0.193	0.220	0.026	0.002	0.008	0.059	0.310	0.105	0.063	0.124	5.884	0.648	0.193	0.117	2.152	-3536.425
21	6	191	140	0.6297	0.218	0.082	0.012	0.000	0.027	0.085	0.320	0.144	0.063	0.169	5.172	0.757	0.085	0.049	1.000	-1430.743
21	6	305	243	0.5566	0.273	0.426	0.042	0.017	0.013	0.050	0.490	0.059	0.166	0.227	3.777	0.606	0.216	0.028	1.432	-2730.684
21	6	602	318	0.6446	0.168	0.222	0.014	0.009	0.006	0.081	0.289	0.086	0.099	0.175	5.556	0.872	0.100	0.043	7.980	-4374.401
21	6	212	181	0.4737	0.104	0.345	0.051	0.015	0.029	0.092	0.515	0.152	0.118	0.128	3.400	0.580	0.243	0.239	4.733	-1984.311
21	6	276	177	0.6993	0.262	0.115	0.056	0.000	0.007	0.074	0.303	0.107	0.000	0.204	5.392	0.881	0.034	0.071	1.995	-1968.491
21	6	291	208	0.6694	0.232	0.361	0.006	0.007	0.018	0.087	0.436	0.059	0.115	0.174	6.162	0.811	0.122	0.042	13.283	-2292.614
21	6	364	265	0.6220	0.238	0.246	0.013	0.015	0.015	0.057	0.413	0.100	0.105	0.165	5.950	0.505	0.292	0.040	6.311	-3000.700
21	6	407	259	0.4698	0.101	0.108	0.016	0.002	0.008	0.036	0.268	0.126	0.092	0.038	3.320	0.908	0.074	0.062	16.450	-2844.165
21	6	485	233	0.4600	0.072	0.073	0.003	0.008	0.002	0.039	0.200	0.067	0.063	0.026	3.033	0.883	0.031	0.026	1.000	-3013.179
21	6	946	522	0.5908	0.112	0.189	0.039	0.010	0.022	0.058	0.356	0.110	0.096	0.128	5.510	0.887	0.067	0.056	4.156	-7217.084
21	6	173	167	0.4596	0.316	1.766	0.009	0.000	0.023	0.044	0.625	0.485	0.321	0.286	3.063	0.184	0.461	0.000	19.639	-2037.232
21	6	254	114	0.4081	0.035	0.045	0.013	0.000	0.009	0.000	0.127	0.052	0.018	0.027	1.633	0.629	0.018	0.000	1.000	-1349.449
21	6	274	164	0.5434	0.065	0.148	0.019	0.008	0.007	0.033	0.212	0.060	0.081	0.074	4.386	0.745	0.038	0.000	1.000	-1789.967
21	6	282	202	0.5347	0.147	0.213	0.048	0.006	0.019	0.066	0.395	0.078	0.148	0.144	3.874	0.848	0.026	0.061	6.706	-2249.578
21	6	311	216	0.4093	0.120	0.186	0.016	0.000	0.000	0.052	0.549	0.144	0.075	0.080	3.333	0.891	0.080	0.079	6.357	-2404.691
21	6	232	177	0.5035	0.133	0.196	0.042	0.000	0.009	0.054	0.337	0.122	0.093	0.210	2.476	0.641	0.097	0.043	1.985	-1829.085
21	6	428	243	0.4572	0.065	0.079	0.013	0.000	0.002	0.022	0.525	0.071	0.170	0.105	4.131	0.982	0.018	0.029	1.000	-2861.527
21	6	399	277	0.4137	0.152	0.166	0.018	0.010	0.008	0.023	0.543	0.144	0.152	0.090	2.699	0.338	0.063	0.111	1.390	-3305.481
21	6	1133	452	0.5330	0.075	0.066	0.015	0.003	0.000	0.025	0.276	0.057	0.077	0.065	2.612	0.972	0.028	0.057	1.000	-7341.060
21	6	612	253	0.4170	0.036	0.089	0.019	0.000	0.000	0.024	0.474	0.079	0.087	0.040	3.350	0.909	0.023	0.012	2.006	-3816.472
21	6	422	194	0.4554	0.084	0.066	0.020	0.000	0.000	0.000	0.158	0.078	0.216	0.012	4.553	0.872	0.018	0.019	1.000	-2591.309
21	6	347	168	0.5090	0.043	0.128	0.015	0.000	0.006	0.009	0.167	0.047	0.067	0.035	3.656	0.901	0.022	0.026	2.670	-2084.104
21	6	433	273	0.5812	0.106	0.189	0.021	0.007	0.002	0.051	0.328	0.071	0.079	0.111	4.393	0.805	0.078	0.058	1.000	-3148.155
21	6	520	305	0.5863	0.094	0.307	0.034	0.002	0.008	0.052	0.433	0.102	0.128	0.084	3.299	0.822	0.128	0.051	5.174	-4009.182
21	6	291	177	0.6271	0.052	0.189	0.015	0.028	0.011	0.075	0.453	0.096	0.098	0.081	6.282	0.864	0.017	0.017	2.096	-2006.000
21	6	197	162	0.6175	0.122	0.350	0.045	0.016	0.031	0.098	0.458	0.144	0.165	0.127	3.567	0.519	0.184	0.086	1.181	-1823.307
21	6	313	221	0.6448	0.196	0.157	0.032	0.015	0.020	0.080	0.468	0.107	0.071	0.289	4.255	0.754	0.057	0.033	1.000	-2446.684
21	6	370	237	0.4545	0.126	0.179	0.014	0.005	0.000	0.034	0.357	0.153	0.064	0.116	2.622	0.891	0.018	0.091	4.910	-2826.612
21	6	257	206	0.5640	0.209	0.544	0.021	0.000	0.004	0.064	0.449	0.053	0.221	0.200	3.882	0.678	0.174	0.106	7.801	-2345.607
21	6	377	216	0.4627	0.075	0.047	0.020	0.006	0.008	0.028	0.227	0.151	0.059	0.060	2.171	0.961	0.027	0.063	15.464	-2520.415
21	6	308	236	0.4113	0.147	0.131	0.038	0.010	0.009	0.049	0.536	0.140	0.120	0.174	2.865	0.692	0.156	0.124	1.635	-2654.080
21	6	788	526	0.4893	0.438	0.206	0.055	0.007	0.012	0.082	0.436	0.077	0.088	0.369	3.755	0.814	0.153	0.135	1.000	-7130.214
21	6	377	268	0.5300	0.124	0.198	0.023	0.000	0.016	0.082	0.529	0.107	0.115	0.140	4.698	0.690	0.091	0.071	1.000	-3095.694
21	6	253	182	0.5105	0.171	0.129	0.030	0.000	0.025	0.061	0.315	0.109	0.063	0.189	3.090	0.965	0.018	0.045	1.000	-1821.180
21	6	482	389	0.5683	0.275	0.471	0.053	0.016	0.006	0.102	0.745	0.144	0.166	0.212	3.550	0.576	0.264	0.092	4.253	-4824.757
21	6	803	378	0.4259	0.060	0.089	0.018	0.008	0.004	0.027	0.255	0.101	0.157	0.035	3.537	0.880	0.060	0.042	3.555	-5495.000
21	6	1144	446	0.4595	0.067	0.089	0.012	0.003	0.003	0.020	0.255	0.096	0.090	0.060	3.323	0.922	0.071	0.033	9.076	-7484.977
21	6	317	204	0.4190	0.106	0.081	0.019	0.004	0.003	0.027	0.377	0.117	0.091	0.045	3.409	0.371	0.028	0.075	1.000	-2255.460
21	6	350	218	0.5200	0.326	0.164	0.017	0.009	0.011	0.040	0.208	0.098	0.072	0.021	2.155	0.993	0.007	0.019	1.000	-2390.438
21	6	380	256	0.6034	0.176	0.347	0.052	0.014	0.000	0.058	0.547	0.096	0.167	0.221	3.272	0.874	0.111	0.048	9.976	-3171.221
21	6	140	129	0.4500	0.148	0.943	0.042	0.059	0.015	0.033	0.609	0.210	0.182	0.097	2.762	0.421	0.182	0.306	4.339	-1506.150
21	6	144	138	0.4858	0.193	1.085	0.019	0.007	0.014	0.140	0.642	0.203	0.048	0.213	3.466	0.318	0.221	0.069	6.161	-1506.988
21	6	1072	514	0.6196	0.138	0.174	0.030	0.006	0.006	0.038	0.318	0.055	0.089	0.176	4.252	0.917	0.039	0.049	4.169	-7731.888
21	6	728	480	0.4208	0.113	0.149	0.016	0.004	0.006	0.040	0.442	0.154	0.206	0.057	3.652	0.676	0.324	0.133	1.000	-5875.338
21	6	270	150	0.4717	0.054	0.079	0.022	0.008	0.004	0.021	0.245	0.060	0.011	0.065	1.315	0.715	0.025	0.055	1.000	-1719.077
21	6	360	173	0.3996	0.015	0.103	0.019	0.005	0.007	0.012	0.200	0.040	0.085	0.077	3.821	0.846	0.003	0.024	1.662	-2187.522
21	6	843	469	0.4351	0.108	0.196	0.022	0.004	0.005	0.042	0.356	0.139	0.107	0.093	4.618	0.833	0.112	0.104	6.087	-6543.408
21	6	413	198	0.6301	0.094	0.143	0.010	0.000	0.003	0.032	0.171	0.059	0.034	0.105	5.028	0.866	0.013	0.020	1.000	-2516.578
21	6	454	263	0.5991	0.129	0.716	0.014	0.007	0.005	0.023	0.226	0.075	0.075	0.123	3.738	0.886	0.052	0.027	27.681	-3173.913
21	6	411	325	0.4247	0.215	0.220	0.037	0.010	0.011	0.066	0.609	0.154	0.146	0.225	3.000	0.687	0.251	0.177	9.335	-3803.573
21	6	1514	499	0.6439	0.075	0.302	0.017	0.008	0.007	0.033	0.268	0.084	0.052	0.066	3.538	0.840	0.155	0.006	507.064	-9553.698
21	6	709	421	0.5244	0.163	0.132	0.037	0.007	0.009	0.039	0.320	0.071	0.146	0.167	3.457	0.766	0.110	0.101	1.000	-5615.286
21	6	783	457	0.4932	0.133	0.206	0.033	0.005	0.011	0.038	0.363	0.110	0.108	0.174	2.786	0.817	0.104	0.059	2.515	-6236.074
21	6	297	268	0.4444	0.224	0.797	0.046	0.021	0.021	0.090	0.488	0.087	0.274	0.223	2.727	0.497	0.267	0.233	8.719	-3143.037
21	6	545	193	0.5524	0.015	0.039	0.008	0.008	0.010	0.018	0.188	0.020	0.045	0.063	3.692	0.983	0.017	0.027	1.000	-3015.262
21	6	183	125	0.5540	0.084	0.214	0.027	0.016	0.018	0.020	0.147	0.046	0.004	0.111	6.232	0.671	0.097	0.000	3.661	-1214.724
21	6	1075	552	0.4617	0.139	0.180	0.020	0.007	0.007	0.037	0.272	0.089	0.112	0.095	3.103	0.922	0.046	0.076	7.605	-7931.451
21	6	585	410	0.5085	0.219	0.302	0.050	0.007	0.002	0.053	0.377	0.185	0.100	0.195	3.060	0.719	0.204	0.104	4.788	-5219.837
21	6	219	167	0.6656	0.172	0.413	0.029	0.009	0.019	0.041	0.628	0.083	0.082	0.236	5.488	0.622	0.101	0.078	3.105	-1865.757
21	6	640	352	0.5281	0.156	0.253	0.030	0.003	0.008	0.026	0.277	0.128	0.099	0.151	3.328	0.868	0.099	0.031	5.520	-4779.356
21	6	450	285	0.5520	0.108	0.196	0.034	0.014	0.009	0.034	0.320	0.018	0.189	0.108	6.315	0.737	0.078	0.045	1.168	-3349.426
21	6	151	135	0.5820	0.118	0.409	0.053	0.000	0.007	0.077	0.589	0.052	0.292	0.105	6.517	0.287	0.111	0.121	12.593	-1365.049
21	6	416	261	0.5930	0.241	0.605	0.003	0.020	0.017	0.111	0.252	0.079	0.065	0.215	5.951	0.911	0.013	0.030	1.408	-3139.474
21	6	635	331	0.4875	0.060	0.156	0.025	0.008	0.012	0.041	0.224	0.072	0.097	0.089	4.338	0.912	0.044	0.035	4.033	-4343.417
21	6	1238	432	0.5346	0.085	0.086	0.014	0.006	0.005	0.027	0.229	0.060	0.076	0.066	2.707	0.926	0.014	0.005	1.000	-7587.512
21	6	316	194	0.4280	0.107	0.153	0.009	0.000	0.003	0.034	0.291	0.097	0.112	0.088	2.208	0.758	0.121	0.044	6.510	-2306.641
21	6	2047	1118	0.5147	0.186	0.218	0.059	0.008	0.011	0.075	0.498	0.124	0.115	0.198	2.846	0.895	0.105	0.074	1.000	-17494.630
21	6	147	112	0.5726	0.103	0.050	0.030	0.020	0.014	0.041	0.403	0.077	0.008	0.147	2.851	0.661	0.131	0.073	1.000	-1092.966
21	6	654	378	0.4637	0.102	0.184	0.045	0.009	0.004	0.020	0.375	0.089	0.126	0.138	2.475	0.717	0.084	0.039	2.222	-5083.294
21	6	291	258	0.4669	0.257	0.566	0.032	0.003	0.007	0.096	0.586	0.197	0.094	0.256	3.708	0.525	0.246	0.130	8.093	-2890.188
21	6	456	244	0.4493	0.061	0.139	0.024	0.014	0.005	0.038	0.245	0.127	0.042	0.074	2.943	0.835	0.130	0.018	3.352	-3157.014
21	6	907	429	0.6133	0.237	0.134	0.039	0.002	0.009	0.091	0.270	0.070	0.125	0.243	5.384	0.927	0.035	0.028	1.000	-6288.173
21	6	299	272	0.4676	0.154	0.494	0.027	0.009	0.022	0.093	0.657	0.162	0.185	0.193	3.720	0.507	0.250	0.300	4.970	-3029.302
21	6	276	183	0.6029	0.165	0.207	0.048	0.036	0.025	0.135	0.425	0.091	0.135	0.154	3.609	0.831	0.092	0.075	4.730	-2313.299
21	6	834	418	0.6293	0.101	0.164	0.032	0.012	0.014	0.047	0.354	0.098	0.096	0.110	4.711	0.932	0.038	0.025	2.042	-5844.563
21	6	448	326	0.4723	0.213	0.146	0.052	0.003	0.018	0.025	0.513	0.120	0.198	0.197	2.850	0.662	0.114	0.113	1.996	-3976.225
21	6	299	204	0.4812	0.173	0.215	0.051	0.003	0.007	0.053	0.338	0.124	0.042	0.120	4.742	0.753	0.025	0.045	1.000	-2179.900
21	6	759	325	0.4612	0.050	0.068	0.015	0.007	0.008	0.024	0.323	0.156	0.073	0.060	4.171	0.923	0.006	0.031	1.000	-4970.309
21	6	547	290	0.3966	0.070	0.192	0.025	0.002	0.002	0.025	0.254	0.236	0.134	0.110	3.878	0.857	0.098	0.079	6.524	-3681.919
21	6	1534	841	0.4920	0.172	0.237	0.029	0.009	0.009	0.032	0.412	0.122	0.135	0.237	3.271	0.894	0.077	0.088	1.582	-12586.468
21	6	156	120	0.5526	0.215	0.294	0.008	0.000	0.000	0.042	0.269	0.092	0.049	0.170	2.190	0.726	0.033	0.046	1.000	-1160.279
21	6	443	270	0.3969	0.184	0.163	0.023	0.005	0.002	0.043	0.394	0.046	0.087	0.200	3.480	0.607	0.120	0.113	1.074	-3419.336
21	6	245	136	0.5918	0.097	0.106	0.030	0.004	0.000	0.029	0.181	0.084	0.031	0.046	3.164	0.812	0.032	0.025	1.000	-1548.323
21	6	421	245	0.4312	0.086	0.143	0.009	0.005	0.002	0.025	0.189	0.120	0.097	0.105	3.860	0.834	0.132	0.065	10.575	-2965.732
21	6	382	242	0.6306	0.161	0.341	0.033	0.003	0.008	0.037	0.238	0.075	0.062	0.134	3.748	0.775	0.085	0.058	4.578	-2838.599
21	6	277	226	0.6875	0.287	0.255	0.055	0.022	0.030	0.107	1.038	0.204	0.125	0.333	3.182	0.624	0.285	0.085	6.297	-2745.430
21	6	458	170	0.5069	0.007	0.062	0.005	0.000	0.000	0.013	0.123	0.049	0.037	0.045	2.331	0.955	0.000	0.067	3.792	-2544.903
21	6	901	531	0.3996	0.103	0.144	0.013	0.017	0.010	0.041	0.499	0.105	0.087	0.094	3.755	0.701	0.244	0.078	1.665	-7007.696
21	6	524	304	0.5279	0.125	0.133	0.035	0.006	0.006	0.047	0.424	0.092	0.117	0.133	3.507	0.865	0.048	0.037	2.591	-3842.193
21	6	158	141	0.6276	0.366	0.569	0.005	0.018	0.007	0.095	0.536	0.114	0.109	0.326	3.717	0.802	0.069	0.137	4.257	-1438.708
21	6	1117	621	0.4219	0.105	0.147	0.027	0.005	0.007	0.036	0.420	0.180	0.180	0.073	3.487	0.749	0.219	0.085	6.832	-9030.845
21	6	540	295	0.6053	0.071	0.188	0.017	0.003	0.004	0.041	0.302	0.079	0.091	0.040	3.974	0.930	0.016	0.052	3.802	-3692.026
21	6	353	191	0.4931	0.114	0.068	0.016	0.010	0.005	0.049	0.288	0.083	0.103	0.029	1.617	0.521	0.033	0.044	1.000	-2442.203
21	6	314	199	0.6177	0.147	0.153	0.046	0.017	0.003	0.061	0.357	0.062	0.083	0.135	5.467	0.766	0.103	0.053	1.736	-2333.054
21	6	709	351	0.4801	0.048	0.087	0.005	0.001	0.009	0.040	0.184	0.108	0.059	0.125	3.344	0.954	0.021	0.040	1.000	-4581.727
21	6	368	169	0.5586	0.092	0.018	0.007	0.006	0.003	0.021	0.178	0.058	0.044	0.084	7.618	0.835	0.017	0.035	1.000	-2150.198
21	6	466	360	0.4617	0.212	0.249	0.042	0.010	0.012	0.053	0.621	0.181	0.152	0.178	3.144	0.666	0.168	0.118	6.605	-4334.040
21	6	545	310	0.6947	0.141	0.154	0.017	0.004	0.017	0.131	0.504	0.047	0.175	0.147	5.936	0.932	0.060	0.028	5.628	-4032.017
21	6	344	243	0.6107	0.198	0.307	0.047	0.014	0.003	0.058	0.325	0.043	0.136	0.200	4.409	0.767	0.094	0.058	1.932	-2738.884
21	6	809	572	0.6057	0.255	0.345	0.060	0.023	0.008	0.074	0.680	0.145	0.159	0.258	4.809	0.722	0.226	0.066	4.798	-7073.944
21	6	560	319	0.5856	0.119	0.499	0.026	0.006	0.009	0.054	0.268	0.070	0.080	0.116	4.055	0.889	0.054	0.031	14.216	-4115.481
21	6	441	241	0.4710	0.058	0.131	0.021	0.004	0.006	0.044	0.224	0.030	0.090	0.055	3.457	0.919	0.023	0.031	3.365	-2853.285
21	6	889	353	0.5801	0.106	0.103	0.024	0.006	0.004	0.026	0.191	0.079	0.067	0.077	3.624	0.940	0.034	0.008	2.014	-5596.443
21	6	283	193	0.5807	0.079	0.345	0.060	0.003	0.016	0.091	0.306	0.044	0.079	0.102	5.648	0.746	0.113	0.057	5.907	-2206.012
21	6	321	189	0.4247	0.093	0.142	0.035	0.003	0.003	0.010	0.229	0.057	0.120	0.085	2.714	0.691	0.017	0.035	1.015	-2181.318
21	6	1141	528	0.4626	0.095	0.130	0.031	0.004	0.007	0.024	0.316	0.075	0.097	0.140	2.630	0.940	0.056	0.049	1.000	-8217.539
21	6	253	126	0.7240	0.114	0.147	0.008	0.000	0.004	0.091	0.229	0.014	0.103	0.027	8.565	0.824	0.064	0.036	1.000	-1577.521
21	6	778	374	0.4729	0.035	0.157	0.015	0.004	0.004	0.039	0.277	0.124	0.077	0.043	2.552	0.902	0.033	0.082	3.851	-5439.064
21	6	920	408	0.5511	0.094	0.057	0.016	0.007	0.005	0.034	0.273	0.067	0.106	0.076	3.469	0.888	0.013	0.032	1.000	-6029.915
21	6	334	222	0.5519	0.183	0.268	0.020	0.000	0.003	0.024	0.311	0.035	0.067	0.176	2.094	0.887	0.048	0.048	2.359	-2459.493
21	6	295	200	0.4910	0.112	0.169	0.033	0.000	0.010	0.035	0.220	0.174	0.146	0.102	3.230	0.702	0.055	0.049	1.024	-2222.311
21	6	521	336	0.4687	0.157	0.285	0.008	0.017	0.000	0.057	0.464	0.108	0.116	0.089	3.269	0.761	0.100	0.073	3.696	-4250.977
21	6	398	177	0.6647	0.035	0.111	0.016	0.003	0.003	0.028	0.187	0.035	0.061	0.084	4.629	0.867	0.010	0.027	1.000	-2356.424
21	6	478	330	0.4453	0.151	0.497	0.039	0.024	0.005	0.035	0.420	0.126	0.097	0.204	2.773	0.834	0.097	0.094	13.876	-4091.287
21	6	231	128	0.5241	0.031	0.157	0.016	0.004	0.000	0.010	0.170	0.058	0.073	0.034	3.105	0.840	0.029	0.000	2.312	-1368.038
21	6	311	235	0.4652	0.113	0.210	0.061	0.007	0.003	0.050	0.474	0.116	0.078	0.207	2.559	0.668	0.160	0.114	1.000	-2662.416
21	6	373	300	0.4036	0.242	0.514	0.013	0.008	0.012	0.027	0.637	0.064	0.168	0.202	2.717	0.563	0.236	0.089	6.583	-3457.631
21	6	210	148	0.4723	0.034	0.171	0.016	0.005	0.000	0.029	0.292	0.071	0.094	0.079	5.092	0.619	0.068	0.043	2.946	-1422.322
21	6	141	116	0.6014	0.217	0.742	0.019	0.007	0.000	0.173	0.644	0.052	0.108	0.164	2.020	0.543	0.267	0.059	10.314	-1312.030
21	6	189	137	0.5238	0.114	0.237	0.018	0.000	0.000	0.038	0.341	0.071	0.050	0.141	3.807	0.655	0.044	0.063	1.000	-1337.261
21	6	419	236	0.5720	0.118	0.128	0.041	0.008	0.008	0.031	0.368	0.081	0.085	0.123	3.849	0.940	0.060	0.032	1.000	-2971.430
21	6	228	188	0.6321	0.175	0.397	0.045	0.000	0.005	0.049	0.485	0.118	0.142	0.198	3.503	0.429	0.281	0.058	1.773	-2078.870
21	6	230	150	0.4783	0.087	0.057	0.020	0.018	0.000	0.008	0.331	0.119	0.111	0.110	3.070	0.850	0.105	0.094	8.316	-1656.602
21	6	652	353	0.6233	0.213	0.079	0.027	0.011	0.011	0.032	0.356	0.120	0.117	0.130	5.018	0.915	0.034	0.042	1.000	-4758.655
21	6	358	238	0.6194	0.098	0.165	0.044	0.003	0.008	0.034	0.366	0.081	0.067	0.136	4.085	0.727	0.025	0.101	1.000	-2647.381
21	6	373	319	0.4783	0.170	0.692	0.044	0.010	0.015	0.068	0.619	0.133	0.165	0.186	2.844	0.523	0.264	0.115	5.664	-3782.742
21	6	879	458	0.5258	0.084	0.175	0.023	0.005	0.012	0.056	0.367	0.098	0.139	0.097	4.143	0.890	0.076	0.063	1.039	-6622.452
21	6	391	182	0.6433	0.071	0.141	0.021	0.003	0.003	0.029	0.222	0.031	0.062	0.026	3.741	0.902	0.029	0.022	1.658	-2343.714
21	6	429	254	0.5615	0.232	0.057	0.009	0.007	0.005	0.029	0.219	0.143	0.133	0.237	3.661	0.937	0.046	0.014	1.000	-2976.904
21	6	206	108	0.5712	0.061	0.109	0.015	0.000	0.000	0.064	0.116	0.066	0.027	0.024	6.324	0.829	0.012	0.036	1.000	-1178.459
21	6	338	245	0.5774	0.287	2.317	0.048	0.030	0.024	0.064	0.746	0.090	0.086	0.283	5.450	0.787	0.118	0.051	10.686	-2996.793
21	6	362	132	0.4876	0.000	0.026	0.008	0.003	0.006	0.015	0.056	0.016	0.037	0.044	3.007	0.853	0.000	0.047	1.000	-1856.779
21	6	844	427	0.4689	0.067	0.157	0.023	0.002	0.001	0.049	0.350	0.073	0.073	0.090	3.421	0.555	0.350	0.000	7.859	-5995.956
21	6	225	149	0.4515	0.089	0.116	0.024	0.014	0.000	0.033	0.314	0.080	0.155	0.092	4.019	0.000	0.000	0.051	1.154	-1682.489
21	6	291	204	0.5736	0.188	0.202	0.028	0.025	0.008	0.035	0.367	0.101	0.083	0.180	2.789	0.774	0.131	0.072	1.960	-2371.676
21	6	239	129	0.4677	0.045	0.142	0.013	0.000	0.004	0.000	0.232	0.046	0.083	0.000	3.655	0.796	0.000	0.017	2.051	-1425.526
21	6	618	337	0.4811	0.124	0.109	0.030	0.015	0.007	0.030	0.328	0.127	0.178	0.091	2.974	0.901	0.042	0.027	1.417	-4464.795
21	6	251	157	0.5125	0.069	0.079	0.032	0.000	0.009	0.036	0.194	0.070	0.110	0.044	3.182	0.927	0.049	0.049	10.300	-1642.275
21	6	375	218	0.4798	0.079	0.183	0.025	0.006	0.007	0.034	0.223	0.079	0.118	0.077	2.204	0.822	0.049	0.016	1.744	-2552.732
21	6	269	168	0.5315	0.111	0.088	0.029	0.012	0.003	0.039	0.283	0.058	0.117	0.085	4.073	0.964	0.036	0.035	1.000	-1799.616
21	6	1098	452	0.4439	0.134	8.136	0.010	0.004	0.005	0.031	0.154	0.068	0.065	0.044	2.625	0.897	0.063	0.024	998.997	-7274.375
21	6	219	152	0.4340	0.119	0.110	0.000	0.019	0.000	0.050	0.305	0.071	0.079	0.087	1.724	0.000	0.000	0.020	1.117	-1504.913
21	6	555	297	0.5140	0.087	0.120	0.017	0.015	0.005	0.033	0.248	0.142	0.069	0.092	3.196	0.909	0.027	0.065	5.731	-3927.427
21	6	329	236	0.5133	0.187	0.269	0.030	0.005	0.027	0.078	0.506	0.173	0.121	0.183	3.197	0.696	0.160	0.060	6.884	-2839.349
21	6	503	267	0.6199	0.054	0.150	0.027	0.005	0.005	0.028	0.420	0.052	0.052	0.116	2.809	0.884	0.000	0.035	1.000	-3320.223
21	6	140	132	0.5861	0.380	26.261	0.132	0.000	0.023	0.148	0.682	0.215	0.192	0.393	3.717	0.585	0.051	0.246	229.024	-1612.367
21	6	202	122	0.4862	0.089	0.144	0.016	0.000	0.005	0.005	0.120	0.042	0.074	0.034	3.231	0.889	0.000	0.045	5.031	-1232.390
21	6	294	215	0.5618	0.153	0.123	0.066	0.000	0.003	0.044	0.482	0.090	0.071	0.125	2.418	0.770	0.056	0.063	1.000	-2280.513
21	6	220	181	0.4664	0.129	0.177	0.024	0.010	0.013	0.078	0.518	0.165	0.073	0.103	2.097	0.818	0.063	0.126	1.000	-1874.773
21	6	296	134	0.5210	0.015	0.058	0.017	0.010	0.010	0.007	0.174	0.011	0.054	0.048	2.036	0.718	0.000	0.015	1.000	-1648.906
21	6	762	426	0.4516	0.095	0.149	0.016	0.007	0.006	0.023	0.419	0.189	0.115	0.109	3.841	0.855	0.134	0.089	13.552	-5961.647
21	6	877	528	0.5653	0.160	0.194	0.043	0.011	0.008	0.051	0.308	0.121	0.130	0.151	3.131	0.848	0.077	0.083	2.598	-7065.225
21	6	499	302	0.6036	0.047	0.192	0.031	0.007	0.000	0.031	0.375	0.088	0.078	0.072	3.468	0.914	0.038	0.030	1.172	-3447.657
21	6	367	208	0.4464	0.030	0.199	0.011	0.000	0.006	0.036	0.292	0.070	0.086	0.058	3.843	0.694	0.042	0.057	1.000	-2517.684
21	6	325	264	0.4244	0.164	0.222	0.025	0.006	0.003	0.058	0.566	0.210	0.209	0.134	3.950	0.506	0.068	0.107	1.327	-2842.665
21	6	639	306	0.5393	0.157	0.139	0.005	0.014	0.006	0.018	0.202	0.090	0.110	0.200	4.320	0.904	0.015	0.010	1.000	-4231.112
21	6	362	207	0.4738	0.055	0.213	0.021	0.003	0.003	0.076	0.284	0.095	0.118	0.107	2.697	0.862	0.031	0.032	2.124	-2585.094
21	6	375	214	0.4412	0.090	0.420	0.016	0.003	0.000	0.015	0.244	0.049	0.059	0.030	2.584	0.838	0.074	0.013	5.160	-2589.320
21	6	437	288	0.4537	0.139	0.186	0.019	0.012	0.005	0.063	0.369	0.038	0.117	0.192	2.761	0.775	0.035	0.071	3.122	-3400.281
21	6	249	146	0.4096	0.073	0.082	0.011	0.016	0.005	0.032	0.241	0.095	0.022	0.084	2.746	0.902	0.053	0.028	14.674	-1600.045
21	6	314	220	0.6293	0.115	0.399	0.057	0.018	0.008	0.107	0.527	0.071	0.137	0.072	9.540	0.840	0.048	0.060	3.815	-2489.134
21	6	412	296	0.4980	0.114	0.264	0.021	0.005	0.010	0.031	0.350	0.100	0.136	0.092	2.830	0.725	0.102	0.123	1.184	-3354.162
21	6	437	157	0.6208	0.011	0.123	0.010	0.000	0.000	0.022	0.108	0.027	0.036	0.041	4.235	0.872	0.002	0.015	1.000	-2344.306
21	6	274	220	0.4474	0.302	0.438	0.024	0.004	0.000	0.024	0.462	0.128	0.106	0.318	2.756	0.768	0.028	0.099	6.428	-2378.710
21	6	155	136	0.5737	0.170	0.569	0.011	0.007	0.000	0.111	0.514	0.048	0.239	0.132	3.268	0.632	0.158	0.139	3.962	-1447.711
21	6	486	296	0.5193	0.144	0.160	0.010	0.001	0.007	0.061	0.323	0.074	0.120	0.179	3.479	0.928	0.016	0.039	3.864	-3517.139
21	6	574	408	0.4980	0.213	0.275	0.028	0.016	0.008	0.041	0.503	0.103	0.266	0.158	3.183	0.751	0.118	0.058	1.774	-4997.611
21	6	1322	686	0.4193	0.126	0.145	0.025	0.006	0.008	0.051	0.372	0.121	0.150	0.158	3.312	0.771	0.187	0.076	1.035	-10672.168
21	6	216	175	0.5615	0.102	0.349	0.018	0.013	0.011	0.079	0.443	0.106	0.145	0.102	4.495	0.700	0.106	0.098	1.687	-1829.033
21	6	777	347	0.4472	0.082	0.090	0.007	0.004	0.011	0.024	0.199	0.084	0.072	0.051	3.364	0.819	0.060	0.046	1.327	-5056.371
21	6	568	337	0.5769	0.142	0.142	0.019	0.000	0.013	0.031	0.306	0.073	0.049	0.172	4.573	0.881	0.031	0.120	4.810	-4160.832
21	6	845	405	0.4876	0.098	0.137	0.014	0.006	0.006	0.042	0.333	0.071	0.096	0.059	3.030	0.927	0.046	0.045	1.000	-5862.173
21	6	443	209	0.5231	0.090	0.072	0.020	0.004	0.008	0.034	0.200	0.072	0.078	0.050	2.508	0.878	0.049	0.045	1.000	-2855.155
21	6	577	254	0.4489	0.074	0.049	0.025	0.011	0.000	0.019	0.244	0.075	0.070	0.076	3.282	0.891	0.034	0.047	1.000	-3718.261
21	6	783	446	0.4506	0.110	0.321	0.013	0.011	0.006	0.056	0.379	0.162	0.112	0.103	3.317	0.874	0.123	0.090	142.211	-6226.088
21	6	430	220	0.5999	0.192	0.026	0.038	0.005	0.012	0.043	0.434	0.073	0.087	0.193	4.392	0.759	0.056	0.031	1.000	-3040.044
21	6	323	240	0.5786	0.445	0.140	0.047	0.013	0.034	0.044	0.941	0.185	0.196	0.540	6.470	0.463	0.109	0.052	1.000	-2975.205
21	6	483	202	0.3725	0.055	0.068	0.018	0.000	0.002	0.011	0.270	0.057	0.074	0.010	4.983	0.898	0.011	0.035	2.756	-2885.467
21	6	324	239	0.4832	0.148	0.241	0.000	0.000	0.106	0.076	0.432	0.117	0.082	0.202	3.146	0.539	0.106	0.018	1.000	-2572.060
21	6	306	206	0.5907	0.128	0.343	0.021	0.004	0.003	0.037	0.269	0.186	0.080	0.088	3.327	0.797	0.098	0.065	2.494	-2368.015
21	6	157	124	0.5231	0.054	0.220	0.063	0.000	0.007	0.065	0.379	0.055	0.097	0.059	6.399	0.790	0.158	0.123	1.000	-1180.578
21	6	208	135	0.5540	0.066	0.149	0.017	0.016	0.004	0.029	0.171	0.034	0.053	0.066	1.788	0.599	0.038	0.010	1.000	-1321.092
21	6	257	153	0.6027	0.109	0.081	0.043	0.004	0.012	0.017	0.377	0.086	0.026	0.105	2.272	0.933	0.046	0.042	1.000	-1774.580
21	6	695	435	0.5640	0.172	0.215	0.031	0.014	0.010	0.035	0.329	0.131	0.152	0.101	4.085	0.835	0.093	0.084	3.865	-5553.198
21	6	736	272	0.4195	0.000	0.077	0.014	0.003	0.013	0.019	0.161	0.046	0.049	0.083	3.633	0.929	0.060	0.059	6.860	-4452.999
21	6	511	297	0.5818	0.089	0.066	0.023	0.016	0.004	0.021	0.245	0.074	0.105	0.137	3.993	0.804	0.138	0.086	1.446	-3631.127
21	6	372	105	0.6649	0.033	0.042	0.017	0.005	0.000	0.000	0.062	0.022	0.004	0.001	11.026	0.854	0.020	0.000	1.000	-1710.128
21	6	495	215	0.5832	0.097	0.096	0.045	0.004	0.007	0.025	0.269	0.058	0.014	0.115	4.249	0.986	0.014	0.006	1.000	-2955.650
21	6	444	259	0.5900	0.065	0.267	0.024	0.020	0.004	0.052	0.426	0.044	0.066	0.076	3.768	0.883	0.000	0.031	1.794	-3062.740
21	6	576	361	0.4145	0.125	0.347	0.000	0.047	0.106	0.041	0.201	0.355	0.073	0.081	2.720	0.520	0.359	0.079	5.550	-4555.869
21	6	320	208	0.5599	0.063	3.876	0.051	0.010	0.003	0.046	0.192	0.131	0.135	0.022	2.002	0.827	0.031	0.028	70.765	-2442.407
21	6	142	112	0.5192	1.729	0.239	0.000	0.031	0.006	0.076	0.927	0.078	0.059	1.749	3.792	0.933	0.067	0.055	1.000	-1212.158
21	6	273	158	0.6040	0.009	0.052	0.039	0.011	0.003	0.009	0.344	0.019	0.066	0.061	3.405	0.111	0.016	0.061	1.000	-1725.455
21	6	324	226	0.4955	0.164	0.206	0.040	0.000	0.076	0.005	0.264	0.089	0.047	0.100	2.229	0.723	0.136	0.029	4.552	-2419.600
21	6	638	287	0.4401	0.058	0.087	0.017	0.005	0.005	0.028	0.364	0.117	0.091	0.025	1.829	0.916	0.023	0.024	1.000	-4149.043
21	6	629	266	0.4851	0.044	0.068	0.013	0.000	0.003	0.018	0.182	0.054	0.066	0.079	2.832	0.934	0.043	0.022	3.703	-3852.569
21	6	333	214	0.5808	0.107	0.219	0.014	0.014	0.005	0.023	0.354	0.123	0.133	0.111	3.246	0.800	0.078	0.043	2.226	-2486.960
21	6	516	281	0.4594	0.108	0.144	0.012	0.023	0.011	0.027	0.292	0.084	0.071	0.064	3.352	0.731	0.251	0.062	8.137	-3734.047
21	6	684	286	0.4442	0.063	0.059	0.013	0.004	0.003	0.027	0.209	0.108	0.074	0.051	3.351	0.785	0.028	0.024	1.000	-4326.041
21	6	375	310	0.4739	0.142	2.000	0.045	0.018	0.015	0.060	0.573	0.143	0.169	0.168	3.406	0.463	0.399	0.101	82.339	-3644.004
21	6	311	216	0.5086	0.113	0.206	0.048	0.003	0.013	0.097	0.425	0.074	0.142	0.099	3.045	0.709	0.034	0.023	1.000	-2385.973
21	6	456	248	0.5494	0.139	0.127	0.055	0.004	0.003	0.041	0.259	0.116	0.093	0.094	6.338	0.838	0.093	0.041	1.000	-3187.535
21	6	378	261	0.6162	0.100	1.307	0.078	0.013	0.006	0.036	0.564	0.113	0.103	0.106	4.025	0.746	0.138	0.047	37.251	-3169.117
21	6	229	183	0.5838	0.145	0.274	0.006	0.000	0.000	0.069	0.499	0.098	0.172	0.100	4.135	0.733	0.111	0.079	1.000	-1841.102
21	6	321	221	0.4245	0.065	0.147	0.034	0.003	0.006	0.027	0.275	0.110	0.066	0.088	3.857	0.764	0.050	0.114	1.000	-2268.535
21	6	457	279	0.6228	0.133	0.283	0.032	0.000	0.010	0.061	0.343	0.046	0.049	0.095	4.860	0.922	0.015	0.026	2.811	-3183.561
21	6	384	256	0.5109	0.135	0.127	0.071	0.005	0.013	0.044	0.357	0.086	0.094	0.107	2.896	0.882	0.065	0.088	4.322	-2978.043
21	6	609	365	0.4593	0.104	0.217	0.022	0.002	0.003	0.020	0.345	0.172	0.000	0.112	2.749	0.811	0.134	0.061	4.112	-4266.053
21	6	330	222	0.4231	0.071	0.213	0.052	0.006	0.004	0.056	0.391	0.105	0.131	0.095	3.842	0.454	0.116	0.036	1.000	-2631.907
21	6	810	314	0.4186	0.073	0.084	0.016	0.002	0.005	0.018	0.205	0.058	0.130	0.005	3.259	0.938	0.019	0.044	1.000	-5018.245
21	6	193	118	0.3938	0.028	0.138	0.000	0.000	0.011	0.011	0.262	0.134	0.019	0.013	3.849	0.781	0.031	0.035	4.354	-1203.825
21	6	388	268	0.5283	0.164	0.195	0.026	0.008	0.021	0.030	0.288	0.120	0.112	0.111	4.161	0.493	0.047	0.159	1.000	-3137.025
21	6	531	274	0.4515	0.017	0.116	0.018	0.002	0.002	0.028	0.252	0.141	0.070	0.074	2.580	0.925	0.043	0.031	4.152	-3491.512
21	6	592	219	0.4794	0.039	0.061	0.014	0.008	0.006	0.032	0.197	0.044	0.051	0.020	3.156	0.890	0.034	0.000	1.022	-3505.977
21	6	367	231	0.5647	0.118	0.158	0.014	0.008	0.003	0.054	0.232	0.102	0.073	0.134	5.356	0.751	0.050	0.057	1.816	-2612.897
21	6	391	148	0.5622	0.001	0.074	0.023	0.003	0.005	0.017	0.123	0.023	0.034	0.028	3.493	0.804	0.056	0.011	1.000	-2169.901
21	6	691	305	0.4850	0.066	0.081	0.018	0.008	0.009	0.019	0.168	0.074	0.078	0.037	4.232	0.831	0.006	0.065	1.714	-4377.826
21	6	234	141	0.5857	0.179	0.021	0.009	0.000	0.013	0.027	0.326	0.114	0.000	0.060	4.147	0.930	0.022	0.023	1.000	-1465.552
21	6	253	152	0.4392	0.007	0.060	0.012	0.000	0.000	0.016	0.364	0.160	0.077	0.067	2.894	0.941	0.059	0.028	1.000	-1642.340
21	6	459	376	0.5962	0.264	1.117	0.095	0.002	0.005	0.133	0.654	0.151	0.201	0.189	3.543	0.569	0.335	0.131	14.350	-4788.498
21	6	1148	573	0.4594	0.083	0.134	0.028	0.007	0.006	0.033	0.427	0.144	0.092	0.078	3.689	0.824	0.057	0.094	1.939	-8680.949
21	6	383	316	0.5707	0.299	0.527	0.073	0.009	0.016	0.061	0.476	0.137	0.118	0.205	5.070	0.624	0.249	0.106	7.184	-3578.404
21	6	690	375	0.6069	0.109	0.252	0.019	0.011	0.013	0.045	0.338	0.083	0.095	0.137	5.051	0.850	0.085	0.036	1.624	-5127.586
21	6	546	285	0.4864	0.159	0.077	0.014	0.017	0.006	0.031	0.364	0.109	0.105	0.068	2.627	0.905	0.046	0.040	1.000	-3900.317
21	6	495	367	0.4389	0.199	0.176	0.060	0.013	0.006	0.090	0.722	0.178	0.175	0.221	3.238	0.754	0.190	0.081	1.000	-4552.124
21	6	122	85	0.5296	0.189	0.203	0.000	0.017	0.000	0.000	0.118	0.016	0.087	0.117	5.118	0.000	0.000	0.122	1.216	-791.681
21	6	329	263	0.5566	0.154	0.199	0.037	0.009	0.020	0.053	0.502	0.160	0.121	0.140	4.098	0.502	0.090	0.122	1.000	-2841.215
21	6	358	188	0.6118	0.049	0.202	0.015	0.000	0.003	0.045	0.181	0.081	0.044	0.090	3.952	0.873	0.011	0.017	2.324	-2320.100
21	6	611	385	0.4913	0.140	0.215	0.007	0.012	0.003	0.041	0.291	0.186	0.149	0.110	3.541	0.858	0.107	0.087	2.597	-4838.433
21	6	479	316	0.4527	0.147	0.203	0.023	0.002	0.007	0.042	0.985	0.056	0.283	0.115	2.700	0.822	0.130	0.049	1.939	-4032.644
21	6	430	224	0.6175	0.119	0.150	0.010	0.015	0.010	0.037	0.317	0.046	0.085	0.000	3.316	0.693	0.061	0.034	1.000	-2911.662
21	6	1029	407	0.4840	0.045	0.098	0.017	0.004	0.006	0.022	0.274	0.056	0.057	0.084	2.955	0.939	0.030	0.026	1.781	-6670.940
21	6	1927	729	0.4756	0.061	0.108	0.016	0.004	0.007	0.033	0.414	0.120	0.077	0.078	3.089	0.926	0.066	0.047	4.130	-13797.278
21	6	682	396	0.4928	0.112	0.230	0.045	0.013	0.013	0.062	0.261	0.064	0.093	0.118	3.213	0.909	0.050	0.069	5.901	-5204.583
21	6	600	344	0.6564	0.211	0.165	0.027	0.008	0.012	0.085	0.364	0.090	0.088	0.187	4.349	0.876	0.070	0.048	2.904	-4538.476
21	6	677	294	0.4717	0.080	0.080	0.020	0.000	0.005	0.022	0.265	0.056	0.054	0.044	2.704	0.900	0.010	0.012	1.000	-4144.136
21	6	696	300	0.4216	0.064	0.113	0.013	0.005	0.006	0.018	0.211	0.093	0.104	0.054	3.201	0.949	0.037	0.030	13.398	-4455.876
21	6	519	316	0.5028	0.086	0.267	0.052	0.008	0.006	0.031	0.406	0.094	0.116	0.123	3.476	0.897	0.048	0.026	3.076	-3925.665
21	6	925	538	0.5666	0.178	0.204	0.041	0.014	0.009	0.051	0.360	0.088	0.146	0.200	4.132	0.723	0.062	0.053	1.000	-7407.736
21	6	566	174	0.4479	0.000	0.019	0.014	0.000	0.002	0.006	0.092	0.043	0.034	0.058	3.885	0.637	0.000	0.048	1.000	-3025.222
21	6	768	307	0.5599	0.033	0.102	0.017	0.005	0.007	0.020	0.164	0.032	0.075	0.064	4.055	0.924	0.042	0.049	4.791	-4742.678
21	6	210	143	0.6148	0.072	0.418	0.001	0.010	0.005	0.052	0.521	0.024	0.073	0.068	3.384	0.812	0.026	0.034	2.321	-1507.758
21	6	457	314	0.6607	0.081	0.476	0.051	0.005	0.017	0.061	0.736	0.149	0.065	0.114	3.712	0.903	0.062	0.069	5.636	-3892.332
21	6	819	482	0.5088	0.138	0.151	0.036	0.007	0.003	0.044	0.403	0.062	0.122	0.107	3.675	0.801	0.174	0.074	4.828	-6358.820
21	6	502	321	0.4459	0.055	0.108	0.018	0.006	0.002	0.038	0.285	0.139	0.083	0.148	2.759	0.738	0.106	0.120	1.928	-3738.585
21	6	349	226	0.5524	0.046	0.199	0.032	0.006	0.006	0.022	0.356	0.096	0.061	0.082	4.110	0.877	0.063	0.135	7.360	-2558.314
21	6	288	218	0.5925	0.181	0.619	0.119	0.015	0.003	0.057	0.692	0.078	0.073	0.234	4.927	0.749	0.145	0.065	2.907	-2564.509
21	6	242	177	0.5475	0.041	0.397	0.069	0.017	0.000	0.026	0.275	0.084	0.102	0.126	6.004	0.660	0.116	0.049	2.104	-1898.062
21	6	1164	620	0.5069	0.096	0.136	0.024	0.005	0.013	0.039	0.367	0.127	0.103	0.106	2.864	0.881	0.101	0.067	9.732	-8766.927
21	6	400	239	0.4070	0.093	0.083	0.035	0.003	0.000	0.031	0.301	0.102	0.104	0.074	4.002	0.723	0.093	0.124	4.498	-2908.226
21	6	212	158	0.4299	0.091	0.230	0.006	0.010	0.010	0.040	0.356	0.179	0.090	0.115	2.804	0.637	0.078	0.108	2.206	-1689.789
21	6	386	181	0.4834	0.035	0.109	0.014	0.000	0.005	0.019	0.226	0.054	0.067	0.029	3.533	0.883	0.064	0.005	5.824	-2379.667
21	6	396	231	0.6084	0.189	0.076	0.012	0.000	0.005	0.055	0.285	0.147	0.135	0.143	4.690	0.668	0.024	0.056	1.000	-2851.724
21	6	377	249	0.5787	0.167	0.147	0.027	0.008	0.008	0.045	0.357	0.066	0.093	0.142	3.254	0.893	0.080	0.083	6.967	-2883.944
21	6	391	170	0.4042	0.084	0.054	0.007	0.000	0.003	0.017	0.178	0.058	0.072	0.056	3.539	0.946	0.030	0.017	4.232	-2296.437
21	6	334	216	0.4642	0.123	0.014	0.019	0.000	0.003	0.042	0.625	0.186	0.050	0.122	3.801	0.000	0.000	0.041	13.386	-2297.056
21	6	314	203	0.5755	0.056	0.198	0.016	0.006	0.004	0.029	0.280	0.084	0.104	0.065	3.418	0.673	0.049	0.064	1.000	-2220.237
21	6	237	211	0.4444	0.221	0.322	0.048	0.000	0.026	0.074	0.458	0.082	0.171	0.231	4.240	0.562	0.190	0.267	3.724	-2214.722
21	6	357	239	0.5125	0.078	0.271	0.031	0.009	0.011	0.035	0.497	0.098	0.172	0.136	3.132	0.773	0.146	0.044	2.023	-2883.979
21	6	449	329	0.5211	0.121	0.209	0.058	0.002	0.005	0.041	0.412	0.132	0.111	0.152	2.930	0.792	0.162	0.154	2.659	-3823.422
21	6	519	348	0.4079	0.088	0.233	0.017	0.004	0.006	0.041	0.535	0.150	0.129	0.136	3.791	0.702	0.224	0.131	6.011	-4393.362
21	6	443	181	0.6139	0.053	0.055	0.024	0.014	0.002	0.014	0.113	0.075	0.046	0.051	5.494	0.852	0.084	0.067	12.595	-2684.071
21	6	354	140	0.5655	0.016	0.087	0.000	0.005	0.003	0.018	0.062	0.012	0.015	0.013	2.112	0.915	0.055	0.000	8.281	-1833.872
21	6	455	329	0.4305	0.127	0.214	0.043	0.013	0.005	0.052	0.544	0.091	0.161	0.130	3.352	0.725	0.128	0.102	6.055	-3906.869
21	6	242	222	0.4285	0.141	0.800	0.064	0.013	0.009	0.027	1.007	0.147	0.147	0.124	3.140	0.210	0.396	0.020	8.130	-2500.741
21	6	851	473	0.5004	0.196	0.171	0.025	0.005	0.005	0.039	0.299	0.093	0.126	0.159	4.357	0.798	0.138	0.061	4.742	-6604.755
21	6	828	431	0.4593	0.146	0.143	0.024	0.005	0.005	0.053	0.254	0.079	0.083	0.130	2.767	0.889	0.091	0.059	3.139	-6106.946
21	6	422	258	0.6040	0.149	0.156	0.022	0.011	0.006	0.059	0.377	0.114	0.061	0.139	4.742	0.850	0.092	0.057	2.299	-3156.130
21	6	410	284	0.5333	0.143	0.206	0.014	0.005	0.002	0.057	0.351	0.205	0.105	0.110	3.422	0.731	0.211	0.096	3.377	-3435.392
21	6	308	260	0.5997	0.268	0.521	0.096	0.040	0.011	0.061	0.666	0.124	0.204	0.292	4.499	0.551	0.272	0.095	4.496	-3115.618
21	6	491	326	0.5740	0.181	0.094	0.026	0.008	0.009	0.035	0.417	0.119	0.104	0.192	3.717	0.689	0.152	0.081	1.000	-3886.266
21	6	883	331	0.5106	0.048	0.077	0.012	0.000	0.001	0.013	0.174	0.096	0.075	0.085	4.128	0.943	0.021	0.006	1.000	-5313.863
21	6	263	177	0.4845	0.089	0.158	0.000	0.000	0.004	0.012	0.530	0.241	0.084	0.043	3.916	0.737	0.053	0.031	1.707	-1888.236
21	6	297	179	0.4360	0.085	0.115	0.024	0.007	0.007	0.012	0.156	0.088	0.085	0.054	3.635	0.802	0.029	0.030	1.000	-1929.065
21	6	618	342	0.5194	0.123	0.179	0.033	0.008	0.008	0.060	0.264	0.112	0.082	0.090	2.604	0.889	0.048	0.058	2.036	-4614.196
21	6	689	384	0.5263	0.206	0.170	0.017	0.009	0.009	0.019	0.258	0.104	0.120	0.137	3.401	0.835	0.107	0.071	3.576	-5288.291
21	6	620	403	0.4350	0.161	0.165	0.022	0.008	0.007	0.031	0.403	0.120	0.100	0.161	3.587	0.669	0.170	0.168	2.968	-5177.030
21	6	691	458	0.5463	0.151	0.177	0.025	0.013	0.016	0.047	0.455	0.147	0.150	0.113	2.299	0.647	0.112	0.114	1.000	-6000.923
21	6	228	97	0.6308	0.000	0.000	0.013	0.000	0.000	0.000	0.023	0.009	0.009	0.079	4.182	1.000	0.000	0.178	2.883	-1066.278
21	6	763	454	0.6296	0.156	0.158	0.031	0.020	0.005	0.048	0.446	0.091	0.142	0.147	5.392	0.773	0.080	0.078	1.000	-5945.530
21	6	105	79	0.5421	0.003	0.305	0.027	0.039	0.000	0.064	0.114	0.000	0.093	0.118	10.674	0.059	0.000	0.110	1.167	-726.072
21	6	214	146	0.4725	0.044	0.039	0.020	0.005	0.005	0.009	0.208	0.112	0.111	0.117	4.142	0.843	0.038	0.045	1.061	-1401.851
21	6	304	222	0.5082	0.197	0.202	0.012	0.010	0.010	0.033	0.356	0.061	0.142	0.140	2.838	0.711	0.096	0.041	1.000	-2382.807
21	6	175	145	0.4803	0.129	0.322	0.041	0.022	0.007	0.075	0.273	0.086	0.258	0.212	2.815	0.466	0.071	0.095	1.966	-1568.917
21	6	446	313	0.5756	0.242	0.237	0.005	0.009	0.005	0.076	0.465	0.081	0.121	0.279	3.575	0.737	0.199	0.069	2.584	-3798.610
21	6	512	274	0.4426	0.073	0.115	0.030	0.004	0.008	0.007	0.312	0.072	0.173	0.099	4.589	0.776	0.088	0.038	2.709	-3619.502
21	6	133	118	0.5951	0.481	0.828	0.095	0.000	0.008	0.168	0.477	0.134	0.042	0.529	3.311	0.419	0.147	0.056	3.381	-1344.748
21	6	421	233	0.5996	0.081	0.184	0.014	0.000	0.013	0.051	0.221	0.061	0.127	0.079	5.871	0.927	0.015	0.039	2.878	-2791.761
21	6	264	162	0.5380	0.069	0.447	0.012	0.000	0.004	0.052	0.361	0.053	0.129	0.032	3.177	0.886	0.105	0.048	87.711	-1868.328
21	6	1224	544	0.5049	0.094	0.103	0.018	0.004	0.001	0.032	0.242	0.093	0.089	0.065	4.055	0.906	0.077	0.078	8.734	-8227.942
21	6	788	328	0.5302	0.051	0.100	0.013	0.005	0.005	0.029	0.229	0.057	0.079	0.097	3.514	0.904	0.022	0.011	1.511	-4925.950
21	6	583	381	0.5418	0.169	0.115	0.019	0.009	0.007	0.043	0.415	0.179	0.188	0.161	3.734	0.806	0.080	0.077	4.023	-4751.356
21	6	223	176	0.6872	0.196	0.048	0.063	0.016	0.007	0.078	0.677	0.118	0.069	0.256	3.783	0.000	0.000	0.072	2.499	-1834.626
21	6	138	128	0.6041	0.159	0.354	0.065	0.007	0.015	0.010	0.585	0.287	0.205	0.223	4.296	0.776	0.031	0.271	2.719	-1330.810
21	6	261	168	0.5541	0.117	0.119	0.025	0.008	0.004	0.023	0.258	0.064	0.062	0.074	2.516	0.679	0.046	0.060	2.093	-1830.210
21	6	783	473	0.4419	0.106	0.250	0.016	0.004	0.003	0.028	0.330	0.103	0.114	0.172	3.253	0.677	0.137	0.102	4.424	-6238.118
21	6	396	230	0.5495	0.144	0.082	0.020	0.013	0.011	0.020	0.309	0.050	0.093	0.148	3.304	0.866	0.000	0.048	2.157	-2737.141
21	6	376	164	0.5048	0.045	0.125	0.000	0.005	0.000	0.019	0.108	0.078	0.032	0.034	3.257	0.949	0.011	0.024	5.079	-2189.537
21	6	445	290	0.6727	0.211	0.256	0.030	0.005	0.007	0.063	0.813	0.079	0.156	0.225	5.640	0.752	0.112	0.042	1.000	-3675.646
21	6	472	189	0.4565	0.044	0.089	0.014	0.007	0.000	0.022	0.116	0.028	0.042	0.053	3.518	0.904	0.014	0.027	2.775	-2744.942
21	6	274	210	0.5251	0.117	0.353	0.027	0.011	0.004	0.103	0.370	0.064	0.109	0.161	2.495	0.711	0.124	0.103	3.450	-2366.169
21	6	636	254	0.5861	0.047	0.073	0.012	0.000	0.002	0.033	0.177	0.048	0.089	0.062	5.304	0.836	0.029	0.025	1.000	-3847.085
21	6	189	144	0.5467	0.152	0.236	0.000	0.011	0.005	0.044	0.440	0.047	0.111	0.090	3.106	0.662	0.037	0.070	1.000	-1402.770
21	6	515	311	0.4752	0.140	0.117	0.016	0.012	0.013	0.041	0.379	0.140	0.124	0.057	2.887	0.641	0.097	0.068	1.000	-3981.752
21	6	1142	432	0.4620	0.029	0.097	0.018	0.007	0.004	0.029	0.206	0.063	0.071	0.086	3.627	0.832	0.099	0.067	1.695	-7488.581
21	6	381	234	0.5419	0.066	0.261	0.009	0.012	0.002	0.045	0.271	0.067	0.035	0.060	5.077	0.774	0.088	0.012	2.818	-2633.322
21	6	348	158	0.5263	0.032	0.117	0.011	0.000	0.000	0.022	0.083	0.051	0.043	0.016	2.792	0.837	0.063	0.072	3.214	-2038.758
21	6	337	240	0.6055	0.130	0.241	0.045	0.017	0.008	0.045	0.419	0.146	0.053	0.114	3.250	0.590	0.147	0.051	1.847	-2706.405
21	6	669	409	0.6427	0.100	0.556	0.064	0.015	0.001	0.057	0.529	0.075	0.088	0.137	4.417	0.903	0.063	0.029	14.039	-5154.491
21	6	298	236	0.5097	0.242	0.355	0.029	0.010	0.022	0.067	0.453	0.076	0.136	0.189	3.082	0.734	0.171	0.101	3.547	-2643.873
21	6	452	308	0.5369	0.081	0.232	0.055	0.009	0.004	0.051	0.353	0.107	0.094	0.114	3.784	0.622	0.378	0.131	1.000	-3718.289
21	6	363	210	0.6311	0.149	0.078	0.020	0.017	0.003	0.039	0.278	0.038	0.082	0.102	3.358	0.987	0.013	0.074	1.000	-2491.437
21	6	657	346	0.5090	0.143	0.091	0.027	0.005	0.003	0.031	0.256	0.088	0.072	0.185	3.778	0.911	0.061	0.046	15.840	-4638.319
21	6	183	134	0.5115	0.097	0.136	0.059	0.004	0.018	0.012	0.303	0.095	0.142	0.063	2.983	0.745	0.000	0.123	2.165	-1350.107
21	6	320	196	0.5499	0.073	0.224	0.014	0.003	0.007	0.030	0.225	0.054	0.118	0.135	4.912	0.758	0.033	0.013	1.000	-2132.827
21	6	407	138	0.5050	0.006	0.067	0.000	0.003	0.000	0.008	0.078	0.032	0.054	0.010	2.313	0.731	0.033	0.054	1.225	-2141.473
21	6	880	406	0.4419	0.114	0.090	0.012	0.008	0.009	0.031	0.206	0.073	0.072	0.041	2.491	0.958	0.030	0.053	4.435	-5779.397
21	6	380	262	0.5217	0.130	0.197	0.017	0.016	0.005	0.038	0.602	0.131	0.128	0.108	2.855	0.870	0.042	0.066	1.732	-3052.670
21	6	497	338	0.6036	0.113	7.065	0.051	0.000	0.000	0.055	0.428	0.126	0.144	0.122	6.161	0.695	0.193	0.059	235.779	-4155.867
21	6	339	193	0.5143	0.079	0.061	0.012	0.006	0.000	0.050	0.330	0.066	0.028	0.107	5.299	0.962	0.038	0.044	1.000	-2206.746
21	6	1055	677	0.4058	0.119	0.227	0.028	0.006	0.008	0.039	0.524	0.148	0.173	0.115	4.082	0.758	0.213	0.123	16.180	-8844.605
21	6	159	125	0.4429	0.100	0.127	0.018	0.013	0.000	0.014	0.412	0.027	0.066	0.055	1.636	0.521	0.076	0.000	1.249	-1066.089
21	6	214	164	0.6582	0.156	0.339	0.060	0.013	0.029	0.099	0.339	0.106	0.044	0.122	5.268	0.831	0.100	0.051	3.537	-1687.567
21	6	459	190	0.5066	0.019	0.111	0.007	0.011	0.000	0.016	0.126	0.041	0.047	0.019	2.896	0.920	0.014	0.032	2.549	-2631.287
21	6	497	245	0.6213	0.052	0.228	0.017	0.010	0.009	0.069	0.263	0.104	0.033	0.103	5.608	0.911	0.009	0.011	1.410	-3099.336
21	6	470	353	0.6548	0.392	0.249	0.049	0.018	0.000	0.062	0.833	0.102	0.095	0.399	4.228	0.854	0.105	0.066	1.000	-3973.782
21	6	527	337	0.4312	0.153	0.225	0.015	0.010	0.004	0.062	0.409	0.139	0.238	0.085	3.035	0.727	0.177	0.032	2.987	-4303.835
21	6	333	160	0.4351	0.009	0.084	0.016	0.009	0.003	0.016	0.170	0.064	0.076	0.035	7.320	0.810	0.056	0.051	2.652	-1990.522
21	6	603	385	0.4516	0.142	0.206	0.035	0.016	0.006	0.024	0.447	0.091	0.170	0.114	3.322	0.741	0.186	0.078	3.507	-4993.126
21	6	402	298	0.6347	0.143	0.330	0.022	0.005	0.011	0.118	0.726	0.241	0.106	0.233	4.293	0.793	0.136	0.107	1.956	-3639.451
21	6	381	319	0.6414	0.067	0.817	0.076	0.016	0.018	0.087	1.032	0.219	0.214	0.144	3.406	0.702	0.195	0.082	4.455	-3869.676
21	6	342	218	0.4506	0.151	0.054	0.017	0.003	0.000	0.030	0.329	0.115	0.142	0.063	1.872	0.718	0.031	0.053	1.000	-2454.394
21	6	449	285	0.5502	0.092	0.222	0.015	0.002	0.005	0.029	0.269	0.153	0.130	0.147	3.134	0.844	0.156	0.100	1.000	-3555.348
21	6	623	254	0.4466	0.055	0.065	0.013	0.002	0.000	0.025	0.176	0.086	0.070	0.014	2.739	0.813	0.033	0.021	1.000	-3764.735
21	6	304	196	0.6107	0.123	0.286	0.070	0.000	0.010	0.092	0.172	0.043	0.084	0.132	5.322	0.808	0.090	0.043	2.832	-2253.582
21	6	281	195	0.6240	0.105	0.357	0.025	0.008	0.044	0.047	0.292	0.100	0.051	0.123	4.759	0.494	0.228	0.059	4.718	-2291.649
21	6	251	164	0.5416	0.071	0.073	0.008	0.000	0.004	0.041	0.361	0.065	0.113	0.121	2.676	0.690	0.091	0.005	1.000	-1739.644
21	6	437	308	0.4190	0.129	0.223	0.026	0.005	0.009	0.046	0.479	0.202	0.156	0.091	3.034	0.717	0.112	0.081	2.968	-3685.407
21	6	278	219	0.6187	0.185	0.273	0.058	0.015	0.000	0.044	0.344	0.142	0.159	0.169	4.236	0.552	0.116	0.104	1.000	-2408.054
21	6	326	191	0.3950	0.096	0.149	0.038	0.003	0.000	0.004	0.224	0.151	0.092	0.046	3.170	0.766	0.034	0.024	1.000	-2176.346
21	6	329	276	0.5371	0.162	0.797	0.090	0.009	0.010	0.075	1.262	0.241	0.179	0.222	3.703	0.672	0.156	0.099	6.188	-3357.611
21	6	680	256	0.5254	0.042	0.081	0.010	0.003	0.005	0.024	0.152	0.068	0.031	0.058	4.739	0.941	0.024	0.059	1.000	-4091.270
21	6	192	166	0.5056	0.160	0.298	0.059	0.000	0.016	0.016	0.274	0.120	0.087	0.198	3.686	0.585	0.067	0.191	1.000	-1607.209
21	6	661	313	0.4473	0.072	0.134	0.014	0.008	0.003	0.026	0.290	0.121	0.038	0.112	2.341	0.860	0.021	0.017	1.000	-4371.628
21	6	300	197	0.5757	0.107	0.187	0.043	0.000	0.007	0.028	0.164	0.095	0.072	0.117	3.350	0.578	0.109	0.024	1.715	-2165.362
21	6	334	229	0.5774	0.103	0.216	0.041	0.008	0.007	0.060	0.413	0.140	0.094	0.050	3.316	0.566	0.091	0.027	1.135	-2635.731
21	6	209	161	0.6237	0.167	0.159	0.026	0.000	0.010	0.077	0.509	0.136	0.082	0.187	3.447	0.729	0.093	0.094	5.521	-1696.464
21	6	583	324	0.4282	0.096	0.120	0.018	0.007	0.009	0.018	0.300	0.132	0.176	0.012	2.537	0.881	0.116	0.098	32.452	-4306.152
21	6	918	504	0.6334	0.138	0.270	0.055	0.010	0.021	0.049	0.352	0.104	0.093	0.119	4.756	0.848	0.129	0.074	14.882	-7311.656
21	6	352	166	0.6559	0.062	0.088	0.011	0.006	0.006	0.031	0.294	0.021	0.055	0.016	2.578	0.808	0.007	0.032	1.000	-2051.915
21	6	1107	573	0.4880	0.194	0.152	0.034	0.009	0.008	0.027	0.374	0.124	0.117	0.247	3.467	0.949	0.051	0.044	1.000	-8537.481
21	6	564	332	0.3952	0.129	0.201	0.010	0.009	0.008	0.044	0.479	0.143	0.142	0.062	3.384	0.840	0.149	0.080	21.017	-4446.750
21	6	454	283	0.4957	0.184	0.126	0.022	0.001	0.006	0.037	0.300	0.068	0.127	0.134	3.750	0.686	0.109	0.059	1.000	-3412.956
21	6	425	249	0.6035	0.221	0.229	0.016	0.005	0.000	0.060	0.258	0.037	0.073	0.278	2.389	0.910	0.049	0.047	2.756	-3077.825
21	6	1176	468	0.4815	0.087	0.076	0.010	0.004	0.004	0.018	0.233	0.093	0.071	0.037	3.811	0.969	0.031	0.100	1.000	-7697.486
21	6	531	340	0.5329	0.085	0.214	0.026	0.010	0.004	0.035	0.475	0.087	0.093	0.143	4.191	0.874	0.116	0.057	16.336	-4039.931
21	6	541	276	0.4088	0.055	0.133	0.015	0.002	0.008	0.039	0.245	0.091	0.083	0.043	3.443	0.901	0.048	0.057	3.064	-3636.215
21	6	323	273	0.4743	0.168	0.183	0.039	0.013	0.025	0.085	0.797	0.150	0.233	0.158	4.920	0.295	0.174	0.160	3.686	-3135.963
21	6	482	338	0.6664	0.296	0.351	0.039	0.010	0.023	0.081	0.558	0.163	0.082	0.355	6.098	0.840	0.128	0.060	4.782	-4134.781
21	6	280	222	0.6097	0.206	0.329	0.044	0.004	0.004	0.053	0.427	0.114	0.136	0.277	4.585	0.760	0.160	0.122	4.559	-2430.653
21	6	989	592	0.5319	0.194	0.157	0.027	0.008	0.008	0.048	0.384	0.095	0.114	0.131	5.307	0.650	0.231	0.109	1.893	-7806.622
21	6	304	222	0.5563	0.105	0.116	0.008	0.004	0.009	0.071	0.510	0.188	0.166	0.103	2.430	0.820	0.146	0.047	3.938	-2512.760
21	6	415	233	0.4877	0.091	0.089	0.018	0.003	0.007	0.025	0.323	0.121	0.097	0.113	2.449	0.680	0.027	0.036	1.000	-2853.576
21	6	338	249	0.4325	0.088	0.519	0.022	0.028	0.037	0.042	0.496	0.142	0.097	0.130	3.911	0.482	0.297	0.081	5.034	-3064.998
21	6	386	160	0.6349	0.023	0.057	0.042	0.005	0.000	0.017	0.198	0.104	0.000	0.066	5.199	0.797	0.030	0.008	1.000	-2192.443
21	6	285	183	0.5575	0.113	0.237	0.047	0.004	0.007	0.024	0.211	0.088	0.068	0.060	3.238	0.916	0.033	0.055	7.332	-1977.296
21	6	346	301	0.5643	0.235	0.681	0.055	0.018	0.009	0.075	0.809	0.160	0.081	0.238	4.663	0.505	0.335	0.052	2.576	-3451.047
21	6	1643	1003	0.3841	0.165	0.178	0.030	0.009	0.006	0.052	0.546	0.146	0.151	0.188	3.060	0.735	0.232	0.148	9.448	-14420.481
21	6	434	324	0.5504	0.226	0.183	0.000	0.012	0.007	0.045	0.480	0.131	0.160	0.169	4.559	0.823	0.177	0.164	1.000	-3657.688
21	6	297	195	0.5148	0.240	0.053	0.003	0.007	0.003	0.041	0.291	0.130	0.158	0.025	2.883	0.961	0.039	0.036	1.000	-2100.672
21	6	293	221	0.5579	0.452	0.129	0.013	0.030	0.010	0.103	0.554	0.119	0.125	0.475	4.596	0.498	0.223	0.030	4.818	-2641.370
21	6	490	316	0.5273	0.118	0.221	0.030	0.007	0.019	0.072	0.416	0.107	0.139	0.099	3.321	0.775	0.098	0.056	1.293	-3960.870
21	6	427	244	0.5067	0.089	0.138	0.034	0.012	0.007	0.018	0.253	0.076	0.054	0.091	3.617	0.805	0.097	0.024	1.698	-2932.339
21	6	417	247	0.5573	0.098	0.155	0.036	0.011	0.011	0.059	0.315	0.059	0.094	0.072	3.679	0.889	0.067	0.046	3.579	-3013.470
21	6	496	189	0.5312	0.041	0.057	0.003	0.000	0.004	0.011	0.080	0.050	0.067	0.060	4.682	0.861	0.010	0.011	1.000	-2744.649
21	6	777	405	0.6054	0.115	0.260	0.043	0.011	0.007	0.057	0.320	0.105	0.080	0.144	5.642	0.882	0.085	0.027	3.623	-5692.707
21	6	636	271	0.4293	0.107	0.071	0.021	0.002	0.004	0.031	0.239	0.034	0.081	0.041	3.473	0.920	0.049	0.012	7.599	-4023.515
21	6	363	276	0.6084	0.110	0.572	0.067	0.003	0.005	0.078	0.599	0.169	0.097	0.162	3.398	0.815	0.151	0.089	19.907	-3210.865
21	6	160	106	0.5302	0.033	0.099	0.000	0.000	0.000	0.020	0.242	0.134	0.042	0.051	2.904	0.935	0.000	0.081	6.894	-1029.875
21	6	404	249	0.6252	0.113	0.467	0.012	0.002	0.008	0.029	0.181	0.124	0.087	0.130	5.743	0.875	0.048	0.049	20.910	-2904.073
21	6	470	308	0.4773	0.125	0.183	0.019	0.007	0.000	0.028	0.440	0.090	0.174	0.107	3.133	0.838	0.101	0.050	2.186	-3621.920
21	6	451	287	0.4335	0.089	0.159	0.018	0.005	0.007	0.015	0.479	0.150	0.109	0.097	3.159	0.901	0.070	0.126	10.866	-3507.738
21	6	247	211	0.5333	0.208	0.292	0.022	0.005	0.024	0.078	0.581	0.158	0.120	0.175	3.677	0.090	0.036	0.092	1.000	-2321.120
21	6	327	188	0.5780	0.139	0.155	0.023	0.016	0.009	0.012	0.294	0.052	0.145	0.189	4.570	0.878	0.052	0.018	1.000	-2252.955
21	6	264	215	0.4654	0.195	0.274	0.060	0.004	0.008	0.042	0.468	0.183	0.111	0.186	2.651	0.508	0.071	0.092	1.333	-2329.780
21	6	302	118	0.4522	0.030	0.051	0.007	0.003	0.000	0.007	0.122	0.004	0.020	0.024	4.297	0.400	0.000	0.050	1.000	-1600.379
21	6	553	328	0.6139	0.117	0.156	0.022	0.007	0.002	0.051	0.425	0.087	0.091	0.067	4.863	0.783	0.065	0.039	1.000	-3921.988
21	6	254	220	0.5024	0.244	0.617	0.047	0.016	0.021	0.064	0.691	0.088	0.181	0.194	4.957	0.538	0.161	0.162	6.747	-2494.682
21	6	317	187	0.6536	0.061	0.303	0.035	0.004	0.003	0.088	0.434	0.067	0.049	0.038	8.719	0.839	0.067	0.028	1.565	-2185.202
21	6	200	156	0.4052	0.052	0.419	0.032	0.000	0.000	0.095	0.623	0.148	0.099	0.011	5.533	0.504	0.224	0.020	3.604	-1629.381
21	6	285	209	0.5416	0.101	0.204	0.046	0.004	0.010	0.059	0.381	0.089	0.097	0.090	3.719	0.708	0.142	0.053	4.122	-2228.509
21	6	543	311	0.6066	0.148	0.130	0.034	0.004	0.010	0.044	0.344	0.069	0.075	0.115	3.439	0.819	0.091	0.042	1.000	-3934.352
21	6	365	251	0.5397	0.091	0.220	0.018	0.003	0.008	0.028	0.254	0.128	0.100	0.107	3.874	0.770	0.105	0.109	2.355	-2776.597
21	6	306	197	0.6965	0.119	0.281	0.041	0.007	0.010	0.044	0.350	0.081	0.114	0.037	4.199	0.799	0.028	0.046	1.669	-2222.302
21	6	332	260	0.6318	0.235	0.552	0.029	0.067	0.027	0.078	0.661	0.111	0.142	0.221	5.348	0.637	0.274	0.050	3.171	-3057.807
21	6	353	233	0.5301	0.101	0.183	0.004	0.006	0.006	0.034	0.481	0.123	0.090	0.098	4.157	0.702	0.082	0.063	1.000	-2700.201
21	6	349	177	0.4617	0.039	1.064	0.030	0.000	0.006	0.003	0.153	0.017	0.013	0.022	3.409	0.685	0.198	0.017	58.838	-2220.736
21	6	738	490	0.4597	0.102	0.102	0.030	0.004	0.005	0.035	0.705	0.141	0.227	0.065	3.889	0.808	0.187	0.126	4.498	-6179.818
21	6	591	424	0.4224	0.098	0.244	0.021	0.032	0.003	0.045	0.579	0.226	0.101	0.115	3.347	0.814	0.186	0.204	1.000	-5115.579
21	6	385	290	0.5102	0.150	0.173	0.045	0.005	0.008	0.045	0.317	0.230	0.164	0.167	3.846	0.652	0.157	0.167	2.725	-3373.603
21	6	282	186	0.4547	0.190	0.127	0.029	0.007	0.000	0.020	0.581	0.080	0.085	0.194	3.002	0.762	0.050	0.063	1.000	-2116.335
21	6	197	166	0.4702	0.047	0.182	0.047	0.026	0.000	0.033	0.632	0.166	0.094	0.087	3.854	0.600	0.115	0.123	1.447	-1656.067
21	6	287	233	0.6183	0.336	0.242	0.079	0.015	0.013	0.038	0.450	0.124	0.111	0.361	3.095	0.578	0.039	0.137	1.598	-2626.844
21	6	269	220	0.5228	0.214	0.238	0.016	0.015	0.011	0.039	0.366	0.116	0.143	0.159	4.419	0.427	0.121	0.147	1.600	-2302.403
21	6	244	169	0.6865	0.097	0.177	0.011	0.028	0.004	0.026	0.565	0.006	0.217	0.111	5.206	0.679	0.036	0.038	1.000	-1762.991
21	6	953	592	0.4083	0.118	0.215	0.021	0.016	0.012	0.023	0.341	0.122	0.192	0.139	3.902	0.636	0.312	0.081	6.173	-7834.620
21	6	302	182	0.6663	0.113	0.274	0.040	0.014	0.010	0.040	0.236	0.074	0.066	0.112	4.244	0.904	0.038	0.094	4.387	-2165.753
21	6	312	243	0.4386	0.143	0.327	0.016	0.006	0.007	0.076	0.537	0.172	0.146	0.153	4.061	0.453	0.454	0.022	16.064	-2825.652
21	6	319	198	0.4685	0.082	0.090	0.017	0.016	0.010	0.017	0.299	0.075	0.188	0.095	3.278	0.811	0.043	0.013	1.637	-2222.633
21	6	616	256	0.4644	0.027	0.084	0.013	0.000	0.008	0.013	0.189	0.046	0.035	0.053	5.416	0.919	0.026	0.046	6.312	-3642.458
21	6	429	326	0.4064	0.303	0.234	0.036	0.005	0.010	0.031	0.509	0.133	0.143	0.307	3.609	0.739	0.132	0.134	3.300	-3861.821
21	6	548	265	0.4087	0.031	0.088	0.009	0.000	0.009	0.025	0.205	0.110	0.061	0.112	2.876	0.847	0.034	0.044	1.311	-3544.303
21	6	315	208	0.7416	0.124	0.494	0.055	0.029	0.007	0.077	0.297	0.149	0.171	0.161	5.835	0.872	0.089	0.071	11.159	-2502.755
21	6	491	283	0.5058	0.085	0.190	0.033	0.013	0.002	0.043	0.227	0.060	0.126	0.065	3.824	0.828	0.144	0.062	5.915	-3583.145
21	6	654	250	0.4260	0.019	0.099	0.009	0.002	0.000	0.021	0.144	0.061	0.126	0.042	2.580	0.897	0.051	0.009	2.943	-3893.278
21	6	481	186	0.4693	0.043	0.054	0.011	0.002	0.000	0.011	0.140	0.057	0.036	0.038	2.107	0.903	0.033	0.016	3.384	-2767.411
21	6	341	264	0.5406	0.184	0.284	0.030	0.014	0.013	0.064	0.420	0.135	0.082	0.205	3.259	0.608	0.080	0.105	1.000	-2956.079
21	6	144	113	0.5251	0.110	0.523	0.048	0.000	0.021	0.071	0.128	0.055	0.180	0.165	4.344	0.620	0.299	0.066	12.779	-1182.886
21	6	137	125	0.4736	0.453	0.167	0.014	0.015	0.000	0.016	0.852	0.098	0.196	0.159	3.587	0.000	0.000	0.118	999.000	-1259.889
21	6	987	539	0.4997	0.195	0.188	0.030	0.005	0.007	0.043	0.428	0.113	0.090	0.165	2.263	0.910	0.081	0.071	1.000	-7806.518
21	6	150	116	0.4557	0.128	0.148	0.035	0.021	0.000	0.000	0.291	0.137	0.073	0.063	12.476	0.000	0.000	0.097	1.165	-1050.415
21	6	252	173	0.3988	0.109	0.244	0.022	0.004	0.000	0.027	0.296	0.032	0.049	0.115	4.700	0.851	0.040	0.151	3.268	-1806.278
21	6	579	371	0.4636	0.096	0.257	0.027	0.006	0.010	0.022	0.313	0.113	0.115	0.095	3.172	0.788	0.172	0.076	7.514	-4454.777
21	6	254	186	0.4530	0.130	0.211	0.037	0.008	0.004	0.017	0.381	0.139	0.166	0.040	2.912	0.845	0.063	0.081	1.000	-1985.523
21	6	1442	639	0.5164	0.064	0.145	0.026	0.009	0.007	0.033	0.341	0.115	0.102	0.116	3.031	0.873	0.068	0.065	2.294	-10563.603
21	6	175	148	0.3845	0.181	0.630	0.043	0.006	0.006	0.068	0.542	0.123	0.246	0.159	4.954	0.383	0.282	0.137	4.102	-1606.245
21	6	226	149	0.4830	0.042	0.223	0.010	0.000	0.000	0.013	0.134	0.138	0.080	0.099	4.515	0.674	0.054	0.000	1.487	-1495.980
21	6	378	290	0.6445	0.219	0.611	0.064	0.013	0.032	0.110	0.842	0.100	0.155	0.223	6.547	0.852	0.089	0.074	1.907	-3445.326
21	6	187	163	0.4813	0.000	40.885	0.000	0.011	0.023	0.074	0.239	0.177	0.064	0.316	4.441	0.573	0.159	0.061	407.766	-1727.753
21	6	202	149	0.5858	0.102	0.550	0.044	0.010	0.005	0.035	0.340	0.057	0.077	0.142	6.202	0.759	0.220	0.155	13.852	-1611.838
21	6	172	119	0.4948	0.122	0.049	0.029	0.006	0.012	0.014	0.350	0.071	0.139	0.096	1.912	0.677	0.045	0.045	1.991	-1217.983
21	6	148	131	0.5957	0.255	0.069	0.033	0.029	0.000	0.047	0.560	0.211	0.081	0.245	2.999	0.000	0.000	0.101	1.066	-1308.886
21	6	601	385	0.4337	0.096	0.222	0.028	0.021	0.014	0.068	0.310	0.131	0.152	0.146	3.029	0.814	0.152	0.114	6.179	-4994.642
21	6	154	128	0.4822	0.084	0.488	0.057	0.000	0.007	0.064	0.426	0.125	0.213	0.087	3.920	0.678	0.212	0.051	4.879	-1317.187
21	6	111	72	0.5791	0.014	0.128	0.000	0.000	0.000	0.009	0.081	0.017	0.027	0.108	4.389	0.888	0.000	0.111	11.862	-629.464
21	6	241	174	0.4322	0.123	0.280	0.027	0.000	0.000	0.020	0.342	0.089	0.102	0.091	3.474	0.425	0.084	0.098	1.008	-1902.475
21	6	312	245	0.5942	0.120	0.208	0.013	0.007	0.000	0.030	0.516	0.195	0.152	0.153	5.783	0.286	0.530	0.037	3.575	-2701.204
21	6	145	128	0.6276	0.798	1.817	0.009	0.036	0.003	0.124	0.305	0.085	0.078	0.848	6.674	0.553	0.246	0.046	4.132	-1386.777
21	6	312	246	0.7188	0.278	0.585	0.049	0.000	0.160	0.058	1.094	0.102	0.118	0.300	10.567	0.784	0.135	0.047	3.136	-2642.771
21	6	232	162	0.5929	0.158	0.200	0.005	0.004	0.009	0.036	0.578	0.086	0.074	0.084	2.925	0.701	0.119	0.038	1.000	-1762.170
21	6	422	256	0.5791	0.106	0.309	0.035	0.002	0.003	0.049	0.302	0.041	0.071	0.155	4.951	0.883	0.067	0.031	5.166	-2980.270
