1	6	435	272	0.5123	0.128	0.139	0.034	0.009	0.002	0.061	0.300	0.079	0.106	0.095	4.453	0.705	0.281	0.048	12.859	-3340.937
21	6	236	132	0.4400	0.053	0.050	0.044	0.005	0.000	0.033	0.190	0.046	0.100	0.012	2.468	0.848	0.047	0.027	1.000	-1466.259
21	6	286	176	0.4578	0.174	0.177	0.006	0.004	0.004	0.019	0.484	0.027	0.042	0.152	1.999	0.922	0.078	0.019	1.000	-1884.759
21	6	866	334	0.5401	0.110	0.065	0.019	0.001	0.004	0.029	0.167	0.038	0.051	0.081	4.328	0.927	0.073	0.011	1.000	-5303.007
21	6	273	188	0.4225	0.129	0.105	0.029	0.008	0.000	0.029	0.451	0.133	0.175	0.092	4.438	0.747	0.126	0.063	1.000	-2114.652
21	6	306	258	0.6316	0.196	0.232	0.044	0.027	0.011	0.074	0.567	0.164	0.166	0.249	4.181	0.792	0.144	0.196	6.551	-2907.025
21	6	787	383	0.4543	0.028	0.056	0.009	0.005	0.003	0.021	0.350	0.086	0.105	0.094	3.512	0.831	0.057	0.102	1.000	-5415.477
21	6	695	338	0.4812	0.000	0.111	0.008	0.004	0.005	0.020	0.394	0.110	0.099	0.128	3.480	0.959	0.041	0.038	1.000	-4765.953
21	6	878	542	0.3816	0.147	0.142	0.028	0.009	0.004	0.052	0.689	0.127	0.173	0.130	3.416	0.499	0.287	0.105	1.000	-7603.036
21	6	335	251	0.4618	0.198	0.265	0.031	0.009	0.013	0.067	0.279	0.272	0.012	0.135	2.883	0.631	0.253	0.073	2.274	-2678.146
21	6	330	182	0.4408	0.028	0.070	0.003	0.016	0.003	0.040	0.395	0.052	0.094	0.099	2.919	0.937	0.063	0.045	1.000	-2209.796
21	6	318	150	0.4160	0.042	0.057	0.001	0.007	0.003	0.013	0.123	0.111	0.033	0.032	3.376	0.965	0.000	0.062	5.956	-1843.094
21	6	1543	608	0.5598	0.109	0.118	0.026	0.008	0.005	0.030	0.282	0.067	0.083	0.092	3.218	0.973	0.027	0.027	1.000	-10297.659
21	6	467	233	0.6109	0.072	0.063	0.019	0.013	0.003	0.041	0.289	0.070	0.072	0.065	5.749	0.971	0.029	0.059	1.000	-3047.322
21	6	305	235	0.4106	0.131	0.265	0.042	0.013	0.030	0.023	0.474	0.072	0.145	0.141	3.380	0.793	0.143	0.086	3.067	-2520.952
21	6	294	177	0.5533	0.115	0.149	0.040	0.007	0.004	0.017	0.224	0.116	0.058	0.051	2.546	0.872	0.018	0.080	1.000	-2069.379
21	6	465	341	0.3948	0.203	0.153	0.053	0.004	0.013	0.013	0.773	0.229	0.177	0.136	2.733	0.500	0.353	0.088	1.240	-4197.166
21	6	300	183	0.5733	0.105	0.058	0.031	0.020	0.000	0.028	0.321	0.117	0.070	0.085	3.978	0.908	0.092	0.078	1.000	-2144.457
21	6	186	152	0.5398	0.183	0.219	0.112	0.019	0.009	0.099	0.773	0.022	0.180	0.184	5.466	0.826	0.174	0.082	1.000	-1606.250
21	6	509	317	0.6370	0.161	0.234	0.046	0.009	0.006	0.037	0.306	0.071	0.078	0.154	4.488	0.863	0.119	0.091	15.849	-3840.931
21	6	173	129	0.4468	0.035	0.030	0.037	0.006	0.000	0.036	0.551	0.209	0.000	0.132	2.862	0.872	0.052	0.055	1.062	-1212.863
21	6	474	289	0.5564	0.031	0.085	0.034	0.009	0.004	0.033	0.340	0.175	0.130	0.075	3.573	0.831	0.169	0.113	1.000	-3573.731
21	6	381	244	0.4927	0.124	0.112	0.015	0.013	0.008	0.033	0.337	0.050	0.102	0.111	3.517	0.744	0.107	0.080	1.000	-2813.633
21	6	448	259	0.4669	0.072	0.074	0.022	0.002	0.002	0.022	0.424	0.156	0.098	0.116	3.162	0.965	0.035	0.052	1.000	-3179.887
21	6	798	325	0.5244	0.068	0.102	0.014	0.002	0.004	0.030	0.211	0.089	0.051	0.065	3.667	0.973	0.027	0.042	1.000	-4802.895
21	6	200	112	0.5606	0.024	0.166	0.003	0.000	0.000	0.036	0.307	0.067	0.106	0.080	4.600	0.812	0.065	0.000	1.000	-1214.179
21	6	401	276	0.6433	0.161	0.144	0.037	0.011	0.023	0.099	0.393	0.178	0.116	0.215	4.501	0.880	0.120	0.076	1.000	-3330.310
21	6	940	577	0.4546	0.144	0.138	0.031	0.008	0.008	0.039	0.602	0.131	0.113	0.145	3.510	0.784	0.112	0.094	1.506	-7774.705
21	6	308	175	0.4340	0.047	0.052	0.018	0.000	0.010	0.019	0.320	0.014	0.189	0.046	4.783	0.699	0.130	0.033	1.000	-2066.403
21	6	317	180	0.4301	0.059	0.107	0.012	0.006	0.003	0.017	0.266	0.103	0.054	0.012	1.958	0.996	0.004	0.067	1.000	-2034.698
21	6	371	180	0.5400	0.041	0.049	0.010	0.006	0.003	0.032	0.229	0.031	0.050	0.080	3.793	0.859	0.010	0.045	1.000	-2276.586
21	6	972	440	0.4197	0.076	0.083	0.023	0.010	0.004	0.033	0.307	0.086	0.048	0.110	4.108	0.783	0.139	0.082	1.779	-6784.041
21	6	385	239	0.4411	0.128	0.091	0.026	0.004	0.007	0.040	0.690	0.095	0.161	0.000	3.961	0.903	0.097	0.055	1.000	-2856.531
21	6	562	309	0.4238	0.117	0.072	0.028	0.005	0.004	0.028	0.219	0.097	0.120	0.128	3.207	0.859	0.115	0.064	1.000	-4002.916
21	6	439	328	0.5207	0.194	0.178	0.045	0.019	0.009	0.070	0.700	0.165	0.145	0.153	3.305	0.449	0.449	0.026	5.347	-4167.140
21	6	144	60	0.6497	0.000	0.007	0.022	0.000	0.000	0.007	0.036	0.043	0.006	0.000	9.924	1.000	0.000	0.218	1.000	-659.968
21	6	476	314	0.6093	0.220	0.306	0.092	0.026	0.001	0.056	0.714	0.098	0.147	0.268	7.583	0.900	0.099	0.043	1.000	-3871.925
21	6	344	176	0.4226	0.069	0.062	0.039	0.012	0.000	0.029	0.213	0.055	0.130	0.054	3.066	0.816	0.184	0.053	1.000	-2310.978
21	6	220	144	0.5999	0.121	0.090	0.042	0.000	0.005	0.020	0.224	0.021	0.108	0.134	5.073	0.452	0.063	0.092	1.000	-1521.096
21	6	2057	662	0.5129	0.118	0.123	0.021	0.006	0.007	0.029	0.219	0.085	0.093	0.143	2.100	0.992	0.008	0.009	1.000	-13142.248
21	6	316	268	0.4032	0.198	0.315	0.042	0.010	0.010	0.052	0.619	0.181	0.167	0.217	3.267	0.434	0.293	0.115	1.228	-3050.789
21	6	256	182	0.5432	0.482	0.110	0.011	0.008	0.000	0.070	0.521	0.161	0.030	0.000	3.629	0.776	0.213	0.080	9.506	-2104.834
21	6	309	218	0.5255	0.253	0.129	0.024	0.010	0.003	0.048	0.313	0.073	0.074	0.185	3.153	0.907	0.093	0.084	1.000	-2378.319
21	6	206	174	0.5677	0.318	0.355	0.011	0.025	0.000	0.051	0.762	0.124	0.174	0.300	4.489	0.853	0.030	0.120	8.031	-1811.167
21	6	578	431	0.5313	0.169	0.294	0.054	0.009	0.024	0.083	0.525	0.161	0.165	0.212	3.648	0.731	0.098	0.132	1.232	-5411.132
21	6	115	101	0.6768	0.589	1.379	0.120	0.000	0.009	0.000	0.534	0.000	0.199	0.634	9.606	0.386	0.426	0.044	3.637	-1071.759
21	6	252	234	0.6078	0.490	0.499	0.088	0.018	0.016	0.073	0.738	0.093	0.251	0.507	5.399	0.413	0.361	0.205	2.598	-2553.971
21	6	949	393	0.5709	0.139	0.167	0.024	0.011	0.010	0.026	0.224	0.087	0.070	0.129	3.068	0.956	0.029	0.023	1.317	-6335.738
21	6	209	167	0.5963	0.110	0.079	0.000	0.029	0.005	0.117	0.511	0.051	0.131	0.124	3.618	0.872	0.065	0.174	1.000	-1692.255
21	6	449	278	0.6382	0.153	0.113	0.019	0.009	0.020	0.069	0.540	0.080	0.095	0.118	3.284	0.865	0.042	0.042	2.003	-3355.902
21	6	626	338	0.6499	0.128	0.226	0.048	0.003	0.018	0.056	0.253	0.040	0.058	0.121	5.158	0.914	0.046	0.039	1.000	-4368.490
21	6	732	411	0.4559	0.112	0.114	0.024	0.008	0.006	0.012	0.335	0.129	0.162	0.097	3.745	0.863	0.133	0.069	11.244	-5466.719
21	6	181	124	0.6065	0.284	0.005	0.000	0.000	0.005	0.063	0.427	0.048	0.063	0.292	4.730	0.861	0.139	0.054	1.000	-1321.322
21	6	1027	416	0.5485	0.048	0.111	0.018	0.009	0.002	0.032	0.240	0.059	0.071	0.090	3.105	0.970	0.030	0.031	1.000	-6667.164
21	6	159	115	0.4410	0.082	0.065	0.013	0.013	0.000	0.013	0.206	0.029	0.095	0.094	3.451	0.940	0.060	0.111	1.000	-1045.461
21	6	314	167	0.4338	0.212	0.029	0.002	0.000	0.003	0.015	0.196	0.041	0.116	0.109	3.937	0.975	0.025	0.025	1.000	-1958.408
21	6	174	135	0.4220	0.126	0.048	0.030	0.006	0.000	0.050	0.375	0.046	0.198	0.074	3.101	0.652	0.135	0.175	1.608	-1307.490
21	6	310	234	0.4330	0.155	0.181	0.036	0.012	0.024	0.050	0.404	0.138	0.198	0.080	3.861	0.663	0.315	0.170	8.871	-2691.119
21	6	445	308	0.5873	0.186	0.163	0.024	0.002	0.010	0.064	0.321	0.107	0.069	0.147	6.124	0.650	0.204	0.132	1.000	-3516.236
21	6	191	135	0.6245	0.161	0.047	0.033	0.000	0.027	0.076	0.291	0.112	0.074	0.216	5.407	0.866	0.134	0.067	1.000	-1428.738
21	6	305	233	0.5590	0.214	0.271	0.042	0.017	0.014	0.050	0.466	0.073	0.130	0.225	3.699	0.775	0.192	0.066	1.000	-2602.507
21	6	602	306	0.6471	0.147	0.128	0.014	0.006	0.009	0.081	0.288	0.088	0.098	0.159	5.598	0.909	0.091	0.045	1.000	-4257.638
21	6	212	182	0.4777	0.115	0.188	0.060	0.015	0.035	0.113	0.480	0.179	0.129	0.156	3.289	0.591	0.205	0.237	2.996	-1972.566
21	6	276	175	0.7054	0.202	0.062	0.036	0.000	0.007	0.077	0.328	0.089	0.007	0.238	4.842	0.885	0.039	0.069	1.000	-1933.971
21	6	291	207	0.6605	0.193	0.172	0.008	0.007	0.022	0.090	0.371	0.061	0.107	0.197	5.480	0.873	0.051	0.096	4.004	-2269.435
21	6	364	260	0.6292	0.154	0.173	0.016	0.015	0.012	0.061	0.415	0.101	0.115	0.214	6.304	0.522	0.390	0.024	9.777	-2942.613
21	6	407	251	0.4707	0.091	0.064	0.021	0.002	0.008	0.032	0.231	0.106	0.093	0.076	2.969	0.966	0.034	0.073	1.000	-2763.963
21	6	485	222	0.4574	0.039	0.056	0.004	0.011	0.002	0.039	0.202	0.067	0.056	0.062	2.938	0.924	0.037	0.024	1.000	-2985.967
21	6	946	514	0.5855	0.111	0.145	0.040	0.010	0.022	0.058	0.362	0.112	0.099	0.130	5.238	0.920	0.063	0.061	3.162	-7171.640
21	6	173	165	0.4762	0.278	0.605	0.009	0.000	0.012	0.039	0.677	0.583	0.273	0.321	3.188	0.180	0.589	0.000	12.808	-1959.010
21	6	254	110	0.3869	0.015	0.022	0.018	0.000	0.009	0.000	0.125	0.055	0.030	0.058	1.488	0.961	0.039	0.004	1.000	-1351.794
21	6	274	152	0.5462	0.125	0.083	0.013	0.003	0.015	0.051	0.190	0.046	0.076	0.000	3.559	0.964	0.036	0.023	1.000	-1738.182
21	6	282	199	0.5445	0.141	0.157	0.042	0.006	0.028	0.081	0.401	0.122	0.125	0.168	4.420	0.927	0.060	0.057	39.211	-2209.225
21	6	311	212	0.4185	0.109	0.065	0.026	0.000	0.000	0.046	0.564	0.144	0.085	0.091	3.708	0.940	0.060	0.091	1.000	-2337.022
21	6	232	180	0.5060	0.163	0.102	0.028	0.000	0.004	0.046	0.515	0.156	0.114	0.176	2.468	0.810	0.109	0.056	13.477	-1834.824
21	6	428	242	0.4567	0.071	0.057	0.018	0.000	0.002	0.021	0.490	0.071	0.159	0.109	3.669	0.956	0.044	0.029	1.000	-2901.491
21	6	399	275	0.4113	0.114	0.109	0.022	0.007	0.006	0.028	0.531	0.144	0.146	0.136	2.973	0.619	0.118	0.135	1.375	-3246.964
21	6	1133	459	0.5321	0.145	0.062	0.015	0.003	0.000	0.027	0.280	0.060	0.074	0.002	2.694	0.973	0.027	0.063	1.000	-7376.442
21	6	612	249	0.4153	0.043	0.060	0.016	0.000	0.000	0.025	0.445	0.086	0.076	0.040	2.842	0.936	0.017	0.015	1.000	-3764.859
21	6	422	200	0.4635	0.026	0.051	0.020	0.000	0.000	0.000	0.161	0.077	0.238	0.071	4.063	0.942	0.009	0.026	1.000	-2586.861
21	6	347	158	0.5040	0.005	0.089	0.018	0.000	0.012	0.009	0.138	0.048	0.067	0.077	3.032	0.958	0.009	0.024	1.000	-2028.081
21	6	433	267	0.5799	0.101	0.150	0.025	0.007	0.005	0.047	0.312	0.065	0.094	0.121	4.607	0.892	0.097	0.067	4.113	-3121.301
21	6	520	299	0.5874	0.106	0.190	0.036	0.002	0.006	0.052	0.406	0.100	0.122	0.086	3.279	0.863	0.137	0.055	1.000	-3914.023
21	6	291	177	0.6242	0.125	0.060	0.013	0.018	0.012	0.064	0.413	0.089	0.120	0.077	5.813	0.981	0.019	0.035	1.000	-1993.602
21	6	197	157	0.6161	0.165	0.182	0.029	0.021	0.026	0.097	0.405	0.114	0.200	0.149	3.487	0.650	0.232	0.105	1.000	-1765.616
21	6	313	213	0.6574	0.229	0.106	0.015	0.015	0.024	0.099	0.452	0.099	0.063	0.221	4.384	0.975	0.025	0.050	1.000	-2371.354
21	6	370	230	0.4497	0.162	0.078	0.014	0.005	0.000	0.039	0.347	0.158	0.050	0.130	2.431	0.960	0.021	0.096	10.589	-2764.391
21	6	257	205	0.5660	0.228	0.251	0.026	0.000	0.004	0.051	0.514	0.069	0.128	0.246	3.342	0.731	0.163	0.135	5.470	-2269.926
21	6	377	220	0.4630	0.032	0.017	0.023	0.006	0.011	0.031	0.239	0.160	0.049	0.117	2.612	0.994	0.006	0.076	1.000	-2507.557
21	6	308	232	0.4022	0.000	0.077	0.030	0.007	0.010	0.058	0.508	0.149	0.111	0.400	2.890	0.576	0.134	0.115	1.000	-2622.080
21	6	788	530	0.4890	0.329	0.198	0.050	0.008	0.015	0.090	0.422	0.078	0.086	0.500	3.947	0.834	0.162	0.137	1.000	-7133.660
21	6	377	260	0.5288	0.147	0.158	0.023	0.001	0.010	0.083	0.542	0.104	0.121	0.126	4.197	0.780	0.084	0.067	1.000	-3050.415
21	6	253	181	0.4999	0.218	0.090	0.044	0.000	0.021	0.054	0.367	0.105	0.076	0.187	3.693	0.953	0.047	0.055	1.000	-1872.521
21	6	482	386	0.5678	0.277	0.317	0.061	0.011	0.009	0.100	0.802	0.138	0.168	0.232	3.542	0.587	0.252	0.092	1.614	-4759.355
21	6	803	368	0.4236	0.059	0.057	0.019	0.007	0.004	0.031	0.270	0.103	0.158	0.038	3.638	0.908	0.084	0.032	1.000	-5427.668
21	6	1144	444	0.4593	0.048	0.072	0.011	0.003	0.003	0.023	0.250	0.098	0.092	0.085	3.215	0.940	0.060	0.042	1.000	-7479.097
21	6	317	202	0.4038	0.104	0.058	0.019	0.004	0.003	0.031	0.384	0.108	0.107	0.070	3.379	0.738	0.100	0.080	1.591	-2276.655
21	6	350	214	0.5259	0.168	0.195	0.016	0.009	0.008	0.046	0.180	0.134	0.053	0.137	2.375	0.972	0.028	0.017	1.000	-2402.835
21	6	380	252	0.6021	0.203	0.190	0.056	0.011	0.000	0.052	0.531	0.083	0.179	0.197	3.264	0.896	0.094	0.051	3.385	-3082.372
21	6	140	128	0.4659	0.142	0.324	0.057	0.028	0.015	0.027	0.534	0.226	0.197	0.180	2.708	0.378	0.238	0.248	2.195	-1387.223
21	6	144	137	0.4439	0.170	0.512	0.045	0.007	0.006	0.136	0.847	0.328	0.060	0.184	4.828	0.553	0.202	0.188	4.397	-1433.865
21	6	1072	513	0.6192	0.154	0.153	0.033	0.004	0.006	0.034	0.315	0.058	0.084	0.155	4.103	0.932	0.044	0.051	6.140	-7654.940
21	6	728	470	0.4238	0.179	0.102	0.014	0.003	0.006	0.042	0.444	0.145	0.195	0.000	3.778	0.709	0.291	0.142	1.000	-5756.146
21	6	270	148	0.4734	0.023	0.089	0.019	0.004	0.004	0.013	0.271	0.067	0.016	0.056	1.467	0.897	0.010	0.059	3.058	-1687.051
21	6	360	168	0.4108	0.048	0.061	0.025	0.005	0.006	0.008	0.230	0.043	0.077	0.034	4.366	0.965	0.035	0.025	1.000	-2154.485
21	6	843	464	0.4315	0.084	0.138	0.022	0.003	0.005	0.045	0.355	0.142	0.110	0.120	4.544	0.817	0.116	0.106	1.000	-6471.092
21	6	413	193	0.6338	0.107	0.084	0.009	0.000	0.003	0.048	0.163	0.066	0.033	0.086	5.004	0.994	0.006	0.028	1.000	-2459.324
21	6	454	256	0.6042	0.079	0.200	0.016	0.004	0.007	0.029	0.225	0.076	0.077	0.159	3.501	0.929	0.000	0.038	8.612	-3070.978
21	6	411	325	0.4233	0.228	0.138	0.025	0.007	0.011	0.072	0.605	0.147	0.134	0.249	3.106	0.726	0.264	0.173	14.606	-3711.890
21	6	1514	501	0.6434	0.086	0.074	0.016	0.008	0.007	0.034	0.265	0.087	0.049	0.059	3.553	0.820	0.154	0.005	1.000	-9529.295
21	6	709	415	0.5268	0.214	0.111	0.037	0.007	0.012	0.046	0.319	0.068	0.146	0.128	3.591	0.820	0.120	0.103	1.000	-5600.838
21	6	783	460	0.4935	0.147	0.169	0.039	0.005	0.014	0.031	0.386	0.115	0.111	0.148	2.802	0.787	0.107	0.067	1.050	-6243.444
21	6	297	265	0.4360	0.276	0.365	0.064	0.017	0.021	0.088	0.490	0.087	0.315	0.235	3.048	0.383	0.289	0.210	2.443	-3087.166
21	6	545	192	0.5566	0.032	0.040	0.008	0.010	0.010	0.016	0.178	0.016	0.054	0.034	3.014	0.983	0.017	0.026	1.000	-3020.268
21	6	183	119	0.5549	0.071	0.131	0.023	0.016	0.018	0.025	0.156	0.030	0.015	0.137	5.271	0.766	0.075	0.013	1.123	-1171.527
21	6	1075	543	0.4644	0.113	0.120	0.021	0.007	0.006	0.034	0.259	0.090	0.107	0.125	3.053	0.931	0.048	0.080	2.970	-7800.543
21	6	585	405	0.5091	0.181	0.208	0.043	0.009	0.002	0.060	0.379	0.166	0.114	0.222	2.910	0.646	0.222	0.090	1.000	-5144.387
21	6	219	162	0.6700	0.200	0.172	0.028	0.009	0.030	0.049	0.574	0.085	0.106	0.232	6.257	0.630	0.085	0.091	3.125	-1812.593
21	6	640	344	0.5232	0.132	0.161	0.031	0.003	0.010	0.027	0.292	0.108	0.093	0.181	3.126	0.919	0.067	0.041	4.838	-4665.570
21	6	450	273	0.5524	0.122	0.143	0.035	0.016	0.009	0.036	0.327	0.024	0.180	0.095	6.278	0.871	0.107	0.042	2.704	-3288.107
21	6	151	132	0.5915	0.157	0.134	0.044	0.000	0.007	0.116	0.550	0.088	0.211	0.106	5.623	0.000	0.000	0.106	4.632	-1314.660
21	6	416	257	0.5944	0.271	0.328	0.015	0.023	0.012	0.101	0.262	0.121	0.050	0.175	5.739	0.976	0.024	0.038	1.000	-3098.025
21	6	635	319	0.4837	0.075	0.094	0.024	0.008	0.012	0.036	0.223	0.063	0.104	0.093	4.021	0.939	0.036	0.040	1.000	-4241.839
21	6	1238	426	0.5333	0.076	0.079	0.016	0.005	0.006	0.027	0.224	0.058	0.075	0.074	2.676	0.961	0.010	0.007	1.000	-7524.861
21	6	316	191	0.4331	0.103	0.098	0.006	0.000	0.003	0.034	0.309	0.100	0.098	0.079	2.582	0.573	0.082	0.059	1.000	-2252.789
21	6	2047	1129	0.5141	0.192	0.213	0.058	0.008	0.010	0.076	0.481	0.127	0.115	0.193	2.861	0.896	0.104	0.080	1.000	-17502.925
21	6	147	108	0.5608	0.055	0.031	0.040	0.014	0.007	0.037	0.406	0.072	0.006	0.129	2.689	0.888	0.112	0.105	1.000	-1052.226
21	6	654	363	0.4665	0.127	0.128	0.040	0.009	0.004	0.017	0.366	0.085	0.126	0.132	2.643	0.772	0.097	0.036	2.257	-4948.071
21	6	291	256	0.4535	0.260	0.294	0.037	0.003	0.007	0.102	0.545	0.195	0.110	0.277	3.902	0.544	0.262	0.173	2.886	-2839.048
21	6	456	245	0.4582	0.030	0.105	0.029	0.009	0.005	0.032	0.251	0.130	0.045	0.104	3.087	0.850	0.121	0.032	1.000	-3129.685
21	6	907	424	0.6161	0.274	0.113	0.041	0.002	0.008	0.080	0.268	0.080	0.123	0.246	5.197	0.967	0.033	0.028	1.000	-6259.594
21	6	299	270	0.4737	0.197	0.300	0.031	0.005	0.019	0.098	0.714	0.166	0.178	0.189	3.652	0.434	0.230	0.377	2.353	-3003.036
21	6	276	176	0.6114	0.133	0.158	0.043	0.043	0.023	0.133	0.365	0.079	0.136	0.165	3.346	0.856	0.119	0.078	1.000	-2248.334
21	6	834	417	0.6280	0.135	0.131	0.029	0.013	0.012	0.047	0.394	0.092	0.099	0.086	4.765	0.954	0.042	0.027	6.590	-5820.036
21	6	448	323	0.4822	0.195	0.088	0.049	0.006	0.014	0.033	0.469	0.129	0.185	0.224	3.097	0.650	0.153	0.124	1.000	-3922.686
21	6	299	197	0.4790	0.117	0.135	0.056	0.007	0.004	0.047	0.346	0.148	0.027	0.149	4.301	0.856	0.068	0.049	1.000	-2154.480
21	6	759	314	0.4607	0.103	0.052	0.011	0.006	0.008	0.027	0.332	0.152	0.068	0.016	4.057	0.995	0.005	0.024	1.000	-4872.380
21	6	547	287	0.3907	0.101	0.127	0.030	0.002	0.004	0.020	0.356	0.121	0.024	0.088	3.392	0.913	0.077	0.080	3.239	-3584.905
21	6	1534	838	0.4919	0.186	0.216	0.030	0.010	0.009	0.030	0.417	0.123	0.139	0.242	3.358	0.910	0.090	0.088	1.000	-12589.121
21	6	156	116	0.5526	0.239	0.118	0.009	0.000	0.000	0.033	0.276	0.109	0.034	0.215	2.785	0.870	0.115	0.076	16.070	-1145.347
21	6	443	265	0.4013	0.179	0.132	0.023	0.002	0.002	0.042	0.361	0.054	0.070	0.199	4.033	0.765	0.131	0.152	1.000	-3356.166
21	6	245	133	0.5838	0.118	0.045	0.040	0.004	0.000	0.025	0.173	0.062	0.040	0.059	4.582	1.000	0.000	0.063	1.000	-1499.712
21	6	421	243	0.4292	0.103	0.095	0.012	0.005	0.002	0.025	0.185	0.119	0.114	0.096	3.425	0.851	0.121	0.069	4.003	-2953.106
21	6	382	234	0.6262	0.144	0.195	0.033	0.003	0.008	0.045	0.233	0.089	0.067	0.198	3.502	0.857	0.120	0.066	14.824	-2794.082
21	6	277	225	0.6852	0.317	0.103	0.044	0.018	0.026	0.122	0.955	0.220	0.097	0.291	3.290	0.571	0.248	0.107	1.000	-2674.985
21	6	458	166	0.5119	0.051	0.041	0.005	0.000	0.000	0.013	0.124	0.051	0.027	0.003	1.935	1.000	0.000	0.052	1.000	-2487.605
21	6	901	524	0.3982	0.131	0.132	0.015	0.017	0.011	0.044	0.489	0.106	0.077	0.069	3.801	0.677	0.198	0.080	1.116	-6935.802
21	6	524	289	0.5277	0.102	0.086	0.039	0.008	0.008	0.047	0.415	0.091	0.116	0.155	3.311	0.860	0.060	0.037	1.000	-3801.578
21	6	158	138	0.6397	0.388	0.181	0.050	0.012	0.007	0.076	0.625	0.131	0.058	0.437	4.311	0.754	0.100	0.140	1.000	-1397.569
21	6	1117	612	0.4213	0.099	0.109	0.028	0.005	0.009	0.036	0.411	0.176	0.179	0.072	3.571	0.718	0.217	0.085	1.000	-8911.291
21	6	540	281	0.6095	0.088	0.104	0.015	0.006	0.004	0.045	0.307	0.081	0.088	0.018	4.724	0.978	0.022	0.048	1.000	-3560.372
21	6	353	195	0.4967	0.096	0.057	0.019	0.006	0.005	0.054	0.280	0.089	0.088	0.079	2.321	0.624	0.067	0.051	1.000	-2455.633
21	6	314	191	0.6279	0.105	0.099	0.031	0.010	0.003	0.071	0.306	0.063	0.093	0.178	5.567	0.927	0.051	0.067	6.815	-2240.724
21	6	709	353	0.4818	0.093	0.084	0.005	0.002	0.007	0.040	0.174	0.114	0.060	0.093	3.219	0.956	0.044	0.038	1.000	-4631.718
21	6	368	164	0.5557	0.098	0.015	0.005	0.008	0.003	0.020	0.146	0.041	0.049	0.077	6.333	0.978	0.022	0.024	1.000	-2112.663
21	6	466	356	0.4674	0.179	0.178	0.039	0.013	0.009	0.042	0.666	0.208	0.149	0.191	3.178	0.756	0.185	0.128	10.815	-4267.856
21	6	545	310	0.6925	0.294	0.118	0.020	0.004	0.015	0.116	0.494	0.061	0.151	0.000	5.813	0.957	0.043	0.034	1.000	-3995.794
21	6	344	232	0.6161	0.159	0.138	0.045	0.020	0.003	0.071	0.311	0.038	0.124	0.217	4.213	0.882	0.118	0.071	1.000	-2628.984
21	6	809	569	0.6108	0.274	0.239	0.060	0.022	0.006	0.072	0.716	0.159	0.140	0.246	5.014	0.746	0.230	0.072	1.000	-6967.059
21	6	560	314	0.5860	0.099	0.193	0.034	0.004	0.007	0.048	0.250	0.075	0.070	0.152	4.007	0.821	0.066	0.034	1.022	-4019.271
21	6	441	232	0.4679	0.050	0.075	0.014	0.003	0.007	0.060	0.231	0.038	0.087	0.059	3.242	0.974	0.026	0.029	1.000	-2780.827
21	6	889	356	0.5774	0.063	0.080	0.022	0.006	0.003	0.025	0.189	0.076	0.073	0.128	3.339	0.972	0.027	0.019	1.000	-5580.999
21	6	283	192	0.5803	0.083	0.139	0.060	0.003	0.011	0.075	0.344	0.058	0.073	0.097	5.068	0.611	0.110	0.077	1.000	-2151.568
21	6	321	180	0.4323	0.093	0.089	0.041	0.003	0.003	0.011	0.224	0.064	0.116	0.072	2.476	0.922	0.027	0.035	1.000	-2127.325
21	6	1141	538	0.4606	0.146	0.128	0.033	0.004	0.007	0.024	0.312	0.075	0.094	0.104	2.717	0.950	0.050	0.056	1.000	-8254.245
21	6	253	124	0.7216	0.069	0.077	0.004	0.000	0.004	0.077	0.267	0.011	0.098	0.055	8.260	0.952	0.048	0.041	1.000	-1510.470
21	6	778	363	0.4772	0.029	0.113	0.015	0.004	0.004	0.045	0.261	0.133	0.080	0.043	2.478	0.832	0.030	0.073	1.000	-5345.434
21	6	920	406	0.5497	0.089	0.044	0.016	0.007	0.005	0.035	0.264	0.067	0.096	0.083	3.233	0.976	0.015	0.032	1.000	-5959.813
21	6	334	218	0.5492	0.161	0.153	0.016	0.000	0.003	0.024	0.289	0.056	0.056	0.213	2.484	0.939	0.061	0.061	1.000	-2391.651
21	6	295	199	0.4939	0.093	0.115	0.026	0.000	0.010	0.042	0.238	0.152	0.142	0.142	3.638	0.699	0.051	0.041	1.000	-2168.683
21	6	521	328	0.4681	0.129	0.199	0.008	0.016	0.000	0.063	0.452	0.108	0.115	0.116	3.222	0.810	0.086	0.096	2.016	-4187.639
21	6	398	163	0.6653	0.054	0.066	0.013	0.003	0.003	0.034	0.214	0.035	0.049	0.052	4.964	0.985	0.015	0.022	1.000	-2280.782
21	6	478	324	0.4506	0.131	0.227	0.039	0.026	0.004	0.030	0.422	0.125	0.091	0.197	2.554	0.856	0.126	0.093	6.160	-3970.435
21	6	231	122	0.5233	0.022	0.096	0.015	0.004	0.000	0.011	0.149	0.049	0.075	0.028	2.674	0.794	0.026	0.007	1.000	-1321.072
21	6	311	234	0.4699	0.162	0.110	0.061	0.007	0.003	0.038	0.481	0.116	0.085	0.157	2.503	0.719	0.163	0.137	1.000	-2594.449
21	6	373	295	0.4076	0.214	0.284	0.026	0.005	0.009	0.014	0.655	0.070	0.174	0.273	2.936	0.547	0.307	0.066	5.957	-3376.077
21	6	210	137	0.4685	0.031	0.101	0.022	0.005	0.000	0.018	0.248	0.062	0.058	0.088	4.362	0.722	0.074	0.027	4.169	-1337.348
21	6	141	120	0.5768	0.170	0.187	0.028	0.007	0.000	0.241	0.495	0.049	0.107	0.196	2.035	0.314	0.076	0.193	1.000	-1284.515
21	6	189	133	0.5481	0.169	0.104	0.026	0.000	0.000	0.028	0.352	0.046	0.037	0.192	4.390	0.913	0.087	0.078	1.000	-1290.145
21	6	419	235	0.5678	0.108	0.119	0.040	0.010	0.007	0.034	0.349	0.083	0.081	0.165	3.872	0.918	0.082	0.035	1.000	-3019.059
21	6	228	190	0.6390	0.215	0.223	0.039	0.000	0.004	0.059	0.542	0.120	0.127	0.212	3.758	0.386	0.209	0.135	1.128	-2055.785
21	6	230	149	0.4737	0.092	0.029	0.018	0.018	0.000	0.014	0.281	0.123	0.125	0.125	3.399	0.410	0.044	0.119	1.000	-1640.392
21	6	652	354	0.6232	0.159	0.071	0.022	0.008	0.011	0.033	0.379	0.125	0.117	0.179	5.055	0.953	0.025	0.048	1.000	-4744.223
21	6	358	236	0.6325	0.123	0.152	0.036	0.003	0.008	0.036	0.359	0.090	0.054	0.137	4.724	0.763	0.000	0.122	1.000	-2622.154
21	6	373	311	0.4789	0.234	0.393	0.051	0.016	0.014	0.060	0.611	0.122	0.162	0.159	2.768	0.505	0.298	0.092	2.599	-3680.332
21	6	879	456	0.5245	0.074	0.144	0.024	0.005	0.011	0.055	0.369	0.099	0.145	0.119	3.908	0.916	0.084	0.062	1.000	-6608.843
21	6	391	170	0.6490	0.072	0.091	0.023	0.003	0.003	0.028	0.187	0.033	0.066	0.059	3.828	0.930	0.002	0.024	1.000	-2267.154
21	6	429	254	0.5625	0.276	0.036	0.009	0.005	0.007	0.026	0.231	0.123	0.149	0.223	3.896	0.897	0.030	0.019	1.000	-2948.480
21	6	206	104	0.5609	0.040	0.068	0.000	0.000	0.000	0.054	0.180	0.053	0.037	0.050	5.545	0.992	0.008	0.054	1.000	-1166.833
21	6	338	239	0.5695	0.235	0.625	0.063	0.023	0.022	0.056	0.640	0.079	0.094	0.263	4.103	0.836	0.134	0.068	4.230	-2928.951
21	6	362	125	0.4738	0.024	0.018	0.018	0.003	0.003	0.009	0.042	0.016	0.040	0.017	2.146	1.000	0.000	0.054	1.000	-1828.396
21	6	844	414	0.4667	0.054	0.113	0.022	0.002	0.001	0.044	0.330	0.073	0.073	0.122	3.640	0.553	0.401	0.000	6.019	-5931.426
21	6	225	152	0.4674	0.130	0.054	0.029	0.014	0.000	0.023	0.328	0.105	0.135	0.070	3.615	0.449	0.225	0.072	1.000	-1696.157
21	6	291	200	0.5656	0.175	0.136	0.040	0.017	0.012	0.022	0.365	0.089	0.077	0.171	3.146	0.867	0.107	0.096	2.458	-2296.702
21	6	239	126	0.4609	0.022	0.080	0.013	0.000	0.004	0.000	0.197	0.057	0.087	0.018	3.285	0.904	0.013	0.029	1.000	-1386.901
21	6	618	334	0.4879	0.104	0.086	0.032	0.017	0.008	0.029	0.294	0.123	0.167	0.116	2.807	0.916	0.031	0.033	1.000	-4411.609
21	6	251	165	0.4893	0.097	0.044	0.046	0.000	0.017	0.039	0.194	0.071	0.119	0.072	3.502	0.896	0.104	0.051	1.000	-1703.596
21	6	375	206	0.4817	0.112	0.120	0.025	0.006	0.004	0.037	0.205	0.086	0.102	0.049	2.411	0.953	0.026	0.027	4.121	-2447.830
21	6	269	162	0.5247	0.089	0.098	0.022	0.008	0.004	0.034	0.220	0.049	0.141	0.099	3.929	0.953	0.047	0.032	1.000	-1773.453
21	6	1098	439	0.4458	0.068	0.124	0.013	0.004	0.006	0.031	0.154	0.066	0.065	0.106	2.802	0.914	0.064	0.028	5.208	-7116.512
21	6	219	150	0.4338	0.077	0.056	0.000	0.019	0.000	0.043	0.307	0.091	0.078	0.126	1.981	0.912	0.044	0.038	1.000	-1466.759
21	6	555	290	0.5116	0.066	0.076	0.017	0.013	0.007	0.035	0.255	0.137	0.076	0.117	3.640	0.962	0.031	0.067	13.000	-3859.625
21	6	329	230	0.5137	0.201	0.156	0.033	0.005	0.020	0.084	0.470	0.166	0.112	0.152	3.096	0.690	0.214	0.049	3.173	-2756.243
21	6	503	258	0.6219	0.085	0.098	0.039	0.005	0.005	0.018	0.430	0.043	0.059	0.093	2.555	0.977	0.023	0.024	1.000	-3258.765
21	6	140	131	0.5778	0.564	1.560	0.084	0.000	0.023	0.143	0.819	0.115	0.279	0.602	4.383	0.460	0.298	0.145	32.484	-1548.926
21	6	202	117	0.4917	0.030	0.066	0.005	0.000	0.005	0.005	0.159	0.061	0.059	0.056	2.576	0.957	0.043	0.025	1.000	-1186.946
21	6	294	209	0.5692	0.154	0.102	0.066	0.000	0.003	0.048	0.485	0.079	0.084	0.105	2.632	0.921	0.047	0.073	1.000	-2248.594
21	6	220	175	0.4510	0.122	0.125	0.027	0.006	0.009	0.066	0.496	0.175	0.057	0.178	2.060	0.840	0.073	0.142	1.000	-1850.918
21	6	296	133	0.5215	0.025	0.040	0.025	0.010	0.010	0.010	0.168	0.016	0.044	0.041	1.869	0.856	0.000	0.022	1.000	-1661.593
21	6	762	426	0.4477	0.124	0.112	0.016	0.008	0.006	0.025	0.447	0.200	0.118	0.080	4.124	0.876	0.124	0.093	1.000	-5933.856
21	6	877	528	0.5641	0.162	0.158	0.044	0.011	0.009	0.049	0.310	0.140	0.135	0.162	3.296	0.894	0.092	0.087	7.416	-7050.728
21	6	499	300	0.6036	0.065	0.129	0.033	0.009	0.000	0.026	0.410	0.091	0.072	0.075	3.235	0.961	0.039	0.035	1.000	-3430.035
21	6	367	203	0.4532	0.026	0.110	0.018	0.000	0.006	0.034	0.284	0.068	0.104	0.072	4.736	0.889	0.068	0.064	1.000	-2453.459
21	6	325	254	0.4259	0.133	0.142	0.021	0.007	0.003	0.054	0.549	0.188	0.193	0.189	3.932	0.780	0.122	0.098	3.095	-2739.684
21	6	639	296	0.5356	0.166	0.103	0.005	0.016	0.006	0.020	0.215	0.089	0.100	0.173	4.375	0.992	0.008	0.015	4.827	-4147.331
21	6	362	202	0.4675	0.100	0.105	0.017	0.003	0.003	0.066	0.250	0.109	0.110	0.078	2.240	0.986	0.014	0.052	1.000	-2484.942
21	6	375	207	0.4470	0.077	0.205	0.016	0.003	0.000	0.015	0.222	0.037	0.073	0.052	2.935	0.836	0.038	0.031	1.000	-2467.644
21	6	437	284	0.4458	0.152	0.130	0.019	0.010	0.005	0.065	0.368	0.029	0.122	0.177	3.060	0.819	0.023	0.090	1.540	-3324.439
21	6	249	145	0.3992	0.090	0.040	0.017	0.016	0.009	0.022	0.249	0.073	0.025	0.063	3.107	0.831	0.015	0.071	1.000	-1566.341
21	6	314	210	0.6309	0.101	0.195	0.070	0.014	0.009	0.093	0.477	0.091	0.148	0.081	8.825	0.971	0.029	0.078	1.000	-2406.560
21	6	412	298	0.5089	0.120	0.192	0.030	0.005	0.010	0.027	0.354	0.100	0.139	0.093	3.132	0.846	0.101	0.143	1.000	-3302.411
21	6	437	152	0.6171	0.032	0.065	0.013	0.000	0.000	0.022	0.114	0.022	0.045	0.031	3.701	1.000	0.000	0.030	1.000	-2316.927
21	6	274	214	0.4535	0.308	0.328	0.021	0.004	0.000	0.024	0.350	0.135	0.122	0.362	3.021	0.918	0.064	0.118	18.367	-2314.828
21	6	155	130	0.5658	0.138	0.207	0.010	0.007	0.000	0.131	0.450	0.066	0.169	0.123	2.757	0.663	0.325	0.139	16.062	-1356.082
21	6	486	292	0.5157	0.161	0.115	0.012	0.002	0.004	0.054	0.348	0.070	0.104	0.183	3.229	0.917	0.027	0.043	1.000	-3492.115
21	6	574	399	0.4980	0.187	0.223	0.020	0.012	0.008	0.043	0.481	0.119	0.253	0.199	3.295	0.750	0.097	0.065	1.000	-4893.817
21	6	1322	683	0.4182	0.167	0.128	0.028	0.006	0.008	0.048	0.356	0.129	0.143	0.125	3.245	0.820	0.180	0.083	1.000	-10610.593
21	6	216	172	0.5597	0.145	0.163	0.015	0.006	0.027	0.082	0.406	0.125	0.137	0.112	4.380	0.821	0.122	0.125	1.000	-1787.338
21	6	777	337	0.4518	0.038	0.057	0.006	0.004	0.011	0.021	0.203	0.086	0.070	0.098	3.257	0.949	0.051	0.053	1.000	-4942.760
21	6	568	325	0.5833	0.183	0.103	0.020	0.000	0.014	0.032	0.303	0.064	0.054	0.128	4.371	0.899	0.044	0.119	3.058	-4112.196
21	6	845	396	0.4872	0.089	0.100	0.013	0.007	0.006	0.042	0.339	0.071	0.092	0.096	3.059	0.942	0.058	0.038	1.000	-5823.303
21	6	443	200	0.5168	0.067	0.048	0.021	0.004	0.010	0.029	0.197	0.064	0.065	0.089	2.465	0.918	0.082	0.034	1.000	-2802.626
21	6	577	246	0.4448	0.048	0.039	0.021	0.007	0.000	0.017	0.235	0.074	0.084	0.103	3.852	0.902	0.032	0.048	1.234	-3671.278
21	6	783	442	0.4465	0.119	0.159	0.012	0.011	0.006	0.056	0.363	0.168	0.116	0.103	3.265	0.890	0.110	0.095	1.000	-6147.967
21	6	430	225	0.5960	0.224	0.007	0.044	0.003	0.010	0.037	0.469	0.072	0.091	0.211	4.176	0.000	0.000	0.028	1.000	-3045.436
21	6	323	239	0.5701	0.467	0.072	0.035	0.013	0.027	0.056	0.814	0.189	0.169	0.463	5.255	0.636	0.127	0.066	1.820	-2938.535
21	6	483	199	0.3844	0.021	0.043	0.018	0.000	0.002	0.011	0.242	0.062	0.074	0.044	4.363	0.870	0.001	0.048	1.000	-2855.758
21	6	324	239	0.4838	0.131	0.174	0.002	0.000	0.051	0.069	0.453	0.111	0.074	0.200	3.428	0.835	0.123	0.065	5.223	-2517.053
21	6	306	198	0.5856	0.136	0.180	0.026	0.004	0.003	0.032	0.263	0.174	0.088	0.064	3.295	0.805	0.111	0.044	1.090	-2241.965
21	6	157	112	0.5278	0.046	0.046	0.042	0.000	0.020	0.050	0.374	0.041	0.096	0.054	4.420	0.886	0.114	0.085	1.000	-1079.547
21	6	208	131	0.5573	0.061	0.069	0.022	0.016	0.004	0.029	0.164	0.036	0.060	0.059	1.714	0.965	0.035	0.045	1.000	-1282.419
21	6	257	156	0.6189	0.114	0.060	0.057	0.008	0.011	0.010	0.403	0.080	0.028	0.084	2.922	1.000	0.000	0.063	1.000	-1752.157
21	6	695	423	0.5669	0.176	0.143	0.029	0.015	0.010	0.039	0.322	0.118	0.163	0.095	4.219	0.825	0.107	0.081	1.000	-5447.305
21	6	736	270	0.4205	0.027	0.052	0.017	0.003	0.011	0.021	0.162	0.050	0.045	0.059	3.501	0.964	0.036	0.069	1.000	-4410.305
21	6	511	301	0.5818	0.001	0.064	0.025	0.016	0.011	0.020	0.236	0.071	0.116	0.234	3.603	0.827	0.166	0.104	1.000	-3704.041
21	6	372	99	0.6674	0.025	0.021	0.014	0.003	0.000	0.000	0.057	0.020	0.004	0.012	9.031	0.982	0.000	0.007	1.000	-1648.096
21	6	495	223	0.5817	0.116	0.095	0.051	0.007	0.004	0.019	0.258	0.055	0.012	0.091	3.732	0.978	0.022	0.015	1.000	-3023.013
21	6	444	257	0.5859	0.088	0.163	0.022	0.020	0.004	0.050	0.470	0.034	0.085	0.064	4.155	0.957	0.023	0.036	1.000	-3023.842
21	6	576	358	0.4074	0.125	0.266	0.000	0.046	0.058	0.043	0.316	0.226	0.000	0.085	2.973	0.509	0.388	0.067	3.894	-4424.788
21	6	320	204	0.5490	0.029	0.741	0.049	0.010	0.003	0.046	0.204	0.092	0.115	0.033	2.225	0.820	0.064	0.017	13.579	-2356.842
21	6	142	117	0.4910	1.942	0.195	0.000	0.015	0.007	0.068	0.561	0.092	0.036	1.866	4.965	0.834	0.165	0.068	1.000	-1261.333
21	6	273	156	0.6046	0.059	0.027	0.043	0.007	0.004	0.009	0.360	0.004	0.082	0.021	3.233	0.861	0.057	0.107	1.000	-1696.158
21	6	324	225	0.5025	0.128	0.110	0.022	0.021	0.051	0.006	0.287	0.081	0.054	0.119	2.594	0.800	0.200	0.040	1.000	-2343.159
21	6	638	284	0.4459	0.007	0.067	0.017	0.005	0.007	0.026	0.386	0.115	0.084	0.093	2.023	0.936	0.027	0.024	1.000	-4131.254
21	6	629	271	0.4841	0.047	0.061	0.012	0.000	0.003	0.024	0.197	0.054	0.064	0.086	2.758	0.896	0.056	0.024	1.000	-3903.837
21	6	333	210	0.5624	0.104	0.126	0.010	0.011	0.009	0.025	0.332	0.135	0.148	0.116	2.685	0.861	0.100	0.057	3.036	-2476.576
21	6	516	280	0.4677	0.084	0.106	0.010	0.017	0.013	0.026	0.271	0.080	0.062	0.089	3.244	0.790	0.210	0.119	1.000	-3673.988
21	6	684	278	0.4346	0.048	0.043	0.012	0.003	0.003	0.028	0.212	0.102	0.083	0.059	3.325	0.910	0.021	0.030	1.000	-4260.563
21	6	375	309	0.4801	0.128	0.332	0.042	0.024	0.013	0.061	0.583	0.144	0.212	0.193	3.372	0.537	0.380	0.174	9.706	-3597.773
21	6	311	204	0.5053	0.125	0.143	0.035	0.003	0.016	0.107	0.482	0.045	0.143	0.048	2.942	0.908	0.029	0.039	1.000	-2315.068
21	6	456	240	0.5499	0.107	0.089	0.043	0.004	0.003	0.048	0.291	0.114	0.082	0.109	6.778	0.932	0.068	0.043	1.000	-3095.973
21	6	378	250	0.6191	0.078	0.206	0.075	0.011	0.006	0.036	0.537	0.113	0.107	0.119	3.803	0.816	0.107	0.062	5.242	-2998.142
21	6	229	180	0.5794	0.157	0.142	0.007	0.000	0.000	0.053	0.678	0.066	0.223	0.182	4.573	0.902	0.098	0.061	1.000	-1769.512
21	6	321	213	0.4342	0.055	0.092	0.027	0.003	0.003	0.034	0.273	0.118	0.059	0.114	4.191	0.906	0.094	0.116	1.000	-2229.695
21	6	457	272	0.6165	0.146	0.215	0.031	0.000	0.007	0.053	0.324	0.041	0.063	0.135	4.740	0.956	0.028	0.021	5.078	-3135.095
21	6	384	254	0.5093	0.159	0.079	0.072	0.011	0.010	0.051	0.322	0.077	0.094	0.109	3.101	0.927	0.073	0.109	1.000	-2951.206
21	6	609	360	0.4592	0.141	0.146	0.023	0.002	0.003	0.018	0.169	0.347	0.005	0.103	2.860	0.818	0.167	0.064	1.000	-4222.433
21	6	330	214	0.4278	0.081	0.135	0.053	0.012	0.007	0.060	0.391	0.104	0.127	0.077	4.356	0.485	0.190	0.005	1.000	-2587.331
21	6	810	312	0.4217	0.007	0.075	0.016	0.002	0.005	0.017	0.198	0.059	0.128	0.070	3.251	0.981	0.018	0.047	1.000	-4973.803
21	6	193	113	0.4007	0.001	0.055	0.000	0.000	0.005	0.011	0.228	0.122	0.021	0.070	2.674	0.844	0.016	0.048	1.000	-1152.702
21	6	388	260	0.5297	0.133	0.142	0.030	0.008	0.018	0.026	0.319	0.116	0.112	0.153	4.505	0.847	0.090	0.169	5.425	-3090.520
21	6	531	268	0.4639	0.039	0.073	0.020	0.002	0.002	0.027	0.252	0.138	0.083	0.056	3.082	0.965	0.035	0.046	1.000	-3445.745
21	6	592	213	0.4723	0.054	0.041	0.012	0.010	0.004	0.029	0.188	0.049	0.049	0.000	3.024	0.995	0.005	0.016	1.000	-3418.159
21	6	367	218	0.5618	0.106	0.095	0.012	0.005	0.003	0.055	0.224	0.097	0.077	0.111	4.302	0.842	0.051	0.058	1.000	-2514.682
21	6	391	140	0.5494	0.037	0.054	0.023	0.002	0.008	0.014	0.126	0.017	0.032	0.000	3.706	0.929	0.043	0.007	1.460	-2116.040
21	6	691	294	0.4826	0.033	0.058	0.021	0.005	0.008	0.017	0.171	0.076	0.081	0.070	3.966	0.902	0.006	0.064	1.000	-4302.898
21	6	234	143	0.5829	0.092	0.050	0.021	0.004	0.017	0.024	0.361	0.160	0.000	0.124	3.475	0.946	0.054	0.021	1.000	-1537.099
21	6	253	146	0.4572	0.056	0.048	0.012	0.000	0.000	0.016	0.330	0.187	0.059	0.030	3.706	0.923	0.077	0.023	1.000	-1621.453
21	6	459	369	0.6013	0.185	0.549	0.106	0.004	0.006	0.114	0.668	0.149	0.193	0.253	3.760	0.604	0.360	0.132	12.342	-4627.125
21	6	1148	563	0.4591	0.050	0.118	0.027	0.007	0.006	0.030	0.422	0.149	0.091	0.105	3.896	0.869	0.043	0.106	1.217	-8564.207
21	6	383	311	0.5751	0.251	0.317	0.066	0.006	0.014	0.068	0.511	0.151	0.113	0.297	5.429	0.661	0.279	0.102	6.779	-3499.690
21	6	690	372	0.6035	0.155	0.183	0.025	0.013	0.010	0.042	0.350	0.082	0.098	0.106	4.979	0.885	0.086	0.039	1.000	-5067.824
21	6	546	284	0.4886	0.097	0.063	0.017	0.015	0.004	0.025	0.359	0.101	0.102	0.146	2.641	0.971	0.029	0.057	1.000	-3867.535
21	6	495	363	0.4372	0.199	0.162	0.042	0.011	0.006	0.096	0.736	0.165	0.182	0.221	3.317	0.777	0.201	0.086	1.000	-4508.095
21	6	122	72	0.5546	0.142	0.054	0.000	0.008	0.000	0.000	0.185	0.000	0.086	0.152	5.423	0.496	0.067	0.080	1.000	-721.165
21	6	329	255	0.5561	0.142	0.106	0.041	0.006	0.016	0.045	0.432	0.173	0.113	0.172	3.787	0.784	0.088	0.167	1.000	-2748.510
21	6	358	187	0.6153	0.077	0.107	0.008	0.000	0.003	0.045	0.217	0.092	0.036	0.084	4.050	0.979	0.000	0.042	1.000	-2278.687
21	6	611	379	0.4900	0.151	0.152	0.006	0.008	0.002	0.049	0.285	0.182	0.139	0.117	3.325	0.895	0.090	0.102	2.044	-4768.227
21	6	479	308	0.4574	0.167	0.098	0.029	0.002	0.007	0.032	0.964	0.067	0.280	0.138	2.724	0.838	0.125	0.051	1.000	-3945.653
21	6	430	217	0.6121	0.017	0.146	0.012	0.014	0.009	0.033	0.279	0.049	0.091	0.102	3.826	0.934	0.059	0.057	33.519	-2839.643
21	6	1029	401	0.4850	0.085	0.078	0.018	0.003	0.006	0.021	0.273	0.056	0.058	0.050	2.800	0.981	0.019	0.034	1.000	-6603.243
21	6	1927	723	0.4772	0.095	0.100	0.016	0.004	0.007	0.034	0.418	0.118	0.079	0.044	3.084	0.933	0.067	0.046	1.000	-13749.237
21	6	682	388	0.4920	0.096	0.171	0.044	0.009	0.016	0.062	0.251	0.060	0.106	0.133	3.281	0.938	0.050	0.079	1.000	-5139.818
21	6	600	342	0.6599	0.224	0.115	0.021	0.008	0.012	0.097	0.394	0.096	0.085	0.176	4.511	0.883	0.082	0.045	1.000	-4504.389
21	6	677	279	0.4769	0.063	0.063	0.020	0.000	0.006	0.020	0.249	0.052	0.048	0.057	3.278	0.979	0.003	0.016	1.000	-4042.329
21	6	696	291	0.4222	0.053	0.072	0.014	0.005	0.006	0.018	0.204	0.096	0.107	0.066	3.089	0.972	0.026	0.028	22.874	-4367.352
21	6	519	305	0.5101	0.134	0.167	0.049	0.012	0.006	0.040	0.404	0.081	0.103	0.078	3.437	0.964	0.036	0.034	1.000	-3797.143
21	6	925	535	0.5636	0.194	0.167	0.040	0.011	0.008	0.051	0.368	0.096	0.136	0.199	4.237	0.803	0.063	0.057	1.484	-7341.230
21	6	566	171	0.4522	0.063	0.015	0.012	0.000	0.004	0.006	0.093	0.041	0.032	0.000	3.873	0.619	0.000	0.051	1.000	-3015.753
21	6	768	293	0.5591	0.042	0.074	0.015	0.007	0.007	0.023	0.153	0.028	0.076	0.057	3.962	0.958	0.042	0.047	1.000	-4638.047
21	6	210	133	0.6116	0.053	0.234	0.000	0.005	0.005	0.051	0.587	0.005	0.090	0.071	2.761	0.976	0.024	0.053	1.000	-1449.615
21	6	457	311	0.6577	0.109	0.268	0.032	0.006	0.014	0.074	0.738	0.171	0.069	0.105	3.404	0.906	0.094	0.065	1.000	-3838.749
21	6	819	472	0.5123	0.154	0.116	0.034	0.007	0.003	0.047	0.384	0.062	0.111	0.092	3.526	0.841	0.159	0.082	1.000	-6253.826
21	6	502	309	0.4549	0.110	0.070	0.014	0.004	0.002	0.035	0.276	0.130	0.084	0.106	2.535	0.860	0.119	0.123	7.008	-3643.446
21	6	349	221	0.5526	0.050	0.139	0.044	0.009	0.006	0.026	0.334	0.100	0.056	0.104	3.880	0.848	0.129	0.100	14.606	-2530.455
21	6	288	213	0.5829	0.166	0.356	0.112	0.019	0.003	0.055	0.643	0.078	0.080	0.195	4.648	0.849	0.096	0.081	1.000	-2462.115
21	6	242	169	0.5521	0.095	0.230	0.065	0.012	0.000	0.031	0.365	0.070	0.114	0.052	5.642	0.667	0.102	0.052	1.000	-1831.033
21	6	1164	628	0.5101	0.074	0.117	0.026	0.005	0.013	0.045	0.369	0.134	0.116	0.134	2.869	0.865	0.118	0.065	5.289	-8858.529
21	6	400	234	0.3982	0.104	0.048	0.037	0.005	0.000	0.034	0.286	0.086	0.105	0.073	4.426	0.570	0.075	0.133	1.000	-2846.866
21	6	212	148	0.4410	0.084	0.132	0.006	0.025	0.009	0.041	0.416	0.133	0.080	0.122	2.675	0.839	0.161	0.054	1.000	-1616.285
21	6	386	176	0.4846	0.023	0.059	0.011	0.000	0.005	0.018	0.210	0.064	0.062	0.040	3.212	0.902	0.047	0.024	1.000	-2330.162
21	6	396	237	0.6028	0.154	0.056	0.018	0.000	0.003	0.044	0.288	0.151	0.166	0.206	4.274	0.964	0.036	0.078	1.000	-2913.525
21	6	377	245	0.5772	0.183	0.048	0.028	0.011	0.005	0.041	0.400	0.083	0.088	0.163	2.873	0.934	0.066	0.087	1.000	-2857.253
21	6	391	167	0.4035	0.080	0.040	0.008	0.000	0.003	0.016	0.204	0.065	0.054	0.057	2.963	0.946	0.008	0.013	1.000	-2249.476
21	6	334	217	0.4600	0.113	0.008	0.017	0.000	0.003	0.051	0.588	0.188	0.051	0.144	3.315	0.000	0.000	0.035	46.796	-2331.226
21	6	314	194	0.5575	0.042	0.120	0.014	0.010	0.004	0.034	0.255	0.107	0.085	0.061	3.214	0.922	0.042	0.092	1.000	-2153.781
21	6	237	211	0.4413	0.284	0.166	0.026	0.000	0.026	0.083	0.523	0.097	0.150	0.209	3.849	0.456	0.207	0.247	1.445	-2184.174
21	6	357	228	0.5236	0.105	0.172	0.023	0.015	0.014	0.037	0.459	0.090	0.153	0.136	3.404	0.786	0.181	0.043	1.000	-2809.449
21	6	449	322	0.5282	0.105	0.165	0.055	0.005	0.005	0.042	0.446	0.112	0.106	0.167	2.994	0.816	0.150	0.146	3.237	-3753.462
21	6	519	345	0.4097	0.087	0.194	0.017	0.004	0.006	0.043	0.512	0.138	0.133	0.161	3.920	0.756	0.239	0.146	76.220	-4300.172
21	6	443	176	0.6227	0.077	0.036	0.027	0.012	0.002	0.013	0.124	0.075	0.042	0.032	5.144	0.901	0.093	0.079	60.309	-2653.792
21	6	354	137	0.5604	0.000	0.050	0.000	0.006	0.003	0.012	0.073	0.012	0.018	0.030	2.537	0.905	0.062	0.002	1.000	-1799.737
21	6	455	325	0.4311	0.160	0.133	0.047	0.011	0.005	0.044	0.532	0.090	0.140	0.122	3.233	0.422	0.076	0.111	1.000	-3834.876
21	6	242	218	0.4318	0.117	0.466	0.043	0.013	0.009	0.029	0.940	0.158	0.149	0.179	3.374	0.233	0.600	0.007	9.721	-2393.604
21	6	851	476	0.4960	0.175	0.124	0.026	0.005	0.006	0.040	0.307	0.095	0.131	0.199	3.955	0.846	0.154	0.074	1.000	-6615.766
21	6	828	424	0.4637	0.169	0.109	0.024	0.006	0.005	0.054	0.243	0.077	0.085	0.120	2.810	0.912	0.088	0.062	1.000	-6033.986
21	6	422	254	0.5918	0.159	0.117	0.013	0.011	0.009	0.050	0.400	0.128	0.051	0.153	4.616	0.884	0.105	0.063	4.102	-3128.006
21	6	410	288	0.5346	0.124	0.142	0.016	0.008	0.002	0.061	0.332	0.207	0.094	0.141	3.370	0.782	0.218	0.127	1.000	-3395.049
21	6	308	252	0.5912	0.286	0.303	0.083	0.043	0.012	0.063	0.602	0.145	0.219	0.255	4.328	0.593	0.230	0.106	2.615	-3026.756
21	6	491	319	0.5773	0.191	0.084	0.024	0.006	0.007	0.039	0.425	0.115	0.098	0.182	4.095	0.837	0.163	0.088	1.000	-3817.559
21	6	883	336	0.5103	0.074	0.069	0.012	0.000	0.001	0.013	0.172	0.097	0.076	0.071	3.789	0.983	0.010	0.021	1.000	-5345.857
21	6	263	174	0.4819	0.095	0.052	0.000	0.000	0.004	0.020	0.488	0.182	0.152	0.063	3.487	0.903	0.032	0.056	1.000	-1843.517
21	6	297	176	0.4516	0.041	0.085	0.023	0.007	0.014	0.012	0.160	0.075	0.077	0.106	3.726	0.944	0.002	0.069	1.000	-1926.645
21	6	618	332	0.5158	0.119	0.133	0.030	0.013	0.007	0.058	0.271	0.116	0.078	0.081	2.740	0.912	0.043	0.060	1.452	-4509.593
21	6	689	372	0.5261	0.162	0.125	0.014	0.007	0.007	0.022	0.254	0.113	0.119	0.161	3.379	0.879	0.107	0.074	1.000	-5168.741
21	6	620	395	0.4368	0.160	0.106	0.023	0.008	0.007	0.034	0.415	0.126	0.103	0.191	3.643	0.536	0.160	0.157	1.000	-5159.517
21	6	691	453	0.5506	0.120	0.146	0.022	0.011	0.014	0.051	0.443	0.143	0.151	0.137	2.434	0.777	0.130	0.123	1.000	-5893.453
21	6	228	100	0.6251	0.062	0.000	0.008	0.000	0.000	0.000	0.028	0.004	0.009	0.031	4.099	1.000	0.000	0.263	2.740	-1081.077
21	6	763	448	0.6257	0.187	0.139	0.033	0.024	0.004	0.050	0.419	0.095	0.143	0.116	5.422	0.800	0.081	0.085	1.000	-5937.816
21	6	105	80	0.5570	0.097	0.085	0.065	0.020	0.000	0.052	0.146	0.000	0.070	0.100	6.002	1.000	0.000	0.324	1.000	-714.006
21	6	214	145	0.4629	0.042	0.032	0.021	0.005	0.005	0.004	0.202	0.088	0.141	0.073	4.377	1.000	0.000	0.086	1.000	-1371.396
21	6	304	223	0.5104	0.190	0.111	0.009	0.010	0.007	0.033	0.375	0.051	0.147	0.138	2.519	0.866	0.074	0.065	1.000	-2308.043
21	6	175	148	0.4898	0.186	0.144	0.033	0.030	0.005	0.077	0.300	0.086	0.229	0.225	2.980	0.613	0.178	0.152	1.178	-1553.659
21	6	446	310	0.5816	0.286	0.158	0.005	0.009	0.005	0.071	0.494	0.083	0.129	0.258	3.630	0.782	0.218	0.074	1.000	-3751.639
21	6	512	260	0.4519	0.121	0.078	0.037	0.004	0.008	0.007	0.282	0.061	0.178	0.041	4.696	0.794	0.097	0.044	1.000	-3533.765
21	6	133	118	0.6432	0.488	0.302	0.059	0.000	0.015	0.236	0.492	0.124	0.019	0.495	3.763	0.405	0.224	0.095	1.000	-1288.130
21	6	421	236	0.5976	0.082	0.123	0.017	0.000	0.015	0.057	0.253	0.083	0.136	0.092	6.064	0.942	0.055	0.037	1.000	-2829.842
21	6	264	160	0.5304	0.086	0.085	0.014	0.000	0.004	0.041	0.323	0.084	0.138	0.081	2.626	0.913	0.087	0.042	1.000	-1837.731
21	6	1224	529	0.5088	0.064	0.078	0.016	0.004	0.001	0.034	0.236	0.093	0.089	0.090	4.025	0.917	0.083	0.073	1.000	-8112.241
21	6	788	321	0.5341	0.098	0.080	0.013	0.005	0.007	0.027	0.218	0.056	0.083	0.057	3.539	0.957	0.028	0.016	1.000	-4889.191
21	6	583	385	0.5349	0.167	0.089	0.024	0.009	0.009	0.040	0.425	0.179	0.195	0.176	3.955	0.685	0.072	0.079	1.000	-4752.659
21	6	223	177	0.6752	0.237	0.036	0.060	0.014	0.013	0.082	0.597	0.083	0.105	0.260	3.477	0.000	0.000	0.086	1.000	-1859.376
21	6	138	126	0.6045	0.189	0.107	0.060	0.007	0.015	0.031	0.593	0.347	0.297	0.232	4.260	0.721	0.157	0.250	1.000	-1340.124
21	6	261	172	0.5349	0.077	0.074	0.021	0.008	0.004	0.019	0.324	0.039	0.083	0.141	2.861	0.286	0.026	0.070	1.000	-1830.445
21	6	783	469	0.4364	0.141	0.201	0.018	0.004	0.004	0.026	0.344	0.102	0.115	0.139	3.077	0.677	0.121	0.115	3.165	-6208.738
21	6	396	226	0.5519	0.155	0.053	0.022	0.010	0.008	0.021	0.284	0.073	0.073	0.161	3.845	0.950	0.021	0.050	1.000	-2696.005
21	6	376	156	0.5052	0.023	0.076	0.000	0.003	0.000	0.019	0.109	0.073	0.040	0.057	2.968	0.989	0.011	0.020	1.000	-2125.990
21	6	445	286	0.6644	0.246	0.232	0.032	0.005	0.009	0.067	0.856	0.101	0.130	0.212	5.442	0.853	0.126	0.042	18.411	-3641.508
21	6	472	186	0.4581	0.048	0.064	0.013	0.009	0.000	0.022	0.115	0.033	0.057	0.053	3.765	0.906	0.051	0.023	1.000	-2754.090
21	6	274	204	0.5343	0.177	0.152	0.042	0.014	0.008	0.079	0.390	0.084	0.121	0.164	2.639	0.743	0.189	0.107	2.202	-2329.809
21	6	636	255	0.5889	0.055	0.052	0.017	0.000	0.002	0.026	0.165	0.053	0.086	0.070	5.744	0.973	0.018	0.039	7.531	-3821.992
21	6	189	136	0.5350	0.112	0.132	0.000	0.011	0.005	0.040	0.394	0.034	0.120	0.098	2.502	0.872	0.000	0.105	1.000	-1347.378
21	6	515	308	0.4755	0.058	0.086	0.028	0.010	0.014	0.040	0.398	0.140	0.116	0.126	2.931	0.808	0.138	0.073	1.097	-3957.293
21	6	1142	420	0.4580	0.084	0.085	0.023	0.007	0.004	0.025	0.200	0.058	0.066	0.033	3.458	0.888	0.085	0.074	2.989	-7387.795
21	6	381	223	0.5368	0.078	0.149	0.009	0.015	0.002	0.039	0.240	0.072	0.037	0.058	4.880	0.871	0.056	0.046	1.000	-2543.298
21	6	348	144	0.5247	0.043	0.048	0.008	0.000	0.000	0.023	0.093	0.061	0.037	0.000	3.633	0.981	0.019	0.093	1.000	-1930.897
21	6	337	231	0.6013	0.143	0.157	0.036	0.010	0.009	0.043	0.387	0.134	0.045	0.094	3.408	0.798	0.104	0.098	1.865	-2578.658
21	6	669	402	0.6417	0.119	0.276	0.071	0.012	0.001	0.053	0.521	0.066	0.095	0.137	4.243	0.944	0.052	0.037	39.290	-5033.153
21	6	298	237	0.5081	0.234	0.237	0.028	0.005	0.019	0.082	0.485	0.083	0.121	0.173	2.825	0.792	0.208	0.105	1.000	-2599.656
21	6	452	306	0.5361	0.136	0.160	0.058	0.009	0.004	0.055	0.323	0.108	0.105	0.087	3.752	0.709	0.291	0.200	1.000	-3678.740
21	6	363	215	0.6310	0.152	0.063	0.021	0.017	0.003	0.034	0.283	0.032	0.092	0.120	3.138	0.986	0.014	0.093	1.000	-2533.825
21	6	657	335	0.5114	0.155	0.059	0.025	0.005	0.003	0.034	0.244	0.088	0.072	0.165	3.698	0.950	0.047	0.046	72.013	-4525.441
21	6	183	128	0.4951	0.094	0.095	0.051	0.011	0.017	0.000	0.300	0.052	0.119	0.108	2.706	0.684	0.000	0.133	1.000	-1290.666
21	6	320	187	0.5547	0.104	0.137	0.014	0.003	0.010	0.030	0.203	0.049	0.087	0.126	4.823	0.819	0.022	0.025	1.000	-2067.884
21	6	407	130	0.5006	0.001	0.038	0.000	0.005	0.000	0.008	0.087	0.033	0.052	0.015	2.623	0.959	0.041	0.056	1.000	-2099.638
21	6	880	405	0.4408	0.123	0.080	0.012	0.008	0.009	0.026	0.213	0.075	0.068	0.035	2.597	0.960	0.036	0.057	10.635	-5770.546
21	6	380	256	0.5125	0.140	0.136	0.022	0.013	0.005	0.033	0.616	0.155	0.137	0.150	3.297	0.894	0.063	0.068	1.000	-3053.123
21	6	497	332	0.6082	0.117	0.306	0.056	0.000	0.000	0.035	0.456	0.122	0.126	0.110	5.573	0.709	0.237	0.066	4.184	-4015.393
21	6	339	197	0.5147	0.128	0.054	0.017	0.009	0.000	0.041	0.354	0.073	0.027	0.066	5.517	0.952	0.048	0.040	1.000	-2239.582
21	6	1055	673	0.4086	0.125	0.173	0.029	0.005	0.007	0.037	0.516	0.145	0.168	0.106	3.847	0.783	0.204	0.126	21.390	-8721.667
21	6	159	120	0.4695	0.124	0.023	0.026	0.006	0.000	0.020	0.433	0.018	0.042	0.031	2.130	0.876	0.033	0.061	1.000	-995.757
21	6	214	158	0.6518	0.094	0.195	0.081	0.019	0.022	0.080	0.280	0.138	0.045	0.162	5.015	0.858	0.082	0.045	4.820	-1631.018
21	6	459	177	0.5035	0.032	0.069	0.007	0.007	0.000	0.016	0.128	0.042	0.043	0.010	3.421	0.994	0.000	0.030	1.000	-2516.471
21	6	497	230	0.6125	0.068	0.131	0.032	0.010	0.010	0.054	0.251	0.102	0.025	0.102	4.245	0.946	0.000	0.010	1.000	-2980.739
21	6	470	358	0.6584	0.442	0.214	0.046	0.015	0.000	0.067	0.756	0.107	0.097	0.417	4.410	0.884	0.116	0.079	1.000	-4006.252
21	6	527	332	0.4371	0.104	0.150	0.013	0.015	0.002	0.064	0.415	0.142	0.241	0.141	3.028	0.798	0.194	0.047	16.627	-4263.312
21	6	333	161	0.4309	0.022	0.064	0.020	0.009	0.003	0.016	0.165	0.064	0.068	0.027	7.092	0.725	0.000	0.077	1.000	-1956.885
21	6	603	383	0.4457	0.147	0.148	0.033	0.014	0.006	0.028	0.462	0.088	0.178	0.112	3.143	0.732	0.192	0.075	1.000	-4945.616
21	6	402	292	0.6522	0.182	0.228	0.048	0.005	0.011	0.111	0.646	0.202	0.122	0.195	4.311	0.878	0.109	0.113	10.979	-3544.390
21	6	381	318	0.6501	0.087	0.535	0.062	0.012	0.013	0.087	0.995	0.228	0.242	0.114	3.329	0.740	0.245	0.097	5.764	-3794.581
21	6	342	215	0.4532	0.087	0.038	0.012	0.003	0.000	0.038	0.339	0.116	0.122	0.111	2.024	0.981	0.019	0.060	1.000	-2387.293
21	6	449	282	0.5511	0.109	0.167	0.013	0.005	0.009	0.031	0.279	0.162	0.126	0.139	3.164	0.879	0.121	0.108	1.000	-3527.750
21	6	623	247	0.4493	0.058	0.052	0.010	0.002	0.000	0.031	0.188	0.083	0.075	0.003	2.854	0.967	0.033	0.022	1.000	-3707.516
21	6	304	182	0.5995	0.130	0.129	0.063	0.000	0.007	0.112	0.201	0.057	0.053	0.161	5.441	0.930	0.070	0.054	1.000	-2153.893
21	6	281	188	0.6218	0.083	0.196	0.024	0.014	0.046	0.043	0.281	0.105	0.036	0.148	4.883	0.473	0.411	0.021	5.813	-2205.477
21	6	251	170	0.5467	0.075	0.050	0.012	0.000	0.008	0.055	0.362	0.057	0.093	0.107	2.851	0.736	0.056	0.021	1.000	-1716.300
21	6	437	299	0.4296	0.098	0.146	0.023	0.008	0.009	0.047	0.447	0.194	0.146	0.103	3.000	0.778	0.099	0.096	1.628	-3576.227
21	6	278	216	0.6294	0.198	0.246	0.062	0.011	0.000	0.051	0.381	0.124	0.142	0.189	3.544	0.818	0.167	0.123	17.739	-2395.770
21	6	326	176	0.3906	0.039	0.097	0.032	0.003	0.000	0.006	0.188	0.147	0.070	0.105	3.036	0.978	0.022	0.034	1.000	-2063.191
21	6	329	273	0.5332	0.226	0.394	0.093	0.009	0.006	0.072	1.236	0.236	0.175	0.214	3.584	0.743	0.170	0.121	6.825	-3293.576
21	6	680	262	0.5342	0.086	0.069	0.011	0.005	0.005	0.022	0.155	0.072	0.033	0.023	4.993	0.955	0.024	0.075	1.000	-4125.291
21	6	192	160	0.5010	0.221	0.216	0.029	0.000	0.016	0.021	0.350	0.085	0.109	0.163	3.473	0.833	0.156	0.148	25.455	-1550.328
21	6	661	306	0.4551	0.100	0.118	0.013	0.006	0.003	0.025	0.298	0.120	0.043	0.074	2.514	0.936	0.016	0.023	1.000	-4323.115
21	6	300	192	0.5797	0.097	0.094	0.056	0.000	0.007	0.022	0.188	0.108	0.076	0.137	2.718	0.559	0.075	0.061	1.000	-2142.322
21	6	334	225	0.5756	0.071	0.154	0.043	0.008	0.011	0.055	0.405	0.128	0.104	0.070	3.300	0.760	0.084	0.036	1.000	-2535.106
21	6	209	157	0.6059	0.196	0.062	0.034	0.000	0.005	0.042	0.484	0.080	0.091	0.139	2.596	0.878	0.090	0.123	1.156	-1611.990
21	6	583	323	0.4294	0.002	0.095	0.020	0.007	0.005	0.017	0.309	0.130	0.183	0.098	2.554	0.885	0.112	0.093	45.690	-4266.996
21	6	918	495	0.6371	0.104	0.171	0.056	0.011	0.021	0.051	0.342	0.106	0.089	0.160	4.717	0.867	0.133	0.080	1.000	-7248.499
21	6	352	153	0.6595	0.047	0.045	0.015	0.003	0.006	0.033	0.257	0.010	0.065	0.037	2.684	0.993	0.005	0.033	1.000	-1978.846
21	6	1107	574	0.4854	0.234	0.123	0.028	0.009	0.008	0.033	0.379	0.130	0.118	0.226	3.513	0.958	0.042	0.046	1.000	-8496.890
21	6	564	330	0.4058	0.088	0.099	0.010	0.012	0.005	0.053	0.467	0.139	0.138	0.103	3.371	0.824	0.150	0.079	1.000	-4373.366
21	6	454	273	0.4941	0.165	0.082	0.020	0.000	0.011	0.045	0.287	0.074	0.133	0.175	3.924	0.817	0.183	0.043	1.000	-3395.797
21	6	425	250	0.6066	0.000	0.397	0.010	0.010	0.000	0.063	0.222	0.031	0.075	0.513	2.935	0.990	0.004	0.064	108.010	-2991.742
21	6	1176	467	0.4798	0.065	0.074	0.011	0.004	0.004	0.017	0.234	0.094	0.065	0.067	3.647	0.962	0.038	0.100	1.000	-7723.875
21	6	531	336	0.5313	0.089	0.108	0.028	0.008	0.004	0.035	0.482	0.097	0.093	0.129	3.942	0.921	0.079	0.064	1.000	-3929.375
21	6	541	274	0.4169	0.035	0.094	0.018	0.002	0.006	0.038	0.240	0.086	0.091	0.076	3.534	0.926	0.053	0.057	1.000	-3592.558
21	6	323	271	0.4705	0.172	0.104	0.033	0.013	0.019	0.088	0.778	0.164	0.212	0.165	4.229	0.488	0.322	0.159	5.555	-3080.295
21	6	482	339	0.6700	0.319	0.204	0.035	0.010	0.016	0.088	0.534	0.141	0.090	0.336	5.956	0.855	0.145	0.068	1.000	-4058.533
21	6	280	210	0.6109	0.229	0.182	0.032	0.004	0.004	0.061	0.429	0.113	0.113	0.229	5.445	0.868	0.099	0.132	3.139	-2298.527
21	6	989	589	0.5328	0.152	0.133	0.026	0.009	0.009	0.049	0.393	0.095	0.108	0.176	5.545	0.715	0.268	0.114	5.181	-7765.910
21	6	304	222	0.5664	0.115	0.105	0.010	0.004	0.009	0.059	0.386	0.176	0.164	0.059	2.636	0.905	0.071	0.098	1.000	-2426.790
21	6	415	239	0.4875	0.067	0.086	0.024	0.003	0.010	0.021	0.324	0.115	0.082	0.125	2.809	0.779	0.024	0.056	1.000	-2856.866
21	6	338	243	0.4281	0.139	0.314	0.023	0.025	0.027	0.041	0.535	0.134	0.085	0.131	4.236	0.505	0.379	0.062	4.214	-2960.862
21	6	386	155	0.6397	0.051	0.068	0.053	0.005	0.000	0.006	0.217	0.114	0.000	0.019	5.353	0.892	0.041	0.000	1.000	-2164.787
21	6	285	173	0.5584	0.060	0.104	0.047	0.009	0.006	0.017	0.202	0.091	0.074	0.101	4.495	0.954	0.022	0.055	1.000	-1875.386
21	6	346	296	0.5518	0.233	0.466	0.056	0.018	0.012	0.070	0.904	0.171	0.085	0.213	4.438	0.498	0.349	0.042	1.245	-3394.895
21	6	1643	994	0.3832	0.189	0.142	0.030	0.009	0.006	0.055	0.547	0.145	0.151	0.161	2.955	0.748	0.249	0.153	5.054	-14363.329
21	6	434	323	0.5449	0.161	0.145	0.000	0.014	0.007	0.042	0.499	0.132	0.165	0.239	4.684	0.805	0.195	0.173	1.000	-3665.602
21	6	297	197	0.5116	0.222	0.032	0.009	0.007	0.003	0.044	0.330	0.126	0.151	0.076	3.033	0.961	0.039	0.035	1.000	-2117.243
21	6	293	223	0.5630	0.470	0.075	0.007	0.020	0.016	0.117	0.496	0.119	0.121	0.474	4.818	0.000	0.000	0.061	1.214	-2607.390
21	6	490	310	0.5211	0.097	0.186	0.031	0.007	0.019	0.071	0.393	0.113	0.128	0.110	3.676	0.849	0.104	0.067	1.340	-3890.038
21	6	427	240	0.5038	0.056	0.094	0.037	0.012	0.007	0.018	0.242	0.087	0.047	0.125	3.472	0.898	0.084	0.029	1.000	-2853.974
21	6	417	231	0.5480	0.102	0.081	0.032	0.011	0.011	0.058	0.305	0.044	0.109	0.070	3.517	0.940	0.060	0.049	1.000	-2909.576
21	6	496	183	0.5236	0.032	0.044	0.004	0.000	0.006	0.009	0.086	0.048	0.056	0.073	4.676	0.957	0.043	0.002	1.000	-2729.612
21	6	777	396	0.6036	0.116	0.177	0.045	0.011	0.006	0.052	0.296	0.093	0.092	0.147	5.578	0.927	0.073	0.036	1.000	-5572.230
21	6	636	270	0.4304	0.091	0.059	0.020	0.002	0.004	0.027	0.236	0.033	0.081	0.069	3.542	0.921	0.050	0.021	3.887	-4009.315
21	6	363	270	0.5981	0.147	0.227	0.063	0.003	0.008	0.081	0.564	0.180	0.110	0.086	3.434	0.747	0.137	0.078	1.000	-3113.607
21	6	160	103	0.5299	0.044	0.045	0.000	0.000	0.000	0.020	0.230	0.105	0.072	0.044	3.181	0.835	0.022	0.057	1.000	-996.381
21	6	404	234	0.6278	0.116	0.180	0.003	0.007	0.008	0.025	0.152	0.124	0.086	0.115	5.579	0.947	0.037	0.048	25.733	-2719.761
21	6	470	306	0.4732	0.137	0.130	0.014	0.009	0.000	0.024	0.469	0.093	0.158	0.099	3.189	0.891	0.104	0.060	1.000	-3560.123
21	6	451	286	0.4273	0.113	0.099	0.021	0.005	0.009	0.018	0.499	0.147	0.104	0.066	3.289	0.927	0.067	0.134	14.524	-3456.219
21	6	247	203	0.5333	0.199	0.166	0.020	0.011	0.014	0.074	0.599	0.128	0.109	0.212	4.312	0.105	0.047	0.086	1.000	-2218.709
21	6	327	180	0.5957	0.176	0.090	0.018	0.009	0.009	0.014	0.272	0.040	0.137	0.147	5.795	0.978	0.020	0.029	1.000	-2141.116
21	6	264	209	0.4619	0.213	0.128	0.047	0.004	0.004	0.046	0.504	0.153	0.126	0.179	2.969	0.584	0.082	0.111	1.000	-2240.544
21	6	302	109	0.4452	0.008	0.033	0.009	0.003	0.000	0.008	0.118	0.004	0.021	0.034	3.587	0.876	0.037	0.020	1.875	-1561.232
21	6	553	322	0.6167	0.054	0.117	0.029	0.008	0.003	0.053	0.390	0.088	0.093	0.141	4.638	0.920	0.056	0.044	2.643	-3872.413
21	6	254	214	0.5112	0.201	0.271	0.050	0.015	0.030	0.062	0.719	0.061	0.187	0.279	5.093	0.473	0.179	0.167	8.426	-2441.496
21	6	317	174	0.6547	0.030	0.186	0.020	0.004	0.003	0.099	0.358	0.054	0.078	0.079	9.547	0.969	0.031	0.035	1.000	-2059.828
21	6	200	145	0.4094	0.049	0.163	0.055	0.000	0.000	0.104	0.502	0.134	0.098	0.038	5.837	0.637	0.270	0.014	3.660	-1519.847
21	6	285	195	0.5510	0.107	0.104	0.025	0.009	0.006	0.053	0.356	0.085	0.078	0.094	4.817	0.788	0.171	0.065	1.243	-2096.278
21	6	543	307	0.6002	0.164	0.099	0.037	0.004	0.008	0.048	0.353	0.059	0.072	0.093	3.351	0.848	0.088	0.044	1.000	-3893.303
21	6	365	238	0.5273	0.074	0.143	0.017	0.003	0.006	0.024	0.234	0.108	0.083	0.119	3.296	0.749	0.111	0.093	1.000	-2645.340
21	6	306	192	0.6951	0.074	0.166	0.042	0.011	0.013	0.056	0.353	0.075	0.139	0.119	3.559	0.909	0.060	0.063	3.071	-2242.018
21	6	332	260	0.6298	0.239	0.347	0.029	0.047	0.090	0.102	0.680	0.095	0.137	0.173	5.588	0.742	0.250	0.071	1.000	-2948.152
21	6	353	235	0.5368	0.149	0.118	0.005	0.009	0.009	0.030	0.436	0.105	0.108	0.104	3.769	0.870	0.130	0.066	1.000	-2681.639
21	6	349	166	0.4609	0.062	0.187	0.036	0.000	0.006	0.006	0.145	0.024	0.009	0.005	2.998	0.708	0.146	0.039	4.799	-2122.369
21	6	738	483	0.4603	0.000	0.092	0.028	0.004	0.006	0.036	0.670	0.129	0.228	0.166	3.852	0.817	0.183	0.130	1.000	-6111.861
21	6	591	425	0.4209	0.105	0.176	0.025	0.032	0.003	0.041	0.618	0.229	0.106	0.152	3.440	0.783	0.217	0.208	1.000	-5131.903
21	6	385	288	0.5113	0.156	0.126	0.032	0.008	0.008	0.048	0.296	0.223	0.162	0.187	3.710	0.416	0.116	0.181	1.000	-3332.758
21	6	282	185	0.4515	0.253	0.064	0.022	0.011	0.000	0.027	0.634	0.079	0.067	0.192	2.950	0.877	0.082	0.065	3.354	-2112.916
21	6	197	164	0.4584	0.105	0.087	0.046	0.025	0.000	0.040	0.795	0.143	0.095	0.111	4.079	0.194	0.053	0.110	1.000	-1662.536
21	6	287	230	0.6048	0.338	0.150	0.058	0.015	0.017	0.047	0.433	0.139	0.105	0.384	2.921	0.800	0.068	0.157	1.049	-2604.786
21	6	269	214	0.5215	0.212	0.114	0.013	0.015	0.008	0.046	0.326	0.147	0.138	0.171	4.625	0.313	0.099	0.177	1.000	-2222.167
21	6	244	158	0.6914	0.082	0.099	0.007	0.022	0.005	0.016	0.483	0.003	0.208	0.092	5.562	0.895	0.033	0.042	1.000	-1623.559
21	6	953	581	0.4059	0.139	0.169	0.025	0.013	0.011	0.021	0.333	0.119	0.181	0.119	4.109	0.668	0.305	0.094	6.362	-7663.367
21	6	302	171	0.6830	0.115	0.143	0.031	0.007	0.007	0.039	0.205	0.091	0.056	0.120	4.738	0.994	0.000	0.085	9.992	-2001.913
21	6	312	242	0.4418	0.145	0.184	0.026	0.005	0.011	0.080	0.585	0.183	0.129	0.155	4.016	0.406	0.357	0.039	3.770	-2826.062
21	6	319	184	0.4623	0.107	0.046	0.013	0.009	0.011	0.019	0.293	0.076	0.156	0.037	3.503	0.940	0.044	0.022	11.956	-2120.142
21	6	616	247	0.4623	0.081	0.052	0.015	0.000	0.008	0.017	0.203	0.044	0.041	0.000	5.820	0.908	0.023	0.048	1.000	-3605.048
21	6	429	324	0.4059	0.324	0.148	0.031	0.008	0.007	0.027	0.466	0.117	0.153	0.240	3.380	0.741	0.161	0.147	1.000	-3756.314
21	6	548	253	0.4082	0.088	0.072	0.012	0.003	0.008	0.023	0.200	0.113	0.059	0.053	2.758	0.936	0.052	0.033	6.993	-3499.829
21	6	315	198	0.7429	0.150	0.172	0.048	0.027	0.010	0.057	0.288	0.131	0.174	0.115	4.920	0.897	0.094	0.082	28.125	-2399.390
21	6	491	274	0.5094	0.057	0.127	0.029	0.012	0.004	0.044	0.206	0.062	0.116	0.098	3.872	0.906	0.094	0.087	1.000	-3476.715
21	6	654	238	0.4196	0.011	0.063	0.009	0.002	0.000	0.021	0.151	0.046	0.126	0.058	2.650	0.969	0.027	0.023	1.000	-3787.050
21	6	481	182	0.4703	0.009	0.030	0.011	0.002	0.000	0.008	0.150	0.054	0.044	0.076	2.140	0.979	0.021	0.025	1.000	-2726.923
21	6	341	258	0.5393	0.213	0.182	0.036	0.017	0.013	0.058	0.423	0.127	0.085	0.182	3.491	0.788	0.110	0.115	1.000	-2885.818
21	6	144	104	0.5174	0.146	0.160	0.038	0.000	0.014	0.043	0.189	0.047	0.122	0.099	3.845	0.753	0.247	0.024	1.000	-1057.543
21	6	137	121	0.4586	0.328	0.077	0.014	0.007	0.000	0.016	0.790	0.093	0.243	0.378	4.151	0.000	0.000	0.175	999.000	-1260.916
21	6	987	535	0.5059	0.174	0.175	0.025	0.005	0.006	0.042	0.416	0.106	0.081	0.171	2.341	0.924	0.076	0.078	1.000	-7697.199
21	6	150	116	0.4779	0.112	0.039	0.021	0.028	0.000	0.000	0.367	0.148	0.046	0.142	8.865	0.000	0.000	0.128	1.193	-1064.236
21	6	252	165	0.3940	0.143	0.151	0.028	0.004	0.000	0.016	0.303	0.033	0.051	0.151	6.427	0.877	0.106	0.131	20.452	-1753.004
21	6	579	355	0.4604	0.123	0.182	0.023	0.006	0.010	0.025	0.303	0.112	0.111	0.080	3.276	0.805	0.190	0.070	17.038	-4342.847
21	6	254	180	0.4587	0.054	0.154	0.022	0.008	0.004	0.025	0.357	0.151	0.143	0.085	2.448	0.959	0.041	0.083	1.000	-1903.325
21	6	1442	625	0.5180	0.099	0.118	0.027	0.009	0.008	0.031	0.343	0.114	0.098	0.087	3.116	0.911	0.069	0.067	3.512	-10465.780
21	6	175	149	0.4001	0.152	0.335	0.026	0.006	0.012	0.073	0.508	0.090	0.175	0.194	4.886	0.374	0.582	0.094	11.994	-1521.077
21	6	226	140	0.4693	0.087	0.097	0.009	0.000	0.000	0.018	0.159	0.146	0.135	0.059	4.961	0.933	0.033	0.040	1.000	-1460.180
21	6	378	288	0.6451	0.252	0.425	0.080	0.016	0.028	0.106	0.843	0.114	0.144	0.297	6.608	0.895	0.105	0.073	1.000	-3418.332
21	6	187	163	0.4875	0.153	1.722	0.000	0.006	0.022	0.078	0.290	0.159	0.069	0.237	3.994	0.638	0.163	0.058	16.888	-1691.521
21	6	202	141	0.5850	0.164	0.167	0.035	0.021	0.005	0.062	0.373	0.123	0.054	0.072	5.987	0.650	0.350	0.056	1.000	-1565.264
21	6	172	120	0.4968	0.124	0.027	0.022	0.006	0.006	0.022	0.297	0.111	0.067	0.110	1.900	0.921	0.041	0.062	1.074	-1176.296
21	6	148	126	0.5957	0.276	0.035	0.041	0.043	0.000	0.052	0.468	0.162	0.084	0.247	2.589	0.000	0.000	0.137	1.000	-1296.462
21	6	601	391	0.4315	0.127	0.171	0.028	0.017	0.014	0.068	0.311	0.133	0.146	0.153	3.172	0.756	0.143	0.124	1.000	-4978.305
21	6	154	125	0.4735	0.104	0.193	0.027	0.000	0.020	0.094	0.321	0.163	0.199	0.084	5.392	0.722	0.275	0.009	1.000	-1224.353
21	6	111	75	0.6001	0.117	0.074	0.000	0.000	0.000	0.009	0.122	0.019	0.017	0.102	13.499	0.911	0.089	0.131	1.000	-632.184
21	6	241	161	0.4315	0.088	0.124	0.021	0.000	0.000	0.022	0.370	0.102	0.095	0.140	4.153	0.656	0.208	0.074	1.000	-1814.301
21	6	312	242	0.5876	0.154	0.178	0.004	0.003	0.000	0.039	0.535	0.158	0.160	0.135	5.606	0.308	0.670	0.000	19.710	-2657.647
21	6	145	128	0.6403	0.742	0.822	0.027	0.034	0.003	0.073	0.623	0.128	0.091	0.791	6.483	0.666	0.234	0.082	2.807	-1389.276
21	6	312	246	0.7226	0.290	0.424	0.057	0.000	0.070	0.045	1.016	0.116	0.114	0.293	10.099	0.846	0.154	0.064	1.000	-2625.118
21	6	232	156	0.5938	0.108	0.079	0.004	0.004	0.014	0.037	0.537	0.067	0.056	0.117	2.883	0.917	0.083	0.064	1.000	-1663.094
21	6	422	246	0.5788	0.081	0.179	0.034	0.000	0.007	0.041	0.265	0.048	0.073	0.157	4.469	0.938	0.031	0.043	3.788	-2885.012
