1	6	435	278	0.5082	0.109	0.257	0.025	0.009	0.002	0.062	0.278	0.071	0.109	0.083	3.918	0.552	0.169	0.046	-3402.298
21	6	236	143	0.4132	0.003	0.161	0.032	0.005	0.000	0.045	0.169	0.038	0.101	0.062	2.195	0.570	0.014	0.025	-1520.961
21	6	286	184	0.4470	0.154	0.381	0.007	0.004	0.004	0.026	0.524	0.011	0.059	0.169	1.530	0.705	0.049	0.011	-2007.500
21	6	866	341	0.5388	0.112	0.081	0.018	0.001	0.004	0.029	0.165	0.034	0.052	0.079	3.856	0.845	0.051	0.015	-5350.875
21	6	273	188	0.4343	0.129	0.130	0.037	0.012	0.000	0.040	0.409	0.116	0.137	0.107	3.434	0.579	0.066	0.054	-2114.012
21	6	306	258	0.6262	0.152	0.447	0.047	0.023	0.016	0.092	0.670	0.171	0.184	0.237	4.600	0.550	0.289	0.110	-3053.479
21	6	787	383	0.4497	0.062	0.089	0.008	0.005	0.003	0.019	0.349	0.082	0.107	0.055	3.527	0.637	0.053	0.091	-5470.311
21	6	695	358	0.4820	0.091	0.168	0.007	0.004	0.005	0.027	0.393	0.109	0.113	0.031	3.511	0.860	0.042	0.037	-4921.381
21	6	878	550	0.3826	0.155	0.210	0.027	0.009	0.004	0.054	0.722	0.137	0.177	0.115	3.352	0.488	0.302	0.094	-7774.526
21	6	335	253	0.4616	0.124	0.558	0.045	0.012	0.012	0.056	0.304	0.210	0.002	0.151	2.449	0.454	0.108	0.056	-2776.330
21	6	330	189	0.4462	0.032	0.194	0.007	0.013	0.003	0.029	0.364	0.050	0.069	0.070	3.045	0.730	0.032	0.044	-2254.433
21	6	318	160	0.4203	0.017	0.098	0.000	0.003	0.007	0.016	0.127	0.102	0.029	0.076	3.880	0.529	0.000	0.071	-1919.082
21	6	1543	621	0.5595	0.095	0.150	0.027	0.007	0.005	0.028	0.282	0.064	0.087	0.100	3.228	0.938	0.030	0.024	-10395.226
21	6	467	255	0.6054	0.062	0.169	0.014	0.023	0.002	0.046	0.306	0.084	0.072	0.083	5.348	0.789	0.059	0.045	-3252.965
21	6	305	241	0.3995	0.104	0.460	0.032	0.020	0.027	0.016	0.467	0.097	0.149	0.118	3.303	0.520	0.065	0.075	-2590.184
21	6	294	188	0.5537	0.052	0.356	0.032	0.011	0.003	0.014	0.230	0.098	0.052	0.123	2.612	0.682	0.080	0.023	-2183.123
21	6	465	348	0.4006	0.187	0.272	0.052	0.004	0.016	0.017	0.797	0.242	0.179	0.145	2.711	0.389	0.248	0.078	-4324.226
21	6	300	185	0.5627	0.045	0.085	0.023	0.014	0.000	0.029	0.339	0.131	0.059	0.117	3.619	0.935	0.065	0.064	-2117.542
21	6	186	154	0.5533	0.144	0.431	0.103	0.006	0.006	0.065	0.843	0.031	0.209	0.134	6.519	0.720	0.179	0.073	-1631.934
21	6	509	331	0.6306	0.173	0.292	0.051	0.009	0.006	0.042	0.322	0.078	0.068	0.121	3.885	0.676	0.089	0.082	-3994.078
21	6	173	123	0.4637	0.058	0.062	0.030	0.006	0.000	0.031	0.510	0.163	0.000	0.061	2.780	0.000	0.000	0.042	-1142.068
21	6	474	296	0.5545	0.074	0.172	0.028	0.011	0.002	0.034	0.333	0.177	0.120	0.018	2.879	0.647	0.152	0.106	-3689.820
21	6	381	251	0.4817	0.086	0.221	0.015	0.011	0.011	0.030	0.326	0.048	0.101	0.134	3.336	0.631	0.073	0.080	-2895.408
21	6	448	261	0.4628	0.082	0.093	0.022	0.005	0.002	0.025	0.444	0.163	0.113	0.105	2.972	0.955	0.029	0.050	-3236.483
21	6	798	328	0.5204	0.091	0.144	0.015	0.002	0.004	0.030	0.220	0.083	0.063	0.038	3.947	0.867	0.035	0.036	-4921.746
21	6	200	127	0.5581	0.075	0.553	0.000	0.000	0.000	0.034	0.309	0.084	0.084	0.008	4.108	0.642	0.060	0.005	-1356.809
21	6	401	277	0.6404	0.240	0.181	0.058	0.011	0.018	0.085	0.398	0.190	0.123	0.147	5.188	0.886	0.114	0.076	-3330.076
21	6	940	592	0.4589	0.162	0.199	0.030	0.009	0.007	0.040	0.609	0.132	0.115	0.120	3.475	0.660	0.105	0.088	-7927.521
21	6	308	192	0.4333	0.025	0.123	0.018	0.000	0.010	0.019	0.346	0.010	0.216	0.082	4.375	0.578	0.129	0.021	-2191.651
21	6	317	191	0.4262	0.036	0.213	0.016	0.006	0.003	0.016	0.269	0.101	0.056	0.033	1.835	0.715	0.030	0.030	-2132.016
21	6	371	189	0.5283	0.063	0.120	0.020	0.008	0.003	0.029	0.221	0.024	0.051	0.072	2.807	0.618	0.021	0.027	-2398.583
21	6	972	454	0.4179	0.081	0.118	0.023	0.010	0.004	0.034	0.308	0.089	0.046	0.101	4.274	0.648	0.144	0.069	-6887.786
21	6	385	241	0.4508	0.054	0.068	0.025	0.003	0.013	0.041	0.619	0.116	0.125	0.064	3.408	0.973	0.027	0.086	-2828.673
21	6	562	313	0.4278	0.109	0.082	0.037	0.007	0.004	0.025	0.236	0.090	0.136	0.114	3.225	0.805	0.119	0.047	-4037.704
21	6	439	333	0.5226	0.157	0.314	0.033	0.014	0.007	0.077	0.708	0.148	0.147	0.158	3.079	0.296	0.255	0.025	-4224.967
21	6	144	55	0.6705	0.000	0.014	0.007	0.000	0.000	0.015	0.055	0.030	0.020	0.000	18.533	0.692	0.079	0.000	-652.243
21	6	476	310	0.6124	0.269	0.330	0.068	0.024	0.002	0.056	0.716	0.116	0.136	0.217	8.179	0.900	0.080	0.043	-3816.474
21	6	344	194	0.4241	0.042	0.176	0.041	0.012	0.000	0.027	0.224	0.060	0.141	0.076	3.224	0.552	0.131	0.050	-2461.453
21	6	220	157	0.6062	0.076	0.294	0.058	0.000	0.005	0.034	0.196	0.027	0.102	0.144	5.430	0.275	0.004	0.159	-1637.629
21	6	2057	677	0.5117	0.118	0.157	0.022	0.006	0.008	0.031	0.218	0.089	0.089	0.145	2.051	0.963	0.011	0.007	-13321.674
21	6	316	269	0.3968	0.159	0.513	0.041	0.010	0.010	0.051	0.584	0.161	0.178	0.193	3.276	0.319	0.141	0.105	-3069.748
21	6	256	185	0.5580	0.171	0.243	0.025	0.008	0.000	0.065	0.443	0.138	0.046	0.196	3.578	0.531	0.108	0.058	-2094.967
21	6	309	217	0.5302	0.204	0.158	0.022	0.007	0.010	0.057	0.327	0.061	0.087	0.174	3.079	0.859	0.055	0.072	-2377.173
21	6	206	179	0.5709	0.330	0.988	0.029	0.025	0.000	0.043	0.974	0.114	0.182	0.260	3.666	0.694	0.082	0.063	-1963.087
21	6	578	440	0.5299	0.176	0.450	0.060	0.008	0.018	0.073	0.523	0.150	0.176	0.184	3.593	0.645	0.084	0.123	-5503.766
21	6	115	103	0.6918	0.465	3.437	0.115	0.007	0.029	0.000	0.539	0.000	0.206	0.487	5.303	0.411	0.178	0.050	-1169.123
21	6	252	237	0.6147	0.554	1.139	0.061	0.019	0.011	0.113	0.615	0.081	0.245	0.580	4.391	0.314	0.222	0.163	-2674.894
21	6	949	406	0.5687	0.114	0.244	0.025	0.011	0.010	0.028	0.229	0.083	0.075	0.160	2.887	0.893	0.041	0.016	-6524.042
21	6	209	171	0.6062	0.141	0.258	0.002	0.026	0.008	0.123	0.480	0.071	0.112	0.077	3.586	0.558	0.025	0.145	-1760.321
21	6	449	280	0.6397	0.149	0.245	0.009	0.009	0.018	0.068	0.516	0.069	0.098	0.127	3.138	0.682	0.022	0.042	-3447.156
21	6	626	349	0.6462	0.135	0.301	0.051	0.003	0.018	0.054	0.261	0.036	0.059	0.109	4.991	0.838	0.031	0.038	-4460.187
21	6	732	422	0.4576	0.084	0.169	0.025	0.007	0.006	0.011	0.309	0.124	0.158	0.122	3.581	0.739	0.106	0.070	-5536.641
21	6	181	122	0.6056	0.281	0.012	0.000	0.000	0.011	0.058	0.366	0.042	0.069	0.263	5.480	0.910	0.090	0.060	-1281.446
21	6	1027	405	0.5466	0.000	0.115	0.018	0.007	0.003	0.030	0.232	0.061	0.070	0.128	3.006	0.974	0.026	0.028	-6607.405
21	6	159	118	0.4249	0.095	0.193	0.005	0.006	0.000	0.021	0.188	0.021	0.139	0.024	3.948	0.345	0.013	0.063	-1069.902
21	6	314	178	0.4454	0.112	0.121	0.002	0.000	0.003	0.015	0.228	0.038	0.136	0.178	3.112	0.731	0.042	0.005	-2061.954
21	6	174	139	0.4411	0.029	0.269	0.036	0.006	0.000	0.030	0.309	0.056	0.156	0.160	2.861	0.000	0.000	0.198	-1389.327
21	6	310	238	0.4335	0.115	0.301	0.029	0.016	0.027	0.033	0.413	0.142	0.178	0.132	4.460	0.335	0.241	0.133	-2762.796
21	6	445	315	0.5861	0.138	0.268	0.029	0.002	0.008	0.064	0.296	0.117	0.066	0.163	5.379	0.466	0.161	0.095	-3611.394
21	6	191	136	0.6204	0.163	0.091	0.024	0.000	0.016	0.065	0.364	0.118	0.085	0.165	4.604	0.687	0.082	0.044	-1424.396
21	6	305	245	0.5541	0.200	0.572	0.037	0.017	0.021	0.064	0.454	0.077	0.146	0.246	3.630	0.602	0.217	0.030	-2780.549
21	6	602	316	0.6463	0.172	0.210	0.014	0.006	0.010	0.076	0.278	0.091	0.103	0.165	5.421	0.830	0.104	0.037	-4384.962
21	6	212	184	0.4772	0.108	0.515	0.041	0.009	0.030	0.092	0.491	0.162	0.099	0.116	2.940	0.231	0.075	0.210	-2040.472
21	6	276	182	0.6898	0.273	0.198	0.034	0.000	0.015	0.090	0.326	0.094	0.000	0.199	5.199	0.748	0.051	0.057	-2032.120
21	6	291	209	0.6672	0.190	0.317	0.021	0.011	0.025	0.093	0.451	0.050	0.119	0.174	6.316	0.632	0.120	0.031	-2352.343
21	6	364	264	0.6252	0.196	0.307	0.016	0.012	0.012	0.043	0.406	0.105	0.102	0.148	5.792	0.211	0.128	0.036	-3019.188
21	6	407	257	0.4662	0.035	0.135	0.020	0.002	0.008	0.029	0.253	0.118	0.087	0.097	3.404	0.670	0.023	0.075	-2850.853
21	6	485	237	0.4605	0.076	0.103	0.003	0.008	0.002	0.037	0.200	0.070	0.060	0.024	2.995	0.644	0.029	0.022	-3082.136
21	6	946	523	0.5920	0.122	0.205	0.035	0.012	0.021	0.061	0.357	0.108	0.098	0.112	5.306	0.821	0.059	0.058	-7272.922
21	6	173	169	0.4766	0.198	1.378	0.021	0.000	0.018	0.039	0.630	0.503	0.316	0.263	2.532	0.123	0.345	0.065	-2100.102
21	6	254	123	0.4035	0.037	0.065	0.022	0.000	0.004	0.000	0.128	0.050	0.017	0.063	1.541	0.646	0.027	0.000	-1417.307
21	6	274	171	0.5397	0.104	0.275	0.010	0.009	0.006	0.049	0.190	0.065	0.078	0.004	4.319	0.644	0.000	0.023	-1859.239
21	6	282	205	0.5390	0.133	0.389	0.036	0.006	0.023	0.092	0.332	0.096	0.148	0.123	3.802	0.698	0.032	0.051	-2318.216
21	6	311	219	0.4133	0.091	0.208	0.016	0.000	0.000	0.050	0.492	0.136	0.067	0.093	3.277	0.666	0.021	0.088	-2388.420
21	6	232	179	0.5143	0.164	0.253	0.031	0.000	0.004	0.059	0.380	0.132	0.062	0.137	2.370	0.510	0.059	0.047	-1825.891
21	6	428	246	0.4568	0.056	0.058	0.011	0.000	0.002	0.033	0.498	0.055	0.193	0.145	3.552	0.985	0.015	0.039	-2933.498
21	6	399	287	0.4096	0.111	0.268	0.017	0.010	0.011	0.032	0.563	0.165	0.160	0.130	2.951	0.520	0.147	0.105	-3435.587
21	6	1133	448	0.5331	0.070	0.068	0.015	0.003	0.000	0.026	0.282	0.065	0.077	0.058	2.590	0.964	0.036	0.052	-7345.893
21	6	612	259	0.4179	0.068	0.107	0.020	0.000	0.000	0.028	0.454	0.090	0.073	0.010	3.296	0.835	0.013	0.014	-3857.170
21	6	422	201	0.4575	0.036	0.068	0.020	0.000	0.000	0.000	0.158	0.069	0.220	0.073	4.415	0.714	0.018	0.015	-2618.690
21	6	347	168	0.5080	0.010	0.197	0.015	0.000	0.006	0.009	0.153	0.058	0.062	0.066	2.692	0.781	0.026	0.001	-2137.527
21	6	433	279	0.5758	0.116	0.282	0.017	0.005	0.002	0.058	0.305	0.070	0.089	0.120	4.270	0.735	0.077	0.049	-3232.691
21	6	520	308	0.5833	0.071	0.351	0.031	0.002	0.008	0.054	0.434	0.094	0.126	0.099	3.027	0.738	0.112	0.042	-4050.988
21	6	291	177	0.6369	0.066	0.294	0.011	0.026	0.016	0.077	0.424	0.079	0.105	0.059	5.053	0.811	0.042	0.014	-2097.559
21	6	197	164	0.6221	0.137	0.471	0.022	0.016	0.026	0.086	0.444	0.149	0.161	0.113	3.051	0.450	0.261	0.054	-1853.562
21	6	313	222	0.6526	0.250	0.378	0.039	0.018	0.017	0.079	0.411	0.120	0.084	0.259	4.431	0.789	0.080	0.026	-2542.581
21	6	370	241	0.4526	0.117	0.191	0.016	0.006	0.000	0.044	0.327	0.151	0.072	0.120	2.257	0.653	0.000	0.100	-2873.910
21	6	257	215	0.5724	0.283	0.544	0.036	0.000	0.004	0.049	0.454	0.066	0.141	0.262	3.085	0.530	0.306	0.071	-2424.271
21	6	377	226	0.4649	0.060	0.054	0.023	0.006	0.008	0.024	0.230	0.166	0.049	0.079	2.230	0.689	0.020	0.069	-2568.305
21	6	308	232	0.3920	0.146	0.183	0.040	0.010	0.009	0.056	0.549	0.167	0.101	0.168	2.720	0.316	0.070	0.112	-2697.907
21	6	788	531	0.4876	0.398	0.231	0.048	0.009	0.014	0.087	0.436	0.076	0.088	0.431	3.790	0.780	0.149	0.129	-7175.983
21	6	377	267	0.5328	0.131	0.239	0.018	0.001	0.010	0.101	0.542	0.081	0.120	0.134	3.764	0.744	0.101	0.070	-3135.295
21	6	253	188	0.5047	0.182	0.117	0.036	0.000	0.016	0.057	0.376	0.113	0.075	0.164	3.438	0.933	0.067	0.036	-1859.494
21	6	482	392	0.5740	0.262	0.480	0.064	0.016	0.006	0.097	0.813	0.141	0.161	0.241	3.462	0.488	0.239	0.073	-4861.871
21	6	803	383	0.4225	0.038	0.096	0.017	0.008	0.004	0.030	0.282	0.095	0.162	0.056	3.528	0.799	0.046	0.044	-5530.317
21	6	1144	450	0.4599	0.055	0.100	0.012	0.003	0.003	0.021	0.241	0.095	0.093	0.067	3.157	0.856	0.060	0.032	-7516.540
21	6	317	207	0.4080	0.066	0.085	0.023	0.004	0.003	0.027	0.422	0.111	0.095	0.102	3.507	0.597	0.066	0.091	-2313.065
21	6	350	217	0.5284	0.138	0.190	0.023	0.015	0.008	0.045	0.239	0.097	0.087	0.190	2.595	0.966	0.034	0.016	-2443.618
21	6	380	260	0.6028	0.187	0.433	0.070	0.011	0.000	0.039	0.553	0.103	0.221	0.154	3.535	0.742	0.103	0.036	-3236.770
21	6	140	132	0.4706	0.118	1.162	0.033	0.028	0.023	0.049	0.604	0.251	0.153	0.106	2.812	0.149	0.045	0.255	-1535.605
21	6	144	139	0.4803	0.135	1.351	0.032	0.022	0.014	0.104	0.791	0.226	0.033	0.137	3.390	0.292	0.241	0.059	-1547.054
21	6	1072	519	0.6181	0.146	0.187	0.030	0.004	0.006	0.034	0.322	0.054	0.088	0.152	3.978	0.816	0.026	0.048	-7734.987
21	6	728	483	0.4234	0.096	0.166	0.016	0.003	0.007	0.045	0.442	0.144	0.194	0.088	3.722	0.602	0.308	0.116	-5893.946
21	6	270	154	0.4816	0.001	0.127	0.015	0.004	0.004	0.013	0.270	0.067	0.012	0.126	1.229	0.668	0.008	0.056	-1750.835
21	6	360	182	0.4142	0.038	0.152	0.019	0.005	0.009	0.011	0.209	0.049	0.073	0.033	4.681	0.707	0.045	0.002	-2249.556
21	6	843	474	0.4311	0.122	0.201	0.020	0.003	0.005	0.044	0.350	0.147	0.109	0.084	4.306	0.702	0.094	0.100	-6603.905
21	6	413	199	0.6373	0.100	0.158	0.010	0.000	0.003	0.033	0.184	0.055	0.035	0.083	4.503	0.885	0.014	0.022	-2531.724
21	6	454	266	0.5951	0.099	0.365	0.015	0.004	0.005	0.026	0.197	0.078	0.078	0.167	2.901	0.789	0.068	0.012	-3251.487
21	6	411	329	0.4219	0.215	0.249	0.023	0.007	0.013	0.068	0.598	0.158	0.140	0.215	2.907	0.651	0.285	0.178	-3812.708
21	6	1514	506	0.6439	0.048	0.096	0.017	0.008	0.008	0.034	0.262	0.081	0.051	0.088	3.415	0.738	0.145	0.000	-9615.722
21	6	709	428	0.5321	0.163	0.159	0.038	0.007	0.012	0.044	0.320	0.077	0.141	0.173	3.398	0.720	0.137	0.089	-5727.182
21	6	783	458	0.4977	0.152	0.238	0.034	0.005	0.012	0.035	0.381	0.110	0.105	0.147	2.739	0.737	0.102	0.058	-6314.586
21	6	297	269	0.4482	0.195	0.686	0.049	0.017	0.025	0.098	0.488	0.091	0.288	0.264	2.513	0.262	0.179	0.218	-3227.623
21	6	545	197	0.5598	0.021	0.044	0.008	0.008	0.010	0.016	0.176	0.020	0.049	0.053	3.354	0.977	0.017	0.027	-3028.631
21	6	183	130	0.5592	0.099	0.379	0.031	0.017	0.018	0.022	0.157	0.051	0.011	0.150	5.150	0.601	0.096	0.021	-1306.283
21	6	1075	557	0.4618	0.123	0.198	0.021	0.006	0.006	0.035	0.259	0.089	0.110	0.116	3.113	0.803	0.052	0.066	-7978.379
21	6	585	411	0.5123	0.238	0.333	0.044	0.011	0.002	0.055	0.398	0.168	0.113	0.185	2.815	0.606	0.204	0.082	-5310.178
21	6	219	168	0.6807	0.222	0.440	0.024	0.014	0.025	0.042	0.508	0.103	0.085	0.206	4.842	0.441	0.082	0.068	-1898.979
21	6	640	356	0.5256	0.182	0.286	0.027	0.003	0.008	0.028	0.258	0.125	0.081	0.114	3.028	0.789	0.066	0.031	-4790.246
21	6	450	283	0.5518	0.139	0.238	0.026	0.014	0.009	0.039	0.315	0.034	0.154	0.075	5.631	0.712	0.052	0.042	-3344.438
21	6	151	138	0.5834	0.105	0.634	0.041	0.000	0.020	0.094	0.576	0.080	0.214	0.136	4.879	0.153	0.025	0.187	-1441.951
21	6	416	259	0.5841	0.214	0.672	0.004	0.014	0.013	0.105	0.287	0.103	0.061	0.203	5.455	0.868	0.044	0.020	-3162.348
21	6	635	336	0.4886	0.052	0.154	0.026	0.008	0.012	0.041	0.231	0.068	0.097	0.113	3.934	0.790	0.036	0.040	-4414.223
21	6	1238	441	0.5336	0.122	0.092	0.017	0.006	0.005	0.025	0.228	0.059	0.078	0.043	2.903	0.915	0.020	0.005	-7677.641
21	6	316	204	0.4445	0.092	0.201	0.011	0.000	0.003	0.033	0.309	0.080	0.106	0.086	2.260	0.520	0.080	0.049	-2347.706
21	6	2047	1120	0.5145	0.169	0.223	0.060	0.010	0.010	0.077	0.478	0.126	0.113	0.216	2.895	0.895	0.105	0.077	-17516.361
21	6	147	114	0.5729	0.137	0.117	0.032	0.007	0.007	0.031	0.396	0.034	0.008	0.085	2.362	0.061	0.011	0.066	-1079.393
21	6	654	383	0.4637	0.113	0.230	0.039	0.009	0.004	0.018	0.371	0.096	0.127	0.107	2.470	0.602	0.083	0.033	-5105.543
21	6	291	256	0.4663	0.239	0.623	0.021	0.003	0.011	0.106	0.494	0.197	0.106	0.237	3.344	0.403	0.293	0.125	-2955.368
21	6	456	249	0.4525	0.098	0.174	0.028	0.009	0.007	0.031	0.244	0.126	0.053	0.024	2.869	0.674	0.100	0.006	-3206.001
21	6	907	436	0.6151	0.227	0.180	0.039	0.002	0.008	0.087	0.262	0.069	0.136	0.258	5.335	0.891	0.036	0.026	-6366.932
21	6	299	271	0.4656	0.181	0.613	0.035	0.006	0.032	0.084	0.670	0.157	0.189	0.175	3.650	0.239	0.203	0.214	-3103.685
21	6	276	188	0.6057	0.127	0.276	0.031	0.035	0.021	0.130	0.363	0.112	0.108	0.146	3.093	0.756	0.121	0.082	-2324.437
21	6	834	421	0.6285	0.079	0.205	0.033	0.014	0.013	0.046	0.386	0.094	0.093	0.127	4.583	0.893	0.050	0.021	-5930.569
21	6	448	327	0.4725	0.152	0.181	0.050	0.003	0.018	0.024	0.484	0.128	0.196	0.223	2.957	0.477	0.088	0.117	-3980.592
21	6	299	208	0.4863	0.137	0.394	0.054	0.003	0.003	0.046	0.312	0.109	0.052	0.089	4.157	0.693	0.072	0.029	-2263.287
21	6	759	327	0.4584	0.032	0.092	0.011	0.006	0.008	0.027	0.337	0.150	0.069	0.072	4.067	0.890	0.025	0.025	-5028.720
21	6	547	292	0.3961	0.063	0.243	0.025	0.002	0.002	0.024	0.248	0.205	0.037	0.094	3.024	0.789	0.077	0.080	-3722.369
21	6	1534	849	0.4919	0.200	0.264	0.029	0.009	0.010	0.032	0.412	0.121	0.141	0.216	3.337	0.830	0.084	0.081	-12722.612
21	6	156	126	0.5658	0.190	0.486	0.009	0.000	0.000	0.025	0.255	0.122	0.029	0.209	2.304	0.570	0.045	0.045	-1237.316
21	6	443	276	0.3946	0.196	0.232	0.025	0.002	0.002	0.046	0.379	0.052	0.075	0.190	2.935	0.616	0.062	0.131	-3475.906
21	6	245	138	0.5825	0.089	0.134	0.044	0.004	0.000	0.029	0.153	0.074	0.042	0.045	3.651	0.693	0.000	0.040	-1555.806
21	6	421	255	0.4289	0.128	0.170	0.008	0.005	0.002	0.026	0.178	0.106	0.100	0.067	4.066	0.600	0.073	0.074	-2993.238
21	6	382	243	0.6272	0.159	0.345	0.036	0.003	0.011	0.038	0.231	0.095	0.070	0.150	3.402	0.722	0.130	0.044	-2924.307
21	6	277	228	0.6877	0.292	0.343	0.061	0.022	0.029	0.105	1.140	0.306	0.060	0.259	3.258	0.558	0.269	0.092	-2808.864
21	6	458	172	0.5037	0.002	0.078	0.005	0.000	0.000	0.010	0.135	0.047	0.025	0.052	2.036	0.711	0.013	0.040	-2560.289
21	6	901	534	0.3972	0.100	0.166	0.016	0.017	0.011	0.040	0.514	0.105	0.079	0.106	3.640	0.628	0.194	0.071	-7055.405
21	6	524	301	0.5289	0.096	0.202	0.038	0.006	0.008	0.042	0.392	0.089	0.115	0.141	3.505	0.769	0.052	0.030	-3876.709
21	6	158	140	0.6353	0.346	0.525	0.031	0.026	0.013	0.078	0.632	0.127	0.065	0.367	4.644	0.519	0.051	0.127	-1451.349
21	6	1117	617	0.4226	0.096	0.137	0.026	0.005	0.008	0.039	0.418	0.176	0.178	0.080	3.569	0.638	0.205	0.069	-9000.897
21	6	540	288	0.6023	0.079	0.166	0.017	0.005	0.004	0.039	0.283	0.076	0.096	0.021	4.117	0.886	0.027	0.047	-3649.960
21	6	353	196	0.5035	0.068	0.102	0.027	0.006	0.005	0.043	0.274	0.070	0.094	0.094	2.009	0.473	0.035	0.037	-2468.235
21	6	314	203	0.6213	0.091	0.275	0.037	0.013	0.004	0.067	0.293	0.064	0.092	0.156	4.891	0.693	0.055	0.055	-2373.759
21	6	709	349	0.4787	0.085	0.087	0.005	0.002	0.007	0.038	0.183	0.110	0.061	0.100	3.370	0.944	0.036	0.032	-4603.771
21	6	368	175	0.5559	0.110	0.069	0.009	0.008	0.005	0.019	0.162	0.044	0.050	0.058	8.171	0.627	0.054	0.005	-2219.643
21	6	466	365	0.4662	0.129	0.312	0.048	0.013	0.009	0.044	0.627	0.168	0.189	0.192	3.124	0.565	0.159	0.116	-4390.530
21	6	545	314	0.6928	0.195	0.184	0.022	0.006	0.017	0.115	0.498	0.048	0.165	0.112	6.625	0.866	0.045	0.029	-4049.095
21	6	344	241	0.6092	0.181	0.294	0.035	0.014	0.003	0.062	0.313	0.040	0.120	0.203	4.710	0.701	0.095	0.051	-2682.776
21	6	809	570	0.6042	0.263	0.358	0.057	0.022	0.008	0.079	0.687	0.165	0.142	0.263	4.761	0.670	0.212	0.059	-7094.485
21	6	560	325	0.5840	0.154	0.397	0.027	0.004	0.007	0.051	0.262	0.072	0.068	0.084	3.525	0.795	0.087	0.016	-4173.299
21	6	441	242	0.4721	0.012	0.167	0.013	0.003	0.012	0.053	0.209	0.031	0.090	0.090	3.032	0.727	0.022	0.017	-2890.664
21	6	889	361	0.5827	0.100	0.130	0.020	0.007	0.003	0.024	0.187	0.082	0.062	0.076	3.358	0.885	0.037	0.008	-5659.881
21	6	283	198	0.5840	0.091	0.377	0.056	0.003	0.015	0.090	0.328	0.075	0.079	0.110	5.446	0.491	0.159	0.027	-2318.077
21	6	321	187	0.4306	0.064	0.187	0.034	0.003	0.003	0.015	0.233	0.048	0.119	0.099	2.358	0.707	0.008	0.037	-2199.211
21	6	1141	533	0.4596	0.076	0.136	0.030	0.004	0.007	0.024	0.312	0.075	0.097	0.157	2.702	0.940	0.049	0.052	-8216.676
21	6	253	141	0.7220	0.106	0.277	0.000	0.000	0.009	0.119	0.257	0.010	0.096	0.042	8.763	0.765	0.053	0.037	-1664.966
21	6	778	379	0.4733	0.053	0.152	0.016	0.004	0.007	0.037	0.262	0.125	0.082	0.032	2.326	0.682	0.022	0.080	-5498.678
21	6	920	417	0.5495	0.068	0.064	0.016	0.007	0.005	0.038	0.280	0.069	0.092	0.111	3.453	0.845	0.017	0.033	-6090.971
21	6	334	224	0.5559	0.212	0.297	0.016	0.000	0.003	0.031	0.332	0.034	0.069	0.178	2.184	0.727	0.056	0.038	-2524.418
21	6	295	210	0.5090	0.101	0.317	0.031	0.000	0.014	0.032	0.246	0.152	0.157	0.117	2.712	0.684	0.056	0.038	-2342.198
21	6	521	335	0.4666	0.109	0.309	0.013	0.017	0.000	0.059	0.446	0.108	0.119	0.144	2.968	0.692	0.078	0.075	-4298.639
21	6	398	174	0.6619	0.045	0.155	0.015	0.003	0.003	0.022	0.181	0.046	0.045	0.064	5.158	0.879	0.026	0.015	-2354.967
21	6	478	333	0.4515	0.159	0.462	0.039	0.021	0.006	0.027	0.413	0.135	0.091	0.176	2.247	0.747	0.145	0.065	-4170.637
21	6	231	131	0.5411	0.003	0.212	0.020	0.004	0.000	0.011	0.155	0.060	0.056	0.040	4.239	0.687	0.039	0.010	-1406.566
21	6	311	240	0.4702	0.106	0.315	0.061	0.016	0.003	0.042	0.407	0.123	0.090	0.185	2.678	0.536	0.162	0.096	-2715.937
21	6	373	303	0.4039	0.244	0.497	0.020	0.005	0.009	0.016	0.738	0.064	0.171	0.259	2.846	0.440	0.236	0.060	-3507.127
21	6	210	150	0.4830	0.031	0.394	0.016	0.005	0.000	0.019	0.266	0.052	0.063	0.041	4.184	0.532	0.103	0.000	-1461.827
21	6	141	123	0.5780	0.184	0.663	0.032	0.008	0.000	0.207	0.587	0.044	0.122	0.229	1.517	0.405	0.059	0.102	-1378.388
21	6	189	136	0.5264	0.157	0.240	0.021	0.000	0.000	0.044	0.301	0.035	0.056	0.201	4.002	0.662	0.075	0.057	-1360.288
21	6	419	240	0.5739	0.161	0.135	0.042	0.010	0.007	0.027	0.384	0.077	0.082	0.136	4.236	0.922	0.078	0.040	-3045.733
21	6	228	195	0.6326	0.148	0.621	0.050	0.000	0.005	0.053	0.484	0.109	0.120	0.168	3.408	0.000	0.000	0.091	-2169.156
21	6	230	155	0.4833	0.099	0.048	0.033	0.009	0.000	0.012	0.305	0.157	0.113	0.104	3.746	0.663	0.024	0.141	-1663.787
21	6	652	364	0.6239	0.191	0.114	0.024	0.008	0.011	0.035	0.416	0.134	0.113	0.140	4.995	0.773	0.034	0.040	-4873.602
21	6	358	238	0.6226	0.132	0.204	0.044	0.003	0.008	0.044	0.375	0.074	0.051	0.133	4.528	0.573	0.000	0.103	-2661.139
21	6	373	323	0.4834	0.210	0.699	0.048	0.013	0.018	0.052	0.654	0.117	0.190	0.177	2.617	0.424	0.244	0.083	-3856.067
21	6	879	466	0.5234	0.057	0.206	0.025	0.005	0.013	0.063	0.360	0.090	0.150	0.120	3.714	0.850	0.086	0.056	-6741.083
21	6	391	185	0.6417	0.054	0.142	0.022	0.003	0.003	0.028	0.173	0.031	0.079	0.057	3.278	0.831	0.000	0.030	-2364.678
21	6	429	259	0.5621	0.202	0.139	0.009	0.005	0.005	0.027	0.211	0.127	0.130	0.222	3.742	0.739	0.020	0.012	-2998.990
21	6	206	116	0.5645	0.047	0.228	0.000	0.000	0.000	0.050	0.166	0.059	0.019	0.057	5.923	0.744	0.063	0.022	-1261.793
21	6	338	246	0.5795	0.251	1.123	0.049	0.026	0.025	0.074	0.636	0.068	0.112	0.282	4.613	0.682	0.118	0.041	-3009.432
21	6	362	129	0.4932	0.030	0.035	0.009	0.003	0.003	0.009	0.046	0.013	0.041	0.018	2.891	0.606	0.027	0.000	-1850.245
21	6	844	427	0.4628	0.076	0.154	0.022	0.002	0.001	0.042	0.334	0.077	0.075	0.077	3.369	0.378	0.247	0.000	-6002.785
21	6	225	151	0.4580	0.095	0.188	0.026	0.014	0.000	0.022	0.263	0.072	0.159	0.094	3.368	0.272	0.092	0.024	-1713.243
21	6	291	208	0.5752	0.141	0.320	0.033	0.020	0.012	0.029	0.396	0.112	0.062	0.197	2.968	0.643	0.093	0.069	-2427.561
21	6	239	149	0.4540	0.022	0.320	0.022	0.000	0.004	0.000	0.236	0.061	0.081	0.008	3.890	0.604	0.068	0.000	-1571.748
21	6	618	347	0.4850	0.061	0.219	0.035	0.017	0.006	0.023	0.291	0.121	0.169	0.138	2.831	0.832	0.045	0.026	-4586.569
21	6	251	166	0.5145	0.029	0.140	0.042	0.000	0.017	0.027	0.198	0.068	0.122	0.116	3.460	0.472	0.052	0.020	-1738.679
21	6	375	218	0.4832	0.068	0.227	0.020	0.006	0.005	0.034	0.202	0.072	0.089	0.110	1.988	0.755	0.019	0.020	-2532.102
21	6	269	167	0.5330	0.119	0.073	0.021	0.012	0.004	0.030	0.266	0.085	0.098	0.126	3.082	0.967	0.033	0.048	-1853.590
21	6	1098	455	0.4440	0.087	0.237	0.010	0.006	0.006	0.034	0.147	0.063	0.065	0.078	2.403	0.812	0.074	0.010	-7378.655
21	6	219	161	0.4406	0.127	0.199	0.005	0.023	0.000	0.047	0.291	0.098	0.104	0.079	2.102	0.597	0.073	0.027	-1611.114
21	6	555	307	0.5143	0.089	0.155	0.020	0.011	0.007	0.030	0.243	0.144	0.081	0.095	3.303	0.707	0.029	0.060	-4011.555
21	6	329	239	0.5095	0.159	0.338	0.024	0.006	0.020	0.087	0.445	0.184	0.114	0.160	2.895	0.500	0.105	0.055	-2856.608
21	6	503	266	0.6190	0.095	0.192	0.037	0.005	0.005	0.017	0.433	0.050	0.059	0.049	2.857	0.852	0.034	0.021	-3363.256
21	6	140	132	0.6098	0.488	2.676	0.175	0.000	0.015	0.090	0.657	0.265	0.174	0.448	3.384	0.467	0.218	0.100	-1615.962
21	6	202	123	0.4989	0.026	0.174	0.008	0.000	0.005	0.008	0.143	0.054	0.080	0.047	2.799	0.558	0.051	0.000	-1265.386
21	6	294	220	0.5681	0.147	0.199	0.073	0.000	0.007	0.033	0.444	0.080	0.101	0.085	2.252	0.698	0.025	0.078	-2334.189
21	6	220	183	0.4598	0.131	0.287	0.040	0.005	0.014	0.083	0.528	0.171	0.096	0.150	2.005	0.684	0.184	0.100	-2005.690
21	6	296	143	0.5161	0.044	0.121	0.014	0.007	0.007	0.007	0.185	0.017	0.040	0.010	2.158	0.437	0.000	0.025	-1715.433
21	6	762	427	0.4519	0.114	0.142	0.013	0.008	0.009	0.024	0.426	0.170	0.127	0.090	3.856	0.835	0.117	0.096	-5982.338
21	6	877	534	0.5634	0.195	0.203	0.039	0.011	0.008	0.048	0.317	0.125	0.132	0.122	3.105	0.737	0.062	0.084	-7123.110
21	6	499	312	0.6011	0.091	0.271	0.029	0.009	0.000	0.026	0.411	0.096	0.080	0.041	3.434	0.868	0.054	0.031	-3593.864
21	6	367	217	0.4535	0.058	0.298	0.011	0.000	0.009	0.039	0.283	0.079	0.075	0.033	4.092	0.589	0.051	0.042	-2611.364
21	6	325	266	0.4132	0.095	0.361	0.026	0.010	0.006	0.056	0.514	0.190	0.215	0.154	4.103	0.504	0.078	0.093	-2866.975
21	6	639	307	0.5353	0.193	0.201	0.008	0.016	0.006	0.017	0.193	0.094	0.098	0.136	4.163	0.860	0.019	0.003	-4273.134
21	6	362	213	0.4750	0.077	0.259	0.023	0.006	0.003	0.080	0.259	0.106	0.106	0.112	2.416	0.822	0.060	0.024	-2659.730
21	6	375	221	0.4486	0.080	0.419	0.016	0.003	0.000	0.015	0.227	0.040	0.065	0.028	2.098	0.787	0.068	0.008	-2614.747
21	6	437	288	0.4458	0.173	0.224	0.028	0.010	0.005	0.062	0.397	0.038	0.126	0.161	2.783	0.690	0.061	0.063	-3475.578
21	6	249	145	0.4056	0.049	0.136	0.015	0.012	0.005	0.036	0.194	0.075	0.042	0.072	3.461	0.710	0.060	0.011	-1595.765
21	6	314	221	0.6325	0.099	0.533	0.065	0.017	0.012	0.088	0.511	0.074	0.164	0.063	8.054	0.773	0.035	0.061	-2579.783
21	6	412	310	0.4985	0.122	0.377	0.031	0.005	0.010	0.023	0.371	0.093	0.150	0.108	2.833	0.625	0.086	0.112	-3496.047
21	6	437	170	0.6262	0.031	0.145	0.016	0.000	0.000	0.021	0.144	0.026	0.041	0.029	3.786	0.811	0.042	0.009	-2464.920
21	6	274	222	0.4499	0.262	0.601	0.019	0.004	0.000	0.018	0.346	0.125	0.101	0.338	2.522	0.687	0.055	0.082	-2397.664
21	6	155	139	0.5928	0.075	0.971	0.013	0.007	0.000	0.121	0.514	0.022	0.261	0.109	2.812	0.340	0.096	0.123	-1534.203
21	6	486	302	0.5205	0.169	0.201	0.015	0.002	0.004	0.058	0.366	0.058	0.123	0.175	3.585	0.752	0.016	0.029	-3571.332
21	6	574	414	0.4963	0.195	0.329	0.023	0.013	0.010	0.039	0.508	0.110	0.261	0.183	3.263	0.665	0.098	0.055	-5033.792
21	6	1322	691	0.4170	0.166	0.161	0.026	0.006	0.008	0.048	0.366	0.123	0.145	0.125	3.195	0.718	0.170	0.073	-10725.499
21	6	216	178	0.5592	0.113	0.457	0.033	0.009	0.015	0.089	0.381	0.116	0.143	0.115	3.740	0.596	0.062	0.098	-1897.477
21	6	777	349	0.4461	0.084	0.092	0.006	0.004	0.014	0.022	0.197	0.091	0.072	0.045	3.333	0.816	0.064	0.043	-5058.242
21	6	568	342	0.5791	0.128	0.186	0.017	0.000	0.013	0.032	0.323	0.069	0.055	0.180	4.087	0.635	0.041	0.107	-4254.919
21	6	845	411	0.4824	0.092	0.172	0.018	0.006	0.005	0.037	0.330	0.077	0.094	0.064	2.687	0.830	0.040	0.038	-5962.594
21	6	443	214	0.5184	0.070	0.098	0.018	0.004	0.008	0.029	0.228	0.064	0.065	0.086	2.240	0.739	0.069	0.026	-2883.350
21	6	577	254	0.4478	0.078	0.062	0.021	0.007	0.000	0.017	0.252	0.074	0.076	0.067	3.842	0.797	0.032	0.041	-3710.517
21	6	783	455	0.4519	0.112	0.235	0.013	0.011	0.006	0.055	0.366	0.161	0.117	0.100	3.194	0.748	0.104	0.076	-6274.680
21	6	430	219	0.5956	0.000	0.022	0.039	0.003	0.010	0.037	0.445	0.081	0.085	0.415	4.119	0.613	0.054	0.031	-3052.864
21	6	323	238	0.5793	0.484	0.215	0.031	0.009	0.024	0.048	0.821	0.230	0.161	0.495	5.879	0.682	0.176	0.049	-2954.366
21	6	483	207	0.3837	0.004	0.087	0.013	0.000	0.002	0.011	0.243	0.064	0.071	0.051	4.269	0.550	0.000	0.039	-2903.896
21	6	324	240	0.4804	0.206	0.367	0.004	0.000	0.044	0.078	0.401	0.130	0.052	0.140	2.741	0.605	0.107	0.042	-2642.641
21	6	306	212	0.5862	0.149	0.340	0.021	0.007	0.003	0.026	0.257	0.188	0.086	0.092	3.202	0.676	0.143	0.053	-2417.898
21	6	157	124	0.5202	0.014	0.260	0.045	0.000	0.013	0.076	0.356	0.076	0.058	0.082	3.656	0.401	0.017	0.142	-1208.513
21	6	208	137	0.5656	0.031	0.275	0.017	0.015	0.010	0.024	0.157	0.029	0.079	0.087	1.782	0.778	0.041	0.019	-1392.755
21	6	257	155	0.6172	0.090	0.085	0.045	0.004	0.012	0.011	0.370	0.085	0.038	0.097	2.533	0.964	0.036	0.056	-1763.468
21	6	695	442	0.5665	0.129	0.207	0.029	0.014	0.008	0.037	0.307	0.129	0.147	0.123	3.744	0.734	0.055	0.104	-5571.280
21	6	736	285	0.4248	0.067	0.102	0.014	0.003	0.016	0.018	0.159	0.045	0.053	0.011	3.150	0.812	0.057	0.055	-4557.995
21	6	511	294	0.5813	0.132	0.071	0.023	0.014	0.006	0.018	0.238	0.073	0.111	0.095	3.709	0.765	0.164	0.069	-3651.505
21	6	372	104	0.6643	0.037	0.040	0.014	0.003	0.000	0.000	0.053	0.017	0.005	0.000	12.350	0.784	0.000	0.007	-1672.147
21	6	495	213	0.5843	0.086	0.098	0.048	0.004	0.005	0.020	0.267	0.057	0.015	0.099	4.435	0.993	0.007	0.010	-2917.399
21	6	444	270	0.5874	0.086	0.354	0.029	0.023	0.004	0.048	0.447	0.050	0.073	0.035	3.420	0.846	0.034	0.025	-3187.865
21	6	576	362	0.4163	0.087	0.410	0.000	0.045	0.066	0.045	0.352	0.210	0.018	0.126	2.688	0.447	0.358	0.056	-4654.829
21	6	320	207	0.5564	0.000	0.626	0.052	0.006	0.003	0.047	0.236	0.092	0.121	0.032	1.581	0.764	0.038	0.013	-2424.411
21	6	142	112	0.5325	2.299	0.000	0.000	0.015	0.006	0.090	0.893	0.075	0.052	2.321	4.503	0.914	0.081	0.036	-1173.787
21	6	273	162	0.6108	0.034	0.072	0.031	0.018	0.004	0.018	0.378	0.015	0.075	0.021	4.502	0.300	0.009	0.152	-1754.397
21	6	324	229	0.4773	0.099	0.324	0.044	0.000	0.017	0.006	0.236	0.077	0.061	0.123	2.211	0.570	0.152	0.006	-2466.694
21	6	638	298	0.4396	0.045	0.129	0.019	0.003	0.007	0.027	0.368	0.111	0.090	0.036	2.066	0.827	0.017	0.030	-4248.518
21	6	629	273	0.4853	0.092	0.095	0.016	0.000	0.003	0.015	0.181	0.051	0.073	0.036	2.903	0.817	0.068	0.014	-3946.579
21	6	333	224	0.5818	0.074	0.317	0.014	0.011	0.005	0.030	0.368	0.153	0.119	0.144	3.017	0.703	0.097	0.044	-2594.097
21	6	516	290	0.4596	0.106	0.188	0.012	0.019	0.013	0.031	0.273	0.087	0.075	0.055	3.351	0.615	0.183	0.079	-3815.158
21	6	684	289	0.4408	0.042	0.073	0.012	0.004	0.003	0.028	0.215	0.116	0.084	0.058	3.160	0.806	0.040	0.020	-4378.995
21	6	375	313	0.4788	0.154	0.514	0.045	0.022	0.014	0.055	0.588	0.152	0.187	0.144	2.776	0.391	0.311	0.117	-3725.907
21	6	311	220	0.5026	0.076	0.386	0.056	0.006	0.013	0.090	0.546	0.040	0.149	0.074	3.399	0.687	0.039	0.021	-2465.773
21	6	456	247	0.5538	0.110	0.186	0.038	0.004	0.003	0.042	0.268	0.119	0.083	0.112	7.194	0.784	0.085	0.035	-3186.125
21	6	378	260	0.6150	0.080	0.572	0.068	0.008	0.006	0.037	0.592	0.111	0.106	0.081	3.410	0.711	0.090	0.046	-3192.307
21	6	229	189	0.5848	0.062	0.555	0.007	0.000	0.000	0.054	0.538	0.092	0.196	0.153	4.795	0.636	0.089	0.073	-1902.325
21	6	321	217	0.4264	0.101	0.201	0.030	0.003	0.003	0.025	0.251	0.100	0.077	0.043	3.274	0.647	0.089	0.074	-2312.504
21	6	457	286	0.6232	0.149	0.359	0.045	0.000	0.010	0.055	0.326	0.036	0.065	0.105	4.461	0.818	0.056	0.013	-3305.697
21	6	384	264	0.5033	0.083	0.190	0.065	0.005	0.010	0.045	0.328	0.101	0.083	0.161	3.120	0.706	0.062	0.100	-3044.017
21	6	609	365	0.4588	0.133	0.253	0.023	0.002	0.003	0.017	0.124	0.399	0.019	0.066	2.846	0.719	0.130	0.063	-4332.790
21	6	330	224	0.4234	0.079	0.298	0.054	0.005	0.007	0.050	0.410	0.104	0.134	0.064	3.764	0.531	0.152	0.024	-2671.866
21	6	810	322	0.4201	0.041	0.110	0.014	0.002	0.007	0.017	0.204	0.059	0.130	0.036	3.080	0.861	0.016	0.040	-5082.954
21	6	193	125	0.3797	0.050	0.195	0.000	0.000	0.005	0.005	0.201	0.153	0.024	0.014	3.320	0.162	0.002	0.041	-1232.357
21	6	388	271	0.5301	0.122	0.238	0.037	0.008	0.018	0.036	0.329	0.110	0.113	0.129	4.165	0.522	0.082	0.133	-3189.760
21	6	531	282	0.4657	0.018	0.149	0.015	0.002	0.002	0.030	0.252	0.144	0.074	0.074	2.607	0.772	0.050	0.028	-3589.120
21	6	592	218	0.4749	0.007	0.066	0.010	0.006	0.004	0.029	0.195	0.046	0.050	0.047	3.062	0.858	0.018	0.003	-3473.946
21	6	367	231	0.5618	0.126	0.180	0.011	0.005	0.003	0.059	0.260	0.105	0.088	0.128	4.679	0.695	0.090	0.043	-2676.759
21	6	391	158	0.5546	0.032	0.107	0.020	0.003	0.005	0.015	0.138	0.020	0.037	0.008	4.152	0.624	0.048	0.000	-2223.882
21	6	691	302	0.4805	0.061	0.083	0.019	0.006	0.011	0.017	0.170	0.078	0.086	0.040	4.083	0.796	0.004	0.062	-4383.513
21	6	234	150	0.5848	0.170	0.075	0.005	0.000	0.018	0.044	0.375	0.138	0.000	0.078	3.625	0.807	0.038	0.030	-1572.760
21	6	253	152	0.4506	0.063	0.052	0.012	0.000	0.000	0.016	0.317	0.173	0.046	0.008	3.105	0.959	0.041	0.026	-1591.011
21	6	459	376	0.5955	0.218	0.743	0.086	0.002	0.005	0.103	0.670	0.150	0.178	0.242	3.404	0.520	0.352	0.105	-4759.477
21	6	1148	576	0.4573	0.072	0.162	0.028	0.008	0.006	0.032	0.431	0.143	0.089	0.076	3.684	0.760	0.045	0.096	-8716.754
21	6	383	317	0.5674	0.280	0.573	0.052	0.006	0.014	0.080	0.485	0.128	0.137	0.236	4.893	0.465	0.200	0.079	-3633.943
21	6	690	383	0.6044	0.107	0.282	0.027	0.013	0.010	0.042	0.352	0.090	0.095	0.140	4.809	0.797	0.085	0.032	-5194.989
21	6	546	278	0.4883	0.108	0.075	0.013	0.013	0.004	0.025	0.339	0.113	0.093	0.109	2.712	0.939	0.022	0.051	-3810.584
21	6	495	369	0.4394	0.210	0.203	0.044	0.013	0.006	0.103	0.717	0.173	0.165	0.174	3.262	0.756	0.190	0.095	-4567.551
21	6	122	87	0.5628	0.116	0.418	0.000	0.008	0.000	0.000	0.112	0.024	0.073	0.178	4.173	0.433	0.007	0.096	-806.061
21	6	329	261	0.5563	0.146	0.237	0.034	0.007	0.019	0.065	0.481	0.192	0.114	0.187	3.669	0.670	0.162	0.123	-2921.897
21	6	358	200	0.6101	0.126	0.231	0.008	0.000	0.006	0.045	0.194	0.067	0.043	0.057	3.993	0.736	0.018	0.024	-2387.465
21	6	611	394	0.4948	0.132	0.273	0.007	0.010	0.002	0.050	0.292	0.167	0.143	0.116	3.266	0.698	0.093	0.078	-4915.459
21	6	479	318	0.4546	0.139	0.258	0.030	0.002	0.007	0.032	0.951	0.059	0.273	0.108	2.917	0.717	0.139	0.048	-4095.639
21	6	430	230	0.6139	0.022	0.198	0.006	0.015	0.008	0.038	0.295	0.053	0.076	0.080	3.608	0.694	0.059	0.038	-2918.427
21	6	1029	415	0.4848	0.041	0.114	0.019	0.003	0.006	0.022	0.275	0.057	0.055	0.082	2.755	0.885	0.026	0.027	-6726.732
21	6	1927	741	0.4781	0.088	0.123	0.016	0.004	0.007	0.031	0.423	0.121	0.080	0.050	3.059	0.874	0.060	0.047	-13924.120
21	6	682	401	0.4875	0.114	0.271	0.043	0.010	0.011	0.069	0.244	0.062	0.104	0.103	3.041	0.782	0.056	0.062	-5294.468
21	6	600	343	0.6585	0.172	0.163	0.021	0.008	0.012	0.093	0.376	0.099	0.094	0.206	4.303	0.778	0.063	0.045	-4567.625
21	6	677	295	0.4722	0.092	0.098	0.019	0.000	0.005	0.020	0.279	0.055	0.048	0.037	3.087	0.861	0.017	0.014	-4201.352
21	6	696	312	0.4212	0.044	0.119	0.014	0.005	0.006	0.018	0.203	0.095	0.109	0.082	2.970	0.830	0.031	0.029	-4546.686
21	6	519	319	0.5065	0.081	0.325	0.044	0.008	0.006	0.036	0.390	0.094	0.098	0.099	2.714	0.828	0.035	0.026	-3956.208
21	6	925	541	0.5631	0.195	0.249	0.040	0.010	0.009	0.051	0.360	0.091	0.144	0.186	4.394	0.674	0.065	0.048	-7455.087
21	6	566	176	0.4444	0.054	0.027	0.012	0.000	0.002	0.006	0.082	0.044	0.034	0.004	3.077	0.372	0.000	0.044	-3029.266
21	6	768	314	0.5575	0.054	0.125	0.017	0.005	0.010	0.022	0.166	0.032	0.073	0.042	3.896	0.782	0.036	0.042	-4829.236
21	6	210	143	0.6225	0.079	0.540	0.012	0.015	0.005	0.040	0.529	0.008	0.096	0.041	3.337	0.757	0.059	0.040	-1569.119
21	6	457	322	0.6552	0.063	0.631	0.046	0.005	0.015	0.066	0.729	0.144	0.094	0.100	3.221	0.778	0.104	0.048	-4036.666
21	6	819	481	0.5058	0.129	0.155	0.037	0.007	0.003	0.044	0.405	0.064	0.112	0.115	3.527	0.759	0.178	0.069	-6390.750
21	6	502	316	0.4467	0.116	0.116	0.014	0.006	0.002	0.033	0.274	0.128	0.084	0.081	2.358	0.468	0.072	0.109	-3722.968
21	6	349	234	0.5511	0.070	0.257	0.043	0.006	0.006	0.019	0.360	0.088	0.069	0.096	4.137	0.473	0.058	0.098	-2664.507
21	6	288	220	0.5740	0.225	0.733	0.114	0.015	0.003	0.065	0.573	0.087	0.078	0.180	4.241	0.661	0.109	0.050	-2604.297
21	6	242	181	0.5494	0.076	0.532	0.075	0.017	0.000	0.019	0.325	0.073	0.156	0.052	4.780	0.563	0.090	0.032	-1972.547
21	6	1164	627	0.5120	0.082	0.146	0.025	0.005	0.014	0.040	0.360	0.127	0.107	0.114	2.873	0.801	0.106	0.063	-8850.268
21	6	400	245	0.4003	0.096	0.110	0.032	0.003	0.000	0.036	0.298	0.089	0.100	0.064	4.092	0.277	0.041	0.121	-2926.082
21	6	212	161	0.4389	0.093	0.373	0.011	0.025	0.005	0.068	0.425	0.155	0.069	0.103	2.774	0.601	0.136	0.051	-1759.334
21	6	386	178	0.4867	0.024	0.109	0.015	0.000	0.005	0.014	0.228	0.047	0.068	0.025	3.789	0.706	0.048	0.000	-2357.462
21	6	396	231	0.5980	0.136	0.083	0.012	0.000	0.003	0.052	0.278	0.151	0.148	0.195	3.448	0.930	0.030	0.066	-2904.795
21	6	377	248	0.5788	0.169	0.146	0.024	0.008	0.005	0.046	0.354	0.053	0.097	0.159	3.202	0.757	0.067	0.073	-2877.355
21	6	391	176	0.4064	0.085	0.094	0.007	0.000	0.005	0.022	0.173	0.060	0.057	0.066	3.541	0.820	0.042	0.013	-2365.902
21	6	334	214	0.4625	0.170	0.039	0.015	0.000	0.003	0.046	0.576	0.177	0.056	0.099	3.535	0.000	0.000	0.031	-2293.330
21	6	314	205	0.5635	0.081	0.235	0.015	0.010	0.004	0.033	0.319	0.103	0.094	0.026	3.042	0.641	0.036	0.074	-2294.527
21	6	237	215	0.4347	0.188	0.578	0.014	0.000	0.026	0.105	0.467	0.081	0.144	0.265	3.319	0.359	0.161	0.220	-2305.152
21	6	357	240	0.5188	0.120	0.381	0.028	0.009	0.011	0.038	0.460	0.106	0.140	0.076	2.844	0.684	0.165	0.026	-2930.334
21	6	449	328	0.5310	0.166	0.294	0.056	0.002	0.005	0.038	0.430	0.110	0.112	0.104	2.779	0.691	0.141	0.137	-3868.215
21	6	519	356	0.4066	0.117	0.268	0.017	0.006	0.008	0.039	0.513	0.144	0.145	0.109	3.686	0.405	0.139	0.102	-4462.832
21	6	443	189	0.6185	0.078	0.080	0.022	0.012	0.004	0.018	0.120	0.079	0.048	0.038	5.764	0.441	0.112	0.000	-2772.870
21	6	354	145	0.5746	0.012	0.092	0.000	0.005	0.003	0.015	0.067	0.018	0.015	0.023	2.263	0.763	0.051	0.000	-1869.393
21	6	455	331	0.4292	0.142	0.211	0.050	0.011	0.005	0.050	0.506	0.115	0.139	0.129	3.146	0.346	0.062	0.100	-3934.086
21	6	242	223	0.4285	0.068	0.942	0.048	0.013	0.009	0.029	0.885	0.140	0.166	0.154	2.834	0.153	0.371	0.000	-2549.250
21	6	851	473	0.4977	0.210	0.173	0.024	0.005	0.005	0.040	0.302	0.089	0.132	0.155	4.130	0.760	0.162	0.053	-6642.004
21	6	828	433	0.4608	0.155	0.163	0.025	0.006	0.005	0.054	0.239	0.077	0.084	0.104	2.710	0.810	0.081	0.053	-6117.116
21	6	422	261	0.5920	0.131	0.208	0.012	0.014	0.006	0.066	0.413	0.120	0.051	0.138	4.870	0.764	0.066	0.065	-3205.519
21	6	410	291	0.5353	0.123	0.245	0.018	0.005	0.002	0.060	0.315	0.192	0.093	0.112	3.350	0.500	0.135	0.105	-3449.923
21	6	308	258	0.5958	0.293	0.554	0.086	0.037	0.011	0.073	0.582	0.150	0.227	0.280	4.083	0.516	0.195	0.099	-3133.658
21	6	491	334	0.5788	0.171	0.201	0.022	0.006	0.007	0.047	0.396	0.133	0.096	0.173	4.041	0.642	0.114	0.088	-3950.046
21	6	883	341	0.5111	0.050	0.098	0.014	0.000	0.001	0.012	0.174	0.092	0.078	0.085	4.008	0.831	0.020	0.003	-5396.733
21	6	263	176	0.4923	0.058	0.178	0.000	0.000	0.004	0.012	0.481	0.199	0.114	0.076	3.816	0.792	0.100	0.032	-1908.654
21	6	297	188	0.4499	0.069	0.214	0.023	0.007	0.011	0.017	0.193	0.079	0.073	0.069	3.541	0.609	0.022	0.033	-2039.564
21	6	618	351	0.5185	0.058	0.230	0.030	0.008	0.010	0.062	0.255	0.117	0.079	0.128	2.699	0.778	0.042	0.063	-4691.906
21	6	689	390	0.5271	0.146	0.192	0.015	0.007	0.010	0.026	0.250	0.101	0.132	0.179	3.285	0.716	0.096	0.058	-5313.617
21	6	620	408	0.4339	0.183	0.189	0.024	0.010	0.007	0.031	0.411	0.114	0.103	0.159	3.256	0.447	0.121	0.156	-5273.512
21	6	691	461	0.5470	0.138	0.217	0.027	0.012	0.014	0.042	0.461	0.157	0.162	0.142	2.270	0.654	0.131	0.100	-6087.080
21	6	228	98	0.6306	0.000	0.000	0.013	0.000	0.000	0.000	0.042	0.004	0.009	0.086	3.922	0.751	0.243	0.005	-1090.997
21	6	763	459	0.6284	0.151	0.191	0.037	0.019	0.005	0.049	0.445	0.105	0.135	0.166	5.225	0.703	0.106	0.067	-6069.657
21	6	105	86	0.5077	0.123	0.498	0.037	0.031	0.000	0.037	0.240	0.027	0.066	0.069	6.381	0.426	0.096	0.076	-808.601
21	6	214	147	0.4730	0.082	0.077	0.015	0.005	0.010	0.004	0.230	0.096	0.114	0.051	3.733	0.502	0.000	0.058	-1413.534
21	6	304	227	0.5067	0.110	0.303	0.011	0.014	0.007	0.027	0.365	0.059	0.120	0.187	2.558	0.679	0.066	0.048	-2396.363
21	6	175	153	0.4866	0.193	0.523	0.045	0.025	0.005	0.067	0.270	0.079	0.195	0.130	2.497	0.426	0.053	0.120	-1614.228
21	6	446	316	0.5737	0.230	0.313	0.007	0.010	0.005	0.069	0.437	0.086	0.131	0.270	3.450	0.677	0.246	0.057	-3866.760
21	6	512	275	0.4519	0.097	0.153	0.034	0.004	0.006	0.006	0.316	0.061	0.175	0.092	5.018	0.619	0.098	0.028	-3674.087
21	6	133	120	0.6060	0.612	1.237	0.116	0.000	0.016	0.126	0.640	0.182	0.000	0.589	3.781	0.442	0.219	0.064	-1395.585
21	6	421	243	0.6007	0.098	0.221	0.013	0.000	0.015	0.049	0.216	0.074	0.126	0.047	5.251	0.830	0.015	0.040	-2856.596
21	6	264	167	0.5464	0.101	0.266	0.026	0.000	0.004	0.059	0.350	0.057	0.142	0.064	2.734	0.676	0.079	0.016	-1970.011
21	6	1224	543	0.5078	0.050	0.101	0.017	0.004	0.001	0.034	0.235	0.094	0.087	0.114	3.901	0.798	0.065	0.074	-8240.078
21	6	788	336	0.5306	0.079	0.124	0.016	0.005	0.005	0.026	0.238	0.054	0.082	0.069	3.579	0.855	0.029	0.014	-5011.840
21	6	583	383	0.5404	0.123	0.113	0.018	0.009	0.007	0.038	0.429	0.184	0.193	0.205	3.746	0.551	0.061	0.074	-4767.767
21	6	223	173	0.6817	0.251	0.151	0.080	0.015	0.008	0.064	0.575	0.112	0.075	0.230	3.171	0.689	0.059	0.061	-1858.218
21	6	138	128	0.5968	0.189	0.340	0.057	0.015	0.008	0.020	0.717	0.337	0.263	0.210	4.031	0.315	0.071	0.192	-1380.852
21	6	261	182	0.5481	0.079	0.185	0.021	0.008	0.008	0.023	0.284	0.073	0.065	0.098	2.461	0.130	0.007	0.072	-1917.369
21	6	783	476	0.4369	0.155	0.262	0.015	0.004	0.003	0.028	0.344	0.103	0.111	0.114	3.000	0.450	0.094	0.097	-6288.207
21	6	396	236	0.5462	0.128	0.122	0.018	0.010	0.008	0.024	0.328	0.050	0.093	0.192	3.887	0.725	0.023	0.043	-2808.563
21	6	376	179	0.4967	0.070	0.199	0.000	0.005	0.000	0.021	0.116	0.069	0.041	0.013	2.484	0.704	0.036	0.000	-2315.560
21	6	445	291	0.6649	0.199	0.403	0.038	0.007	0.009	0.061	0.938	0.089	0.121	0.255	5.866	0.760	0.127	0.033	-3723.098
21	6	472	199	0.4550	0.046	0.107	0.010	0.007	0.000	0.023	0.116	0.035	0.051	0.057	3.640	0.658	0.033	0.020	-2822.172
21	6	274	209	0.5312	0.161	0.412	0.018	0.011	0.004	0.083	0.365	0.082	0.141	0.162	2.883	0.537	0.114	0.099	-2422.258
21	6	636	265	0.5873	0.104	0.085	0.015	0.000	0.002	0.028	0.167	0.058	0.083	0.013	5.826	0.820	0.027	0.032	-3904.532
21	6	189	144	0.5294	0.109	0.459	0.004	0.017	0.011	0.052	0.435	0.047	0.078	0.096	3.580	0.628	0.041	0.081	-1479.657
21	6	515	313	0.4630	0.100	0.149	0.020	0.008	0.014	0.032	0.403	0.138	0.120	0.092	2.860	0.643	0.092	0.079	-4027.916
21	6	1142	436	0.4597	0.050	0.114	0.020	0.006	0.005	0.026	0.200	0.062	0.065	0.066	3.683	0.699	0.074	0.068	-7506.015
21	6	381	236	0.5456	0.042	0.267	0.017	0.012	0.002	0.040	0.246	0.077	0.039	0.093	4.550	0.692	0.060	0.028	-2683.910
21	6	348	156	0.5350	0.000	0.109	0.012	0.000	0.000	0.019	0.086	0.059	0.035	0.040	3.064	0.641	0.000	0.101	-2002.634
21	6	337	238	0.6081	0.094	0.301	0.036	0.014	0.009	0.047	0.441	0.149	0.049	0.124	3.165	0.628	0.199	0.037	-2707.937
21	6	669	411	0.6394	0.131	0.437	0.061	0.011	0.002	0.057	0.549	0.081	0.090	0.088	3.574	0.844	0.081	0.021	-5264.090
21	6	298	243	0.5135	0.204	0.507	0.040	0.010	0.014	0.059	0.442	0.072	0.127	0.177	2.881	0.589	0.143	0.086	-2696.656
21	6	452	316	0.5287	0.103	0.313	0.057	0.009	0.004	0.056	0.333	0.107	0.102	0.095	3.680	0.423	0.222	0.147	-3822.018
21	6	363	209	0.6318	0.078	0.076	0.016	0.014	0.003	0.030	0.267	0.034	0.095	0.165	3.231	1.000	0.000	0.086	-2481.538
21	6	657	349	0.5122	0.161	0.100	0.029	0.005	0.003	0.033	0.247	0.087	0.075	0.141	3.601	0.826	0.050	0.049	-4661.273
21	6	183	138	0.5052	0.000	0.273	0.052	0.005	0.012	0.000	0.349	0.061	0.142	0.160	3.033	0.481	0.004	0.103	-1379.918
21	6	320	198	0.5550	0.090	0.279	0.031	0.003	0.007	0.027	0.201	0.052	0.074	0.111	5.289	0.666	0.010	0.022	-2131.724
21	6	407	139	0.5049	0.001	0.083	0.000	0.002	0.000	0.007	0.084	0.027	0.054	0.012	2.732	0.647	0.000	0.089	-2159.137
21	6	880	412	0.4428	0.056	0.103	0.010	0.008	0.009	0.030	0.214	0.070	0.080	0.101	2.457	0.860	0.048	0.048	-5874.322
21	6	380	268	0.5113	0.106	0.279	0.017	0.019	0.008	0.035	0.573	0.121	0.116	0.143	2.823	0.772	0.017	0.073	-3112.223
21	6	497	338	0.6057	0.104	0.575	0.049	0.000	0.000	0.038	0.405	0.127	0.123	0.110	3.981	0.621	0.167	0.047	-4195.163
21	6	339	196	0.5175	0.100	0.058	0.012	0.006	0.000	0.054	0.330	0.070	0.034	0.090	5.836	0.931	0.069	0.040	-2242.013
21	6	1055	682	0.4053	0.084	0.209	0.033	0.006	0.006	0.038	0.520	0.140	0.168	0.145	3.724	0.642	0.189	0.114	-8904.631
21	6	159	124	0.4716	0.082	0.152	0.033	0.006	0.000	0.020	0.356	0.027	0.047	0.002	2.069	0.395	0.019	0.005	-1013.332
21	6	214	171	0.6420	0.154	0.563	0.047	0.017	0.036	0.072	0.372	0.088	0.053	0.108	5.814	0.629	0.057	0.048	-1743.681
21	6	459	191	0.5001	0.044	0.124	0.007	0.007	0.000	0.013	0.138	0.042	0.042	0.000	3.178	0.841	0.000	0.036	-2640.863
21	6	497	254	0.6156	0.124	0.320	0.032	0.012	0.014	0.064	0.261	0.114	0.016	0.045	5.407	0.865	0.024	0.006	-3197.255
21	6	470	355	0.6562	0.374	0.252	0.053	0.013	0.000	0.061	0.776	0.110	0.083	0.420	4.182	0.887	0.113	0.073	-3980.389
21	6	527	342	0.4385	0.133	0.255	0.017	0.011	0.004	0.058	0.402	0.145	0.217	0.104	3.197	0.662	0.203	0.033	-4376.720
21	6	333	166	0.4249	0.027	0.117	0.016	0.006	0.003	0.023	0.152	0.072	0.062	0.028	7.447	0.502	0.000	0.074	-2018.482
21	6	603	393	0.4439	0.131	0.233	0.039	0.014	0.008	0.026	0.431	0.092	0.171	0.123	2.937	0.631	0.174	0.074	-5074.099
21	6	402	297	0.6435	0.223	0.405	0.031	0.007	0.012	0.126	0.698	0.215	0.114	0.188	4.382	0.718	0.093	0.100	-3685.344
21	6	381	322	0.6412	0.071	0.843	0.065	0.013	0.012	0.084	1.139	0.251	0.213	0.099	3.240	0.645	0.162	0.068	-3876.085
21	6	342	222	0.4522	0.146	0.075	0.012	0.003	0.000	0.038	0.372	0.129	0.160	0.066	1.591	0.771	0.050	0.036	-2504.867
21	6	449	292	0.5517	0.068	0.344	0.011	0.002	0.005	0.028	0.270	0.159	0.127	0.146	2.972	0.747	0.135	0.084	-3631.011
21	6	623	251	0.4468	0.029	0.079	0.011	0.002	0.000	0.025	0.188	0.086	0.071	0.031	2.906	0.862	0.045	0.015	-3777.860
21	6	304	191	0.6120	0.136	0.278	0.071	0.000	0.007	0.091	0.176	0.058	0.056	0.124	4.602	0.758	0.054	0.042	-2238.004
21	6	281	199	0.6097	0.104	0.430	0.019	0.008	0.048	0.054	0.310	0.088	0.037	0.093	4.579	0.220	0.168	0.000	-2345.836
21	6	251	167	0.5254	0.092	0.142	0.009	0.000	0.004	0.035	0.326	0.045	0.097	0.083	2.686	0.692	0.048	0.009	-1721.013
21	6	437	307	0.4162	0.102	0.242	0.027	0.008	0.009	0.045	0.438	0.178	0.148	0.098	3.084	0.540	0.081	0.083	-3670.306
21	6	278	224	0.6195	0.195	0.399	0.046	0.015	0.000	0.045	0.336	0.126	0.143	0.205	3.443	0.496	0.080	0.111	-2491.018
21	6	326	192	0.3937	0.051	0.253	0.039	0.003	0.000	0.005	0.244	0.169	0.063	0.085	2.954	0.795	0.046	0.013	-2231.152
21	6	329	277	0.5383	0.212	0.764	0.088	0.009	0.006	0.081	1.319	0.278	0.187	0.191	3.141	0.579	0.167	0.092	-3463.572
21	6	680	278	0.5310	0.042	0.129	0.008	0.003	0.005	0.022	0.153	0.073	0.031	0.057	4.038	0.688	0.013	0.068	-4255.712
21	6	192	170	0.5251	0.189	0.422	0.024	0.000	0.027	0.024	0.262	0.101	0.127	0.188	3.716	0.391	0.044	0.133	-1650.340
21	6	661	313	0.4561	0.116	0.171	0.012	0.007	0.003	0.029	0.303	0.116	0.045	0.058	2.630	0.870	0.044	0.008	-4419.965
21	6	300	200	0.5757	0.063	0.211	0.043	0.000	0.010	0.024	0.195	0.090	0.073	0.154	3.094	0.479	0.069	0.034	-2187.183
21	6	334	240	0.5822	0.093	0.270	0.044	0.008	0.007	0.063	0.425	0.126	0.102	0.035	3.497	0.599	0.073	0.049	-2676.625
21	6	209	156	0.6165	0.201	0.181	0.047	0.000	0.010	0.061	0.452	0.103	0.088	0.149	2.604	0.563	0.044	0.105	-1694.607
21	6	583	335	0.4326	0.054	0.136	0.017	0.007	0.005	0.019	0.310	0.125	0.185	0.053	2.579	0.741	0.091	0.096	-4374.154
21	6	918	507	0.6345	0.135	0.244	0.058	0.009	0.024	0.048	0.348	0.102	0.088	0.133	4.887	0.730	0.121	0.067	-7380.651
21	6	352	168	0.6657	0.036	0.113	0.009	0.006	0.006	0.039	0.321	0.014	0.055	0.053	2.755	0.813	0.013	0.028	-2082.295
21	6	1107	590	0.4887	0.212	0.192	0.031	0.009	0.008	0.028	0.365	0.137	0.115	0.241	3.270	0.883	0.054	0.040	-8704.061
21	6	564	338	0.4000	0.059	0.180	0.010	0.010	0.005	0.048	0.459	0.136	0.124	0.140	3.602	0.654	0.125	0.062	-4445.123
21	6	454	282	0.4948	0.146	0.144	0.018	0.000	0.009	0.043	0.287	0.076	0.114	0.161	3.471	0.685	0.152	0.049	-3461.959
21	6	425	257	0.6058	0.224	0.267	0.021	0.005	0.000	0.055	0.237	0.036	0.083	0.283	2.753	0.862	0.039	0.044	-3105.656
21	6	1176	469	0.4780	0.058	0.079	0.011	0.004	0.004	0.018	0.228	0.093	0.072	0.067	3.611	0.969	0.031	0.103	-7727.451
21	6	531	342	0.5313	0.089	0.205	0.030	0.008	0.006	0.036	0.472	0.096	0.092	0.116	3.867	0.830	0.068	0.067	-4066.752
21	6	541	287	0.4085	0.050	0.165	0.016	0.002	0.006	0.042	0.228	0.101	0.086	0.040	3.105	0.774	0.046	0.055	-3701.896
21	6	323	277	0.4790	0.171	0.261	0.031	0.010	0.019	0.095	0.730	0.159	0.226	0.150	4.686	0.115	0.073	0.151	-3161.266
21	6	482	344	0.6684	0.277	0.425	0.037	0.018	0.018	0.084	0.585	0.151	0.085	0.305	5.823	0.730	0.122	0.056	-4213.841
21	6	280	224	0.6089	0.233	0.432	0.049	0.004	0.003	0.055	0.450	0.123	0.127	0.265	4.733	0.657	0.161	0.090	-2479.977
21	6	989	591	0.5322	0.136	0.175	0.030	0.010	0.008	0.052	0.387	0.093	0.111	0.172	5.492	0.544	0.196	0.105	-7855.665
21	6	304	215	0.5640	0.099	0.109	0.015	0.004	0.013	0.055	0.418	0.186	0.197	0.064	2.448	0.800	0.098	0.063	-2451.590
21	6	415	243	0.4867	0.125	0.132	0.018	0.006	0.007	0.023	0.321	0.122	0.084	0.064	2.538	0.566	0.019	0.041	-2902.028
21	6	338	252	0.4291	0.103	0.637	0.019	0.028	0.040	0.042	0.497	0.131	0.084	0.111	3.396	0.415	0.333	0.038	-3124.163
21	6	386	171	0.6404	0.030	0.118	0.047	0.008	0.000	0.010	0.213	0.108	0.003	0.039	4.522	0.777	0.029	0.013	-2281.343
21	6	285	189	0.5580	0.121	0.223	0.050	0.004	0.011	0.033	0.225	0.074	0.076	0.048	4.110	0.676	0.032	0.039	-2013.548
21	6	346	304	0.5603	0.280	0.825	0.049	0.021	0.012	0.086	0.883	0.179	0.070	0.206	4.474	0.477	0.396	0.040	-3557.613
21	6	1643	1006	0.3804	0.215	0.178	0.030	0.010	0.006	0.055	0.560	0.145	0.160	0.132	2.955	0.725	0.275	0.145	-14553.601
21	6	434	321	0.5463	0.000	0.193	0.000	0.017	0.007	0.042	0.535	0.126	0.150	0.335	4.446	0.799	0.201	0.137	-3640.374
21	6	297	198	0.5146	0.110	0.049	0.003	0.007	0.003	0.048	0.285	0.160	0.127	0.153	3.257	0.931	0.069	0.018	-2099.599
21	6	293	222	0.5690	0.431	0.274	0.014	0.027	0.010	0.098	0.395	0.111	0.104	0.472	4.423	0.472	0.219	0.025	-2619.742
21	6	490	317	0.5280	0.088	0.324	0.030	0.006	0.017	0.069	0.405	0.106	0.135	0.107	3.266	0.741	0.102	0.047	-4009.704
21	6	427	250	0.5017	0.077	0.191	0.037	0.012	0.010	0.017	0.222	0.073	0.060	0.134	3.572	0.702	0.074	0.019	-2995.149
21	6	417	248	0.5485	0.078	0.179	0.035	0.014	0.008	0.061	0.307	0.050	0.102	0.114	3.587	0.797	0.082	0.044	-3066.910
21	6	496	195	0.5301	0.020	0.087	0.004	0.000	0.008	0.008	0.077	0.056	0.051	0.082	4.930	0.725	0.032	0.000	-2817.594
21	6	777	408	0.6056	0.076	0.241	0.046	0.011	0.007	0.054	0.335	0.101	0.087	0.168	5.483	0.852	0.078	0.029	-5717.887
21	6	636	276	0.4358	0.031	0.103	0.019	0.002	0.004	0.030	0.235	0.037	0.076	0.099	3.295	0.757	0.023	0.013	-4028.736
21	6	363	278	0.6033	0.157	0.492	0.074	0.003	0.005	0.075	0.589	0.166	0.108	0.071	3.144	0.655	0.177	0.058	-3295.060
21	6	160	106	0.5326	0.027	0.160	0.000	0.000	0.000	0.013	0.227	0.075	0.050	0.057	2.852	0.185	0.000	0.036	-1016.644
21	6	404	250	0.6179	0.120	0.371	0.002	0.003	0.008	0.024	0.156	0.129	0.093	0.133	4.997	0.722	0.026	0.035	-2943.832
21	6	470	311	0.4743	0.108	0.234	0.015	0.007	0.000	0.030	0.473	0.082	0.164	0.123	3.137	0.739	0.103	0.045	-3672.839
21	6	451	292	0.4250	0.110	0.165	0.015	0.005	0.007	0.013	0.536	0.133	0.100	0.083	3.211	0.752	0.090	0.115	-3541.013
21	6	247	213	0.5331	0.192	0.448	0.025	0.006	0.019	0.077	0.608	0.143	0.126	0.195	3.645	0.335	0.134	0.087	-2386.609
21	6	327	197	0.5921	0.151	0.288	0.025	0.009	0.009	0.014	0.250	0.044	0.161	0.128	4.858	0.808	0.050	0.018	-2318.353
21	6	264	220	0.4711	0.170	0.382	0.051	0.008	0.004	0.046	0.632	0.192	0.112	0.202	2.934	0.588	0.086	0.100	-2418.916
21	6	302	112	0.4434	0.041	0.057	0.007	0.003	0.000	0.007	0.100	0.004	0.020	0.000	4.355	0.403	0.000	0.050	-1578.417
21	6	553	337	0.6136	0.134	0.204	0.018	0.007	0.004	0.053	0.430	0.085	0.087	0.061	4.267	0.738	0.050	0.038	-3995.231
21	6	254	219	0.5046	0.180	0.619	0.049	0.016	0.021	0.085	0.625	0.094	0.175	0.223	4.520	0.350	0.275	0.079	-2535.568
21	6	317	184	0.6579	0.018	0.422	0.034	0.004	0.003	0.075	0.370	0.042	0.078	0.066	7.647	0.832	0.076	0.020	-2182.834
21	6	200	154	0.4183	0.046	0.466	0.043	0.000	0.000	0.079	0.494	0.119	0.101	0.004	4.924	0.351	0.169	0.000	-1623.118
21	6	285	210	0.5487	0.115	0.215	0.030	0.004	0.007	0.038	0.389	0.092	0.091	0.069	4.242	0.328	0.058	0.056	-2204.858
21	6	543	321	0.6045	0.109	0.186	0.040	0.004	0.008	0.041	0.366	0.071	0.069	0.136	3.177	0.650	0.075	0.039	-4041.067
21	6	365	249	0.5377	0.103	0.283	0.020	0.003	0.008	0.033	0.224	0.117	0.096	0.101	3.343	0.665	0.113	0.084	-2812.542
21	6	306	200	0.6993	0.090	0.341	0.036	0.007	0.010	0.045	0.375	0.097	0.139	0.075	3.570	0.708	0.099	0.037	-2321.596
21	6	332	260	0.6280	0.220	0.665	0.010	0.078	0.025	0.088	0.647	0.087	0.146	0.189	4.858	0.610	0.229	0.055	-3068.857
21	6	353	232	0.5346	0.122	0.227	0.004	0.006	0.006	0.034	0.438	0.105	0.095	0.069	3.780	0.743	0.082	0.056	-2697.028
21	6	349	186	0.4560	0.027	0.441	0.037	0.000	0.006	0.004	0.151	0.023	0.011	0.016	2.006	0.581	0.141	0.000	-2297.201
21	6	738	494	0.4661	0.063	0.099	0.027	0.004	0.007	0.038	0.686	0.129	0.236	0.111	3.900	0.697	0.129	0.132	-6171.095
21	6	591	429	0.4204	0.097	0.280	0.028	0.034	0.003	0.042	0.585	0.218	0.112	0.124	3.388	0.757	0.204	0.210	-5200.903
21	6	385	297	0.5040	0.150	0.293	0.041	0.005	0.011	0.047	0.305	0.233	0.167	0.140	3.675	0.395	0.110	0.158	-3470.135
21	6	282	190	0.4624	0.215	0.208	0.023	0.007	0.000	0.026	0.600	0.066	0.084	0.235	2.841	0.566	0.034	0.045	-2171.181
21	6	197	169	0.4606	0.080	0.463	0.050	0.025	0.000	0.030	0.769	0.182	0.074	0.096	3.124	0.446	0.108	0.082	-1805.034
21	6	287	236	0.6035	0.323	0.393	0.069	0.019	0.013	0.045	0.431	0.138	0.120	0.376	2.669	0.661	0.065	0.129	-2731.158
21	6	269	225	0.5215	0.187	0.268	0.012	0.019	0.008	0.039	0.354	0.158	0.121	0.183	4.284	0.250	0.034	0.196	-2316.522
21	6	244	173	0.6841	0.070	0.288	0.005	0.016	0.011	0.026	0.528	0.027	0.183	0.110	5.412	0.760	0.077	0.037	-1775.790
21	6	953	592	0.4055	0.164	0.225	0.023	0.015	0.013	0.021	0.331	0.122	0.187	0.090	4.012	0.546	0.265	0.079	-7844.527
21	6	302	185	0.6834	0.106	0.296	0.036	0.007	0.006	0.033	0.213	0.073	0.070	0.111	4.586	0.772	0.018	0.076	-2113.709
21	6	312	246	0.4392	0.111	0.445	0.014	0.010	0.010	0.081	0.565	0.177	0.139	0.144	3.631	0.254	0.228	0.037	-2963.215
21	6	319	193	0.4605	0.038	0.111	0.012	0.005	0.014	0.016	0.283	0.095	0.160	0.094	2.724	0.584	0.031	0.018	-2202.733
21	6	616	260	0.4608	0.049	0.092	0.015	0.000	0.008	0.017	0.200	0.045	0.036	0.028	5.983	0.745	0.027	0.050	-3687.839
21	6	429	330	0.4117	0.327	0.290	0.041	0.005	0.007	0.028	0.512	0.121	0.159	0.251	3.622	0.545	0.142	0.104	-3900.058
21	6	548	263	0.4044	0.056	0.098	0.011	0.001	0.005	0.027	0.214	0.111	0.058	0.078	3.130	0.853	0.036	0.041	-3537.595
21	6	315	208	0.7429	0.100	0.318	0.070	0.026	0.009	0.048	0.278	0.116	0.183	0.123	4.274	0.778	0.055	0.073	-2504.012
21	6	491	281	0.5110	0.062	0.204	0.033	0.013	0.002	0.048	0.207	0.071	0.125	0.077	3.762	0.743	0.159	0.038	-3597.305
21	6	654	251	0.4252	0.029	0.095	0.011	0.002	0.000	0.019	0.169	0.051	0.119	0.036	2.470	0.852	0.052	0.011	-3914.798
21	6	481	189	0.4773	0.039	0.064	0.011	0.002	0.000	0.011	0.156	0.060	0.032	0.052	2.356	0.792	0.061	0.011	-2831.164
21	6	341	268	0.5365	0.191	0.373	0.044	0.013	0.016	0.074	0.452	0.137	0.079	0.217	3.557	0.630	0.110	0.104	-3070.654
21	6	144	114	0.5463	0.118	0.506	0.046	0.000	0.021	0.056	0.094	0.084	0.167	0.129	3.333	0.480	0.184	0.033	-1199.475
21	6	137	125	0.4708	0.259	0.206	0.017	0.007	0.000	0.028	0.774	0.082	0.234	0.329	4.511	0.000	0.000	0.203	-1262.994
21	6	987	543	0.5020	0.213	0.207	0.027	0.006	0.006	0.045	0.403	0.113	0.086	0.159	2.243	0.885	0.086	0.071	-7849.620
21	6	150	120	0.4520	0.071	0.300	0.021	0.021	0.000	0.000	0.297	0.138	0.076	0.146	10.491	0.160	0.004	0.151	-1111.927
21	6	252	171	0.3911	0.090	0.328	0.025	0.004	0.000	0.028	0.241	0.037	0.043	0.123	4.190	0.624	0.046	0.127	-1837.331
21	6	579	373	0.4614	0.082	0.271	0.026	0.007	0.008	0.023	0.322	0.116	0.112	0.119	3.487	0.684	0.200	0.058	-4508.088
21	6	254	193	0.4587	0.089	0.348	0.028	0.008	0.008	0.023	0.344	0.155	0.131	0.063	2.940	0.727	0.030	0.077	-2033.045
21	6	1442	639	0.5159	0.075	0.158	0.025	0.010	0.007	0.032	0.346	0.114	0.099	0.101	2.814	0.839	0.070	0.060	-10600.214
21	6	175	152	0.3829	0.142	0.874	0.020	0.006	0.006	0.060	0.657	0.111	0.192	0.111	4.552	0.326	0.252	0.125	-1623.001
21	6	226	149	0.4909	0.087	0.324	0.011	0.000	0.000	0.017	0.193	0.136	0.062	0.041	4.549	0.620	0.038	0.000	-1531.741
21	6	378	294	0.6455	0.272	0.627	0.067	0.016	0.041	0.117	1.017	0.103	0.151	0.292	6.835	0.808	0.100	0.064	-3527.568
21	6	187	164	0.4834	0.156	1.308	0.010	0.006	0.011	0.106	0.288	0.135	0.051	0.097	3.073	0.603	0.136	0.042	-1723.586
21	6	202	152	0.5943	0.123	0.427	0.053	0.025	0.006	0.061	0.363	0.092	0.078	0.112	5.387	0.482	0.137	0.120	-1673.858
21	6	172	117	0.4780	0.122	0.061	0.015	0.006	0.012	0.016	0.319	0.092	0.093	0.139	2.205	0.000	0.000	0.029	-1194.177
21	6	148	124	0.6017	0.203	0.154	0.054	0.028	0.000	0.055	0.457	0.128	0.119	0.166	2.558	0.502	0.069	0.123	-1302.031
21	6	601	394	0.4316	0.097	0.245	0.030	0.021	0.014	0.073	0.338	0.130	0.130	0.157	2.981	0.648	0.125	0.108	-5082.048
21	6	154	132	0.4753	0.044	0.746	0.026	0.000	0.014	0.067	0.377	0.124	0.186	0.093	3.131	0.528	0.176	0.011	-1349.283
21	6	111	83	0.5946	0.091	0.227	0.000	0.000	0.000	0.009	0.199	0.004	0.051	0.045	6.796	0.034	0.004	0.109	-700.539
21	6	241	173	0.4361	0.081	0.311	0.019	0.000	0.000	0.029	0.373	0.094	0.079	0.124	3.421	0.384	0.051	0.125	-1924.151
21	6	312	251	0.5881	0.124	0.319	0.005	0.003	0.000	0.035	0.535	0.158	0.165	0.135	5.581	0.139	0.283	0.000	-2759.744
21	6	145	128	0.6547	0.588	1.830	0.011	0.024	0.015	0.063	0.638	0.114	0.032	0.624	4.795	0.606	0.145	0.053	-1387.066
21	6	312	245	0.7190	0.228	0.776	0.061	0.000	0.071	0.084	1.144	0.117	0.109	0.221	10.718	0.766	0.105	0.049	-2666.030
21	6	232	164	0.5943	0.156	0.218	0.002	0.004	0.014	0.030	0.549	0.069	0.063	0.125	2.373	0.739	0.088	0.053	-1765.356
21	6	422	261	0.5789	0.169	0.399	0.041	0.002	0.003	0.044	0.281	0.042	0.075	0.078	4.024	0.804	0.075	0.021	-3057.937
