1	8	1000	967	0.5192	0.289	0.286	0.273	0.271	0.291	0.287	0.293	0.285	0.293	0.273	0.285	0.334	0.304	0.325	2.019	0.604	0.289	0.189	1.000	-17577.664
2	8	1000	982	0.5163	0.298	0.310	0.279	0.292	0.280	0.294	0.293	0.331	0.223	0.298	0.228	0.310	0.314	0.330	2.035	0.592	0.222	0.208	1.000	-17529.462
3	8	1000	972	0.5053	0.242	0.325	0.310	0.317	0.305	0.273	0.310	0.282	0.293	0.333	0.300	0.314	0.320	0.348	2.113	0.569	0.341	0.181	1.000	-18045.963
4	8	1000	969	0.5116	0.315	0.302	0.284	0.305	0.316	0.309	0.288	0.350	0.269	0.256	0.309	0.311	0.336	0.302	2.030	0.625	0.319	0.180	2.669	-17769.324
5	8	1000	970	0.5225	0.268	0.309	0.304	0.277	0.282	0.313	0.273	0.254	0.308	0.279	0.292	0.316	0.281	0.311	1.875	0.648	0.252	0.201	1.000	-17542.864
6	8	1000	981	0.5149	0.364	0.338	0.305	0.329	0.301	0.302	0.308	0.280	0.264	0.335	0.283	0.256	0.332	0.349	1.933	0.671	0.295	0.219	2.016	-18103.603
7	8	1000	985	0.5031	0.362	0.326	0.296	0.299	0.336	0.339	0.256	0.323	0.298	0.301	0.331	0.294	0.331	0.249	2.072	0.697	0.290	0.210	6.465	-17899.271
8	8	1000	979	0.5107	0.324	0.280	0.331	0.298	0.317	0.307	0.304	0.338	0.295	0.322	0.345	0.320	0.320	0.305	1.969	0.519	0.304	0.185	1.296	-18286.551
9	8	1000	985	0.5265	0.264	0.282	0.282	0.338	0.256	0.296	0.321	0.305	0.285	0.296	0.326	0.343	0.266	0.325	2.139	0.676	0.324	0.233	1.000	-17965.150
10	8	1000	972	0.5150	0.285	0.295	0.282	0.333	0.293	0.276	0.326	0.290	0.299	0.310	0.267	0.265	0.271	0.317	1.956	0.636	0.275	0.189	1.922	-17591.462
11	8	1000	975	0.5138	0.240	0.252	0.266	0.305	0.357	0.266	0.292	0.284	0.289	0.223	0.325	0.316	0.318	0.314	1.995	0.662	0.303	0.201	1.000	-17520.911
12	8	1000	977	0.5138	0.295	0.306	0.301	0.302	0.361	0.295	0.306	0.297	0.309	0.288	0.275	0.305	0.315	0.291	2.096	0.517	0.306	0.193	1.000	-17965.509
13	8	1000	973	0.5227	0.370	0.266	0.295	0.321	0.296	0.310	0.289	0.298	0.263	0.260	0.293	0.241	0.298	0.241	1.909	0.701	0.282	0.213	7.638	-17429.138
14	8	1000	974	0.4992	0.311	0.309	0.316	0.285	0.323	0.286	0.280	0.275	0.248	0.328	0.297	0.344	0.339	0.271	1.990	0.585	0.262	0.204	1.000	-17787.591
15	8	1000	976	0.5278	0.343	0.325	0.327	0.324	0.291	0.293	0.311	0.273	0.253	0.287	0.303	0.306	0.290	0.303	1.967	0.592	0.274	0.194	1.000	-17896.997
16	8	1000	973	0.5144	0.304	0.304	0.309	0.323	0.305	0.299	0.307	0.311	0.272	0.302	0.302	0.304	0.314	0.275	1.840	0.661	0.339	0.192	1.000	-17893.948
17	8	1000	983	0.5182	0.345	0.277	0.323	0.296	0.295	0.281	0.316	0.408	0.296	0.318	0.325	0.273	0.338	0.289	2.184	0.625	0.329	0.188	1.000	-18065.386
18	8	1000	976	0.5061	0.327	0.308	0.273	0.293	0.362	0.304	0.285	0.296	0.300	0.267	0.291	0.320	0.302	0.341	2.117	0.613	0.326	0.187	1.432	-17805.092
19	8	1000	987	0.5228	0.319	0.347	0.320	0.258	0.300	0.306	0.326	0.273	0.325	0.313	0.276	0.281	0.399	0.261	2.189	0.555	0.290	0.202	1.000	-18079.885
20	8	1000	976	0.5183	0.313	0.270	0.318	0.284	0.293	0.270	0.354	0.318	0.273	0.259	0.328	0.264	0.229	0.311	1.931	0.676	0.317	0.214	25.903	-17611.612
21	8	1000	975	0.5176	0.292	0.365	0.320	0.296	0.293	0.256	0.355	0.247	0.317	0.286	0.303	0.312	0.296	0.307	1.952	0.564	0.325	0.193	1.000	-18069.739
22	8	1000	980	0.5212	0.333	0.282	0.291	0.286	0.339	0.344	0.290	0.321	0.328	0.244	0.270	0.300	0.286	0.315	2.135	0.671	0.262	0.219	1.000	-17808.730
23	8	1000	983	0.5177	0.354	0.329	0.325	0.313	0.306	0.275	0.264	0.328	0.344	0.300	0.321	0.260	0.281	0.289	1.889	0.588	0.262	0.203	1.000	-17961.846
24	8	1000	979	0.4974	0.327	0.277	0.343	0.273	0.308	0.288	0.287	0.283	0.305	0.298	0.335	0.311	0.261	0.317	1.965	0.587	0.311	0.195	1.788	-17888.697
25	8	1000	986	0.5070	0.299	0.340	0.303	0.316	0.283	0.288	0.306	0.374	0.281	0.338	0.290	0.294	0.319	0.331	1.917	0.634	0.315	0.203	5.083	-18122.681
26	8	1000	983	0.5100	0.582	0.279	0.282	0.321	0.306	0.263	0.290	0.000	0.319	0.274	0.296	0.306	0.312	0.301	1.995	0.663	0.331	0.231	2.834	-17863.266
27	8	1000	970	0.5108	0.321	0.297	0.302	0.249	0.266	0.281	0.311	0.284	0.288	0.296	0.315	0.331	0.346	0.276	2.041	0.670	0.320	0.214	3.438	-17711.340
28	8	1000	974	0.5039	0.305	0.283	0.311	0.286	0.295	0.357	0.308	0.286	0.280	0.337	0.327	0.306	0.318	0.316	2.040	0.610	0.327	0.177	1.496	-17944.206
29	8	1000	978	0.5272	0.286	0.275	0.310	0.269	0.249	0.315	0.332	0.350	0.272	0.289	0.335	0.278	0.328	0.251	1.920	0.680	0.320	0.210	1.000	-17814.692
30	8	1000	982	0.5225	0.341	0.268	0.281	0.323	0.297	0.280	0.337	0.300	0.274	0.261	0.264	0.274	0.314	0.257	1.988	0.692	0.293	0.239	5.289	-17671.277
31	8	1000	974	0.5180	0.333	0.254	0.297	0.293	0.292	0.299	0.264	0.254	0.305	0.318	0.290	0.298	0.296	0.322	1.996	0.614	0.304	0.200	1.000	-17671.833
32	8	1000	976	0.5275	0.287	0.315	0.304	0.286	0.274	0.282	0.241	0.236	0.289	0.286	0.294	0.287	0.308	0.292	1.971	0.652	0.271	0.197	1.417	-17431.822
33	8	1000	988	0.5205	0.277	0.303	0.331	0.284	0.316	0.270	0.287	0.313	0.293	0.277	0.285	0.326	0.307	0.311	2.044	0.669	0.284	0.195	1.000	-17701.899
34	8	1000	981	0.5129	0.345	0.293	0.321	0.295	0.270	0.280	0.300	0.283	0.233	0.285	0.284	0.359	0.311	0.255	1.917	0.618	0.328	0.209	1.000	-17720.969
35	8	1000	986	0.5099	0.284	0.286	0.297	0.326	0.294	0.252	0.351	0.325	0.287	0.274	0.329	0.279	0.358	0.284	1.992	0.492	0.252	0.195	1.000	-17921.724
36	8	1000	975	0.5079	0.300	0.304	0.320	0.291	0.274	0.296	0.295	0.300	0.350	0.314	0.318	0.274	0.307	0.258	1.949	0.646	0.308	0.205	1.864	-17761.716
37	8	1000	980	0.5151	0.296	0.350	0.312	0.318	0.300	0.297	0.277	0.284	0.285	0.280	0.272	0.334	0.304	0.279	2.051	0.522	0.317	0.203	1.000	-17985.066
38	8	1000	981	0.5085	0.249	0.286	0.309	0.277	0.316	0.326	0.294	0.309	0.301	0.308	0.290	0.311	0.256	0.298	1.874	0.636	0.275	0.198	1.000	-17659.639
39	8	1000	981	0.5189	0.330	0.278	0.316	0.297	0.299	0.305	0.302	0.307	0.313	0.310	0.294	0.280	0.284	0.274	2.032	0.628	0.325	0.218	1.000	-17862.957
40	8	1000	975	0.5151	0.325	0.341	0.298	0.277	0.283	0.316	0.287	0.289	0.299	0.304	0.270	0.278	0.275	0.294	1.964	0.716	0.268	0.216	4.176	-17621.133
41	8	1000	983	0.5151	0.296	0.282	0.355	0.309	0.260	0.333	0.286	0.328	0.350	0.265	0.306	0.267	0.305	0.310	1.937	0.598	0.269	0.193	1.000	-17920.312
42	8	1000	983	0.5306	0.294	0.282	0.321	0.318	0.335	0.346	0.298	0.320	0.304	0.286	0.299	0.292	0.265	0.308	2.027	0.662	0.299	0.212	2.325	-17942.966
43	8	1000	971	0.5088	0.294	0.275	0.294	0.306	0.264	0.295	0.319	0.291	0.299	0.284	0.297	0.301	0.273	0.299	1.911	0.556	0.291	0.204	1.000	-17706.066
44	8	1000	979	0.5075	0.278	0.312	0.322	0.316	0.309	0.288	0.330	0.330	0.269	0.308	0.297	0.317	0.279	0.332	2.005	0.673	0.326	0.208	1.761	-18036.743
45	8	1000	981	0.5173	0.271	0.304	0.324	0.253	0.314	0.238	0.285	0.304	0.270	0.249	0.297	0.279	0.322	0.335	1.988	0.582	0.263	0.189	1.083	-17486.507
46	8	1000	985	0.5215	0.321	0.323	0.326	0.278	0.300	0.280	0.310	0.286	0.295	0.311	0.310	0.325	0.287	0.327	2.090	0.552	0.228	0.201	1.000	-18004.853
47	8	1000	981	0.5029	0.327	0.344	0.282	0.288	0.318	0.269	0.346	0.355	0.349	0.288	0.288	0.327	0.311	0.318	1.976	0.506	0.268	0.192	1.000	-18195.909
48	8	1000	985	0.5292	0.280	0.288	0.321	0.305	0.320	0.317	0.290	0.305	0.262	0.304	0.269	0.330	0.307	0.299	2.010	0.679	0.297	0.200	1.000	-17805.270
49	8	1000	983	0.5218	0.367	0.309	0.275	0.343	0.278	0.291	0.263	0.316	0.279	0.262	0.353	0.264	0.330	0.311	1.949	0.664	0.326	0.200	4.919	-17872.234
50	8	1000	987	0.5168	0.325	0.303	0.282	0.314	0.281	0.326	0.301	0.253	0.327	0.277	0.337	0.311	0.315	0.302	2.022	0.627	0.315	0.217	1.000	-18115.816
51	8	1000	986	0.5146	4.164	0.300	0.288	0.291	0.317	0.255	0.345	4.205	0.291	0.322	0.236	0.250	0.254	0.292	1.970	0.710	0.280	0.238	998.996	-17709.423
52	8	1000	979	0.5214	0.298	0.280	0.303	0.283	0.331	0.314	0.306	0.509	0.366	0.311	0.253	0.281	0.278	0.256	1.980	0.703	0.283	0.209	20.683	-17690.454
53	8	1000	987	0.5052	0.291	0.333	0.286	0.309	0.311	0.287	0.326	0.297	0.287	0.310	0.274	0.327	0.311	0.321	2.096	0.652	0.310	0.237	3.032	-18064.711
54	8	1000	987	0.5132	0.302	0.299	0.299	0.301	0.322	0.305	0.292	0.299	0.277	0.261	0.290	0.322	0.375	0.308	2.005	0.600	0.291	0.209	1.000	-18013.405
55	8	1000	982	0.5092	0.278	0.329	0.279	0.302	0.294	0.273	0.289	0.262	0.281	0.277	0.330	0.287	0.308	0.315	1.902	0.615	0.295	0.205	1.000	-17733.083
56	8	1000	984	0.5158	0.324	0.267	0.274	0.336	0.301	0.294	0.294	0.315	0.336	0.317	0.314	0.273	0.325	0.299	2.016	0.651	0.310	0.211	1.000	-17970.943
57	8	1000	987	0.5132	0.349	0.332	0.280	0.316	0.358	0.285	0.287	0.305	0.311	0.258	0.285	0.262	0.337	0.296	2.076	0.652	0.332	0.217	7.188	-17890.491
58	8	1000	974	0.4925	0.275	0.271	0.315	0.299	0.242	0.271	0.286	0.265	0.310	0.266	0.291	0.288	0.265	0.337	1.993	0.540	0.275	0.194	1.154	-17449.206
59	8	1000	972	0.5098	0.253	0.299	0.317	0.284	0.328	0.296	0.294	0.317	0.290	0.338	0.269	0.310	0.275	0.300	1.976	0.586	0.274	0.204	1.000	-17839.849
60	8	1000	979	0.5164	0.343	0.254	0.289	0.310	0.315	0.275	0.274	0.302	0.332	0.288	0.289	0.294	0.299	0.269	2.051	0.665	0.300	0.206	4.557	-17615.748
61	8	1000	973	0.5146	0.283	0.325	0.290	0.346	0.242	0.290	0.294	0.296	0.300	0.330	0.311	0.340	0.290	0.277	1.882	0.525	0.325	0.183	1.162	-18045.315
62	8	1000	983	0.5109	0.277	0.381	0.342	0.294	0.297	0.281	0.283	0.304	0.308	0.297	0.292	0.310	0.319	0.265	2.109	0.639	0.304	0.200	1.883	-17872.862
63	8	1000	980	0.5097	0.279	0.311	0.292	0.274	0.318	0.283	0.260	0.303	0.344	0.290	0.309	0.233	0.279	0.288	2.066	0.620	0.286	0.200	1.185	-17568.860
64	8	1000	971	0.5061	0.343	0.290	0.281	0.296	0.278	0.297	0.293	0.264	0.297	0.310	0.275	0.302	0.295	0.233	2.113	0.644	0.273	0.199	1.944	-17428.921
65	8	1000	979	0.5130	0.269	0.276	0.301	0.335	0.274	0.269	0.324	0.332	0.299	0.310	0.286	0.274	0.300	0.323	1.886	0.656	0.335	0.203	5.769	-17881.359
66	8	1000	985	0.4972	0.641	0.258	0.251	0.282	0.330	0.309	0.292	0.000	0.254	0.334	0.284	0.311	0.325	0.302	2.153	0.641	0.321	0.214	1.348	-17748.060
67	8	1000	982	0.5138	0.347	0.332	0.272	0.314	0.314	0.270	0.328	0.342	0.309	0.346	0.276	0.305	0.329	0.302	2.005	0.619	0.327	0.191	1.000	-18094.817
68	8	1000	973	0.5276	0.334	0.283	0.328	0.305	0.326	0.302	0.315	0.288	0.297	0.315	0.304	0.256	0.334	0.338	1.993	0.670	0.302	0.193	1.000	-17956.668
69	8	1000	975	0.5048	0.315	0.301	0.304	0.326	0.346	0.317	0.257	0.262	0.298	0.284	0.328	0.274	0.331	0.276	1.983	0.546	0.283	0.182	1.008	-17862.238
70	8	1000	969	0.5135	0.368	0.281	0.283	0.306	0.270	0.303	0.304	0.296	0.297	0.303	0.303	0.296	0.318	0.322	1.915	0.624	0.337	0.201	1.000	-17982.016
71	8	1000	982	0.5150	0.322	0.331	0.337	0.263	0.243	0.299	0.289	0.250	0.283	0.331	0.297	0.313	0.250	0.318	2.036	0.641	0.304	0.196	1.000	-17768.727
72	8	1000	980	0.5142	0.247	0.290	0.282	0.314	0.301	0.295	0.311	0.301	0.292	0.302	0.275	0.328	0.322	0.276	1.889	0.635	0.299	0.211	2.637	-17838.323
73	8	1000	981	0.5096	0.311	0.307	0.316	0.296	0.331	0.237	0.331	0.326	0.310	0.321	0.301	0.280	0.329	0.302	2.114	0.483	0.239	0.188	1.000	-18003.447
74	8	1000	984	0.5183	0.277	0.289	0.260	0.308	0.285	0.311	0.290	0.340	0.253	0.326	0.288	0.303	0.306	0.308	1.956	0.652	0.288	0.219	1.686	-17872.605
75	8	1000	970	0.5055	0.308	0.260	0.302	0.306	0.297	0.310	0.319	0.307	0.304	0.278	0.311	0.299	0.268	0.286	2.018	0.631	0.361	0.196	1.000	-17719.676
76	8	1000	980	0.5061	0.309	0.308	0.353	0.363	0.283	0.287	0.285	0.223	0.262	0.344	0.350	0.323	0.279	0.303	1.920	0.646	0.313	0.208	1.000	-18124.821
77	8	1000	979	0.5195	0.304	0.338	0.274	0.298	0.273	0.287	0.319	0.369	0.290	0.332	0.304	0.307	0.289	0.299	1.964	0.646	0.282	0.215	1.457	-17986.846
78	8	1000	976	0.5130	0.277	0.292	0.310	0.317	0.337	0.330	0.253	0.337	0.355	0.321	0.278	0.302	0.258	0.306	2.158	0.656	0.344	0.195	1.000	-17817.549
79	8	1000	980	0.5124	0.362	0.261	0.270	0.337	0.291	0.279	0.356	0.330	0.281	0.376	0.253	0.322	0.271	0.338	2.108	0.649	0.333	0.215	7.134	-17938.289
80	8	1000	970	0.5130	0.278	0.310	0.338	0.294	0.336	0.270	0.240	0.267	0.286	0.311	0.302	0.322	0.280	0.272	1.940	0.595	0.278	0.200	1.177	-17605.615
81	8	1000	979	0.5135	0.381	0.292	0.305	0.294	0.245	0.301	0.324	0.333	0.283	0.320	0.330	0.234	0.300	0.351	1.958	0.643	0.352	0.206	17.233	-18010.447
82	8	1000	979	0.5220	0.277	0.326	0.284	0.295	0.269	0.297	0.298	0.293	0.299	0.325	0.291	0.250	0.293	0.298	1.996	0.704	0.296	0.219	85.672	-17613.224
83	8	1000	974	0.5119	0.358	0.316	0.271	0.281	0.286	0.317	0.280	0.296	0.285	0.261	0.300	0.304	0.281	0.329	1.956	0.662	0.320	0.202	5.092	-17621.764
84	8	1000	973	0.5114	0.316	0.385	0.269	0.299	0.262	0.260	0.290	0.356	0.348	0.300	0.319	0.296	0.317	0.273	2.109	0.614	0.285	0.217	1.000	-17929.637
85	8	1000	978	0.5251	0.310	0.316	0.301	0.328	0.319	0.278	0.310	0.275	0.288	0.338	0.264	0.306	0.267	0.295	2.010	0.610	0.357	0.209	1.000	-17914.958
86	8	1000	974	0.5178	0.274	0.303	0.294	0.305	0.319	0.291	0.310	0.324	0.318	0.300	0.279	0.246	0.281	0.275	2.066	0.589	0.333	0.179	1.000	-17639.064
87	8	1000	981	0.5071	0.330	0.206	0.271	0.303	0.291	0.275	0.284	0.293	0.304	0.276	0.277	0.258	0.317	0.303	2.018	0.658	0.307	0.217	3.397	-17468.310
88	8	1000	972	0.5073	0.317	0.316	0.305	0.274	0.321	0.313	0.291	0.262	0.260	0.312	0.313	0.323	0.308	0.293	2.122	0.543	0.282	0.194	1.000	-17881.823
89	8	1000	973	0.5151	0.303	0.299	0.293	0.321	0.300	0.290	0.295	0.296	0.297	0.306	0.273	0.278	0.294	0.315	1.971	0.534	0.290	0.196	1.000	-17819.567
90	8	1000	982	0.5228	0.282	0.293	0.278	0.327	0.305	0.308	0.295	0.343	0.383	0.276	0.268	0.267	0.292	0.269	2.082	0.658	0.342	0.198	1.000	-17737.183
91	8	1000	965	0.5169	0.337	0.296	0.304	0.322	0.342	0.273	0.290	0.298	0.286	0.287	0.295	0.335	0.281	0.272	1.883	0.591	0.311	0.187	1.883	-17776.054
92	8	1000	976	0.4990	0.296	0.323	0.284	0.312	0.285	0.291	0.275	0.292	0.304	0.267	0.304	0.312	0.241	0.330	2.102	0.696	0.294	0.214	4.650	-17580.853
93	8	1000	975	0.5237	0.298	0.318	0.281	0.308	0.293	0.306	0.316	0.353	0.276	0.314	0.266	0.323	0.294	0.292	2.047	0.644	0.318	0.213	2.081	-17946.223
94	8	1000	979	0.5076	0.313	0.319	0.261	0.303	0.314	0.293	0.282	0.264	0.318	0.293	0.272	0.301	0.299	0.320	2.132	0.654	0.330	0.189	4.739	-17671.916
95	8	1000	982	0.5191	0.357	0.321	0.289	0.306	0.290	0.294	0.284	0.426	0.269	0.308	0.311	0.307	0.263	0.320	2.086	0.648	0.339	0.212	25.124	-17874.888
96	8	1000	976	0.5072	0.248	0.290	0.372	0.292	0.300	0.303	0.301	0.302	0.292	0.287	0.314	0.270	0.312	0.266	1.980	0.639	0.315	0.213	2.293	-17850.285
97	8	1000	978	0.5197	0.321	0.286	0.271	0.315	0.242	0.289	0.284	0.330	0.299	0.279	0.304	0.324	0.302	0.282	1.950	0.578	0.315	0.189	1.000	-17743.237
98	8	1000	974	0.5085	0.345	0.296	0.334	0.285	0.277	0.311	0.295	0.286	0.312	0.275	0.315	0.278	0.315	0.337	2.027	0.628	0.300	0.191	1.000	-17806.386
99	8	1000	982	0.5128	0.287	0.308	0.294	0.296	0.269	0.259	0.297	0.286	0.287	0.274	0.306	0.290	0.320	0.322	1.990	0.590	0.292	0.197	1.000	-17748.214
100	8	1000	984	0.5090	0.292	0.318	0.252	0.310	0.311	0.290	0.296	0.284	0.302	0.299	0.265	0.306	0.298	0.310	2.023	0.676	0.324	0.195	1.000	-17648.957
101	8	1000	972	0.5128	0.271	0.281	0.310	0.283	0.282	0.300	0.326	0.305	0.344	0.286	0.319	0.291	0.294	0.294	2.049	0.577	0.258	0.203	1.000	-17778.989
102	8	1000	968	0.5068	0.284	0.268	0.270	0.301	0.343	0.291	0.302	0.315	0.275	0.301	0.252	0.263	0.313	0.311	1.937	0.582	0.286	0.178	1.000	-17523.035
103	8	1000	982	0.5173	0.304	0.302	0.274	0.327	0.279	0.304	0.283	0.258	0.341	0.292	0.268	0.321	0.267	0.307	2.051	0.564	0.287	0.208	1.141	-17811.562
104	8	1000	980	0.5165	0.325	0.302	0.301	0.295	0.260	0.313	0.251	0.345	0.346	0.276	0.297	0.239	0.279	0.273	2.170	0.697	0.298	0.197	3.676	-17444.010
105	8	1000	973	0.5150	0.266	0.318	0.302	0.318	0.307	0.296	0.353	0.260	0.327	0.282	0.271	0.286	0.262	0.336	1.998	0.618	0.334	0.183	3.060	-17761.730
106	8	1000	979	0.5052	0.336	0.251	0.257	0.337	0.334	0.308	0.330	0.299	0.242	0.329	0.293	0.301	0.300	0.305	2.012	0.574	0.315	0.199	1.000	-17896.395
107	8	1000	976	0.5119	0.275	0.308	0.287	0.303	0.318	0.236	0.310	0.298	0.317	0.290	0.302	0.332	0.274	0.282	2.099	0.622	0.298	0.203	1.000	-17620.653
108	8	1000	982	0.5121	0.284	0.230	0.299	0.347	0.325	0.301	0.302	0.339	0.369	0.292	0.315	0.290	0.323	0.301	2.022	0.547	0.278	0.178	1.000	-18019.190
109	8	1000	982	0.5120	0.314	0.292	0.336	0.274	0.322	0.368	0.298	0.279	0.347	0.318	0.258	0.298	0.257	0.304	2.064	0.617	0.325	0.203	1.897	-17956.794
110	8	1000	989	0.5197	0.299	0.356	0.295	0.292	0.333	0.326	0.290	0.345	0.321	0.325	0.315	0.283	0.289	0.350	1.810	0.632	0.303	0.196	2.148	-18223.716
111	8	1000	979	0.5142	0.275	0.324	0.313	0.287	0.308	0.266	0.316	0.235	0.317	0.338	0.299	0.294	0.326	0.304	2.243	0.598	0.298	0.183	1.404	-17656.399
112	8	1000	983	0.5123	0.306	0.313	0.268	0.312	0.287	0.317	0.245	0.312	0.291	0.323	0.281	0.275	0.318	0.303	2.163	0.552	0.260	0.201	1.000	-17737.778
113	8	1000	977	0.5140	0.740	0.309	0.338	0.298	0.267	0.341	0.300	0.066	0.275	0.317	0.338	0.329	0.288	0.266	2.001	0.633	0.359	0.200	35.269	-18107.478
114	8	1000	979	0.5263	0.000	0.300	0.287	0.275	0.300	0.286	0.308	0.554	0.291	0.262	0.278	0.238	0.261	0.294	2.130	0.660	0.340	0.211	43.878	-17417.110
115	8	1000	977	0.5180	0.000	0.272	0.296	0.315	0.249	0.309	0.280	1.677	0.315	0.319	0.277	0.265	0.347	0.298	1.954	0.674	0.324	0.216	999.000	-17699.952
116	8	1000	981	0.5178	0.130	0.403	0.325	0.280	0.379	0.299	0.295	0.161	0.365	0.277	0.279	0.388	0.282	0.311	2.074	0.349	0.117	0.199	828.164	-17733.201
117	8	1000	979	0.5123	0.466	0.334	0.319	0.299	0.293	0.308	0.322	0.124	0.301	0.299	0.299	0.319	0.290	0.293	2.118	0.537	0.294	0.188	1.110	-17957.365
118	8	1000	978	0.5198	0.303	0.285	0.341	0.253	0.259	0.331	0.265	0.310	0.259	0.269	0.288	0.359	0.326	0.294	2.036	0.650	0.301	0.185	1.584	-17627.416
119	8	1000	979	0.5158	0.316	0.301	0.324	0.311	0.305	0.294	0.277	0.308	0.250	0.290	0.341	0.297	0.316	0.283	1.948	0.610	0.317	0.183	1.280	-17892.762
120	8	1000	978	0.5212	0.311	0.302	0.297	0.340	0.290	0.282	0.343	0.314	0.316	0.341	0.306	0.322	0.336	0.275	1.880	0.530	0.294	0.192	1.000	-18221.582
121	8	1000	979	0.5218	0.292	0.310	0.293	0.337	0.277	0.294	0.326	0.333	0.287	0.295	0.290	0.283	0.319	0.267	1.942	0.638	0.300	0.194	1.000	-17806.095
122	8	1000	984	0.5080	0.278	0.263	0.303	0.240	0.349	0.302	0.313	0.308	0.247	0.290	0.333	0.348	0.332	0.298	1.930	0.507	0.227	0.210	1.000	-17951.420
123	8	1000	985	0.5210	0.312	0.230	0.309	0.299	0.350	0.333	0.267	0.291	0.265	0.248	0.303	0.271	0.293	0.348	1.953	0.674	0.307	0.212	1.578	-17723.024
124	8	1000	975	0.5069	0.267	0.295	0.329	0.286	0.289	0.300	0.296	0.276	0.315	0.289	0.262	0.279	0.290	0.256	1.943	0.620	0.282	0.213	1.000	-17645.990
125	8	1000	982	0.5152	0.323	0.321	0.303	0.313	0.291	0.294	0.311	0.322	0.280	0.321	0.263	0.302	0.301	0.325	2.018	0.569	0.320	0.195	1.000	-18007.093
126	8	1000	976	0.5190	0.269	0.343	0.286	0.308	0.282	0.282	0.339	0.336	0.269	0.266	0.296	0.314	0.322	0.303	1.821	0.616	0.332	0.190	1.000	-17921.295
127	8	1000	978	0.5095	0.264	0.301	0.333	0.311	0.346	0.249	0.294	0.350	0.324	0.293	0.266	0.270	0.295	0.243	2.018	0.697	0.303	0.194	1.000	-17516.708
128	8	1000	979	0.5140	0.310	0.310	0.283	0.298	0.336	0.318	0.283	0.316	0.281	0.305	0.284	0.264	0.289	0.288	1.924	0.647	0.279	0.209	1.480	-17731.486
129	8	1000	982	0.5154	0.297	0.303	0.298	0.328	0.282	0.293	0.289	0.297	0.328	0.307	0.307	0.266	0.320	0.254	2.077	0.584	0.285	0.202	1.000	-17778.196
130	8	1000	975	0.5197	0.345	0.262	0.294	0.310	0.325	0.255	0.293	0.338	0.283	0.329	0.341	0.272	0.275	0.305	1.940	0.686	0.309	0.198	1.000	-17797.256
131	8	1000	974	0.5135	0.312	0.335	0.290	0.305	0.331	0.291	0.305	0.265	0.275	0.292	0.301	0.263	0.317	0.280	1.994	0.616	0.379	0.197	1.555	-17858.949
132	8	1000	976	0.5092	0.265	0.283	0.284	0.279	0.328	0.273	0.300	0.276	0.316	0.329	0.275	0.263	0.264	0.302	1.927	0.669	0.307	0.192	2.929	-17547.976
133	8	1000	979	0.5126	0.296	0.286	0.309	0.305	0.293	0.300	0.308	0.315	0.280	0.260	0.331	0.279	0.285	0.305	2.074	0.597	0.304	0.201	1.000	-17753.868
134	8	1000	979	0.5082	0.245	0.322	0.279	0.335	0.349	0.278	0.302	0.329	0.284	0.337	0.317	0.299	0.300	0.282	1.991	0.568	0.366	0.177	1.000	-17980.909
135	8	1000	977	0.5058	0.262	0.311	0.310	0.291	0.320	0.310	0.266	0.348	0.293	0.277	0.268	0.296	0.252	0.302	1.994	0.635	0.293	0.193	1.000	-17568.202
136	8	1000	983	0.5188	0.323	0.313	0.285	0.291	0.281	0.315	0.294	0.313	0.311	0.312	0.278	0.302	0.294	0.324	1.906	0.530	0.300	0.190	1.116	-18001.437
137	8	1000	978	0.5226	0.351	0.333	0.310	0.256	0.305	0.270	0.328	0.326	0.347	0.277	0.314	0.284	0.334	0.293	2.040	0.595	0.376	0.184	1.005	-18022.000
138	8	1000	980	0.5203	0.348	0.282	0.302	0.306	0.295	0.298	0.341	0.329	0.280	0.338	0.307	0.340	0.313	0.306	2.090	0.663	0.324	0.209	1.910	-18121.473
139	8	1000	977	0.5154	0.315	0.290	0.308	0.280	0.286	0.309	0.284	0.274	0.270	0.352	0.261	0.287	0.263	0.328	1.858	0.599	0.288	0.193	1.000	-17677.072
140	8	1000	977	0.5236	0.300	0.276	0.298	0.246	0.263	0.289	0.295	0.346	0.332	0.307	0.295	0.258	0.296	0.304	2.089	0.657	0.318	0.193	3.123	-17530.049
141	8	1000	981	0.5234	0.303	0.314	0.312	0.309	0.318	0.292	0.302	0.279	0.265	0.294	0.335	0.273	0.339	0.323	2.052	0.594	0.277	0.200	1.000	-17983.380
142	8	1000	979	0.5095	0.351	0.300	0.295	0.316	0.293	0.319	0.268	0.255	0.308	0.313	0.303	0.293	0.338	0.285	1.918	0.634	0.291	0.211	1.194	-17969.145
143	8	1000	985	0.5082	0.275	0.277	0.271	0.296	0.309	0.248	0.323	0.290	0.326	0.286	0.270	0.310	0.272	0.283	2.028	0.665	0.281	0.211	1.530	-17517.997
144	8	1000	980	0.5099	0.276	0.303	0.300	0.305	0.304	0.299	0.271	0.259	0.295	0.326	0.301	0.278	0.291	0.276	2.018	0.651	0.275	0.212	1.825	-17630.914
145	8	1000	978	0.5304	0.291	0.315	0.333	0.283	0.311	0.294	0.282	0.308	0.329	0.296	0.282	0.251	0.322	0.309	1.906	0.592	0.280	0.197	1.556	-17898.204
146	8	1000	980	0.5112	0.310	0.316	0.295	0.352	0.299	0.299	0.285	0.274	0.308	0.299	0.278	0.351	0.338	0.280	1.888	0.572	0.271	0.217	1.000	-18093.520
147	8	1000	979	0.5034	0.369	0.295	0.289	0.288	0.280	0.315	0.304	0.336	0.368	0.259	0.315	0.247	0.276	0.287	1.979	0.669	0.331	0.213	1.000	-17798.649
148	8	1000	973	0.5187	0.248	0.308	0.336	0.284	0.226	0.290	0.302	0.297	0.248	0.275	0.280	0.325	0.265	0.288	1.801	0.691	0.259	0.202	1.000	-17403.360
149	8	1000	975	0.5061	0.298	0.344	0.282	0.296	0.284	0.275	0.280	0.273	0.292	0.271	0.305	0.284	0.288	0.283	1.948	0.591	0.302	0.191	1.000	-17548.429
150	8	1000	979	0.5192	2.984	0.306	0.289	0.286	0.280	0.299	0.312	2.910	0.310	0.263	0.327	0.323	0.277	0.319	1.926	0.675	0.318	0.216	998.999	-17922.884
151	8	1000	985	0.5171	0.045	0.329	0.324	0.268	0.282	0.285	0.296	0.544	0.285	0.231	0.344	0.287	0.283	0.305	2.007	0.584	0.274	0.200	1.617	-17720.597
152	8	1000	972	0.5129	0.283	0.290	0.312	0.272	0.296	0.284	0.296	0.327	0.276	0.317	0.303	0.323	0.279	0.350	2.120	0.621	0.311	0.191	2.604	-17747.469
153	8	1000	969	0.5124	0.337	0.267	0.290	0.300	0.270	0.313	0.276	0.292	0.287	0.293	0.286	0.309	0.300	0.285	2.008	0.592	0.284	0.179	1.000	-17551.480
154	8	1000	974	0.4983	0.263	0.360	0.290	0.347	0.270	0.325	0.331	0.269	0.303	0.347	0.286	0.325	0.314	0.282	1.986	0.540	0.301	0.184	1.000	-18038.659
155	8	1000	976	0.5106	0.242	0.293	0.290	0.275	0.249	0.286	0.300	0.285	0.292	0.293	0.277	0.314	0.319	0.302	2.044	0.590	0.279	0.202	1.098	-17555.746
156	8	1000	970	0.5123	0.267	0.312	0.298	0.284	0.363	0.295	0.324	0.287	0.288	0.282	0.258	0.270	0.323	0.298	1.855	0.647	0.266	0.212	1.000	-17687.918
157	8	1000	980	0.5088	0.299	0.323	0.296	0.300	0.323	0.321	0.306	0.256	0.278	0.305	0.310	0.336	0.315	0.307	1.986	0.513	0.311	0.219	1.000	-18240.470
158	8	1000	983	0.5192	0.291	0.303	0.311	0.261	0.257	0.329	0.273	0.306	0.313	0.307	0.288	0.260	0.301	0.312	1.997	0.611	0.249	0.221	1.000	-17719.823
159	8	1000	980	0.5000	0.291	0.312	0.269	0.288	0.301	0.301	0.310	0.325	0.294	0.294	0.287	0.303	0.298	0.295	1.947	0.627	0.297	0.209	1.000	-17780.233
160	8	1000	982	0.5130	0.294	0.353	0.294	0.316	0.266	0.316	0.304	0.330	0.371	0.285	0.293	0.288	0.331	0.310	1.828	0.589	0.297	0.181	1.000	-18077.961
161	8	1000	975	0.5078	0.344	0.272	0.296	0.298	0.303	0.325	0.269	0.312	0.272	0.276	0.313	0.274	0.269	0.337	1.993	0.637	0.304	0.195	2.223	-17770.693
162	8	1000	984	0.5019	0.309	0.267	0.335	0.314	0.287	0.270	0.269	0.253	0.315	0.303	0.292	0.264	0.344	0.275	2.025	0.590	0.255	0.206	1.068	-17616.073
163	8	1000	973	0.5166	0.278	0.313	0.284	0.345	0.298	0.306	0.324	0.332	0.264	0.302	0.277	0.308	0.282	0.295	1.953	0.573	0.286	0.200	2.023	-17876.721
164	8	1000	977	0.5119	0.386	0.263	0.286	0.324	0.280	0.321	0.283	0.388	0.344	0.344	0.323	0.286	0.260	0.313	2.128	0.680	0.316	0.195	35.300	-17862.440
165	8	1000	978	0.5135	0.244	0.284	0.287	0.285	0.306	0.288	0.299	0.320	0.361	0.317	0.329	0.286	0.287	0.278	2.044	0.669	0.297	0.205	1.835	-17740.773
166	8	1000	976	0.5073	0.344	0.288	0.271	0.288	0.340	0.352	0.280	0.344	0.307	0.315	0.266	0.284	0.320	0.289	1.907	0.652	0.294	0.202	3.537	-17862.407
167	8	1000	969	0.5025	0.316	0.333	0.280	0.282	0.253	0.270	0.279	0.276	0.286	0.277	0.288	0.278	0.274	0.339	1.886	0.674	0.290	0.224	2.721	-17604.387
168	8	1000	983	0.5149	0.279	0.312	0.346	0.274	0.304	0.304	0.283	0.278	0.314	0.320	0.310	0.276	0.290	0.313	1.842	0.544	0.299	0.200	1.000	-18031.952
169	8	1000	979	0.5124	0.361	0.348	0.271	0.288	0.293	0.279	0.287	0.321	0.259	0.288	0.279	0.306	0.315	0.267	2.105	0.634	0.345	0.205	8.474	-17663.579
170	8	1000	973	0.5225	0.360	0.316	0.281	0.306	0.332	0.259	0.319	0.326	0.288	0.292	0.322	0.320	0.328	0.281	2.075	0.592	0.307	0.207	2.025	-18039.119
171	8	1000	975	0.5041	0.345	0.299	0.284	0.280	0.281	0.312	0.303	0.276	0.261	0.289	0.313	0.303	0.280	0.292	2.013	0.618	0.317	0.198	1.000	-17728.451
172	8	1000	974	0.5177	0.353	0.355	0.296	0.260	0.239	0.322	0.293	0.310	0.320	0.344	0.275	0.234	0.324	0.269	2.042	0.659	0.327	0.206	1.128	-17724.417
173	8	1000	978	0.5216	0.438	0.298	0.327	0.277	0.332	0.292	0.332	0.375	0.338	0.296	0.318	0.311	0.300	0.291	2.081	0.609	0.349	0.216	6.191	-18321.782
174	8	1000	974	0.5068	0.367	0.315	0.317	0.296	0.260	0.318	0.301	0.290	0.286	0.257	0.330	0.309	0.335	0.305	1.942	0.674	0.316	0.206	3.681	-17929.978
175	8	1000	981	0.5178	0.359	0.324	0.317	0.305	0.292	0.292	0.264	0.304	0.319	0.273	0.330	0.299	0.348	0.289	1.939	0.702	0.282	0.220	3.342	-17991.020
176	8	1000	983	0.5194	0.329	0.269	0.282	0.282	0.274	0.296	0.304	0.359	0.248	0.314	0.283	0.303	0.316	0.282	1.986	0.625	0.375	0.200	31.105	-17828.481
177	8	1000	972	0.5044	0.669	0.312	0.284	0.332	0.302	0.330	0.276	0.000	0.318	0.280	0.348	0.324	0.344	0.303	2.059	0.677	0.323	0.198	25.888	-18119.784
178	8	1000	983	0.5214	0.677	0.258	0.283	0.281	0.311	0.314	0.251	0.000	0.301	0.255	0.308	0.239	0.257	0.331	2.016	0.676	0.319	0.219	11.745	-17570.196
179	8	1000	968	0.5129	0.270	0.300	0.258	0.274	0.312	0.316	0.280	0.293	0.303	0.291	0.252	0.310	0.270	0.261	2.005	0.641	0.359	0.184	52.703	-17381.137
180	8	1000	971	0.5255	0.000	0.284	0.280	0.224	0.360	0.282	0.316	0.627	0.295	0.292	0.292	0.274	0.314	0.267	1.977	0.583	0.313	0.186	1.000	-17575.009
181	8	1000	968	0.5106	0.343	0.311	0.299	0.291	0.272	0.269	0.307	0.278	0.318	0.297	0.277	0.263	0.335	0.275	1.881	0.651	0.295	0.188	1.000	-17638.490
182	8	1000	982	0.5155	0.337	0.309	0.295	0.272	0.250	0.296	0.271	0.331	0.331	0.298	0.343	0.275	0.308	0.274	1.821	0.675	0.315	0.210	4.606	-17876.374
183	8	1000	982	0.5140	0.328	0.339	0.321	0.307	0.281	0.309	0.283	0.278	0.328	0.292	0.304	0.358	0.321	0.282	1.963	0.528	0.242	0.175	1.000	-17963.983
184	8	1000	975	0.5057	0.259	0.345	0.289	0.309	0.305	0.285	0.300	0.313	0.279	0.314	0.288	0.233	0.308	0.322	1.955	0.619	0.299	0.205	1.000	-17791.272
185	8	1000	980	0.5115	0.261	0.340	0.304	0.258	0.264	0.271	0.308	0.350	0.329	0.280	0.279	0.278	0.319	0.278	1.938	0.705	0.284	0.211	8.017	-17631.550
186	8	1000	977	0.5129	0.306	0.329	0.306	0.267	0.302	0.328	0.273	0.293	0.289	0.301	0.318	0.348	0.275	0.287	1.909	0.672	0.328	0.226	123.928	-18003.211
187	8	1000	973	0.5164	0.303	0.266	0.295	0.283	0.305	0.283	0.307	0.277	0.297	0.316	0.317	0.319	0.310	0.283	2.024	0.647	0.331	0.205	4.673	-17815.907
188	8	1000	973	0.5108	0.283	0.282	0.300	0.310	0.281	0.278	0.273	0.231	0.309	0.289	0.285	0.235	0.310	0.310	1.807	0.510	0.232	0.184	1.000	-17502.761
189	8	1000	973	0.4960	0.295	0.267	0.293	0.301	0.256	0.270	0.301	0.353	0.314	0.333	0.313	0.317	0.249	0.323	2.043	0.586	0.274	0.204	1.000	-17772.150
190	8	1000	986	0.5168	0.301	0.316	0.272	0.354	0.311	0.315	0.294	0.236	0.347	0.291	0.345	0.311	0.311	0.283	1.863	0.591	0.289	0.198	1.060	-18031.152
191	8	1000	975	0.5042	0.332	0.288	0.300	0.279	0.284	0.311	0.305	0.304	0.262	0.339	0.303	0.299	0.271	0.339	2.022	0.681	0.287	0.208	2.217	-17768.552
192	8	1000	973	0.5132	0.309	0.310	0.350	0.263	0.252	0.321	0.301	0.309	0.340	0.277	0.281	0.319	0.248	0.276	1.822	0.649	0.313	0.220	2.811	-17906.320
193	8	1000	983	0.5033	0.279	0.278	0.334	0.290	0.340	0.325	0.283	0.320	0.310	0.288	0.346	0.284	0.260	0.288	2.060	0.700	0.298	0.218	1.532	-17862.072
194	8	1000	984	0.5129	0.290	0.343	0.280	0.326	0.347	0.308	0.242	0.266	0.290	0.312	0.295	0.342	0.306	0.290	1.958	0.493	0.252	0.203	1.000	-18020.335
195	8	1000	978	0.5144	0.302	0.323	0.295	0.295	0.241	0.319	0.326	0.302	0.269	0.272	0.327	0.300	0.287	0.315	2.079	0.609	0.324	0.186	1.000	-17737.030
196	8	1000	973	0.5113	0.345	0.296	0.327	0.319	0.298	0.322	0.312	0.309	0.317	0.326	0.295	0.285	0.290	0.329	1.990	0.646	0.323	0.205	2.645	-18116.819
197	8	1000	976	0.5049	0.271	0.302	0.305	0.324	0.300	0.299	0.307	0.315	0.277	0.322	0.322	0.348	0.283	0.317	1.976	0.523	0.291	0.188	1.000	-18064.906
198	8	1000	976	0.5145	0.257	0.264	0.335	0.293	0.308	0.296	0.313	0.351	0.338	0.331	0.299	0.289	0.282	0.321	1.988	0.603	0.298	0.195	1.665	-17921.268
199	8	1000	981	0.5022	0.251	0.292	0.293	0.310	0.355	0.260	0.332	0.264	0.335	0.310	0.310	0.330	0.280	0.281	2.041	0.513	0.281	0.177	1.000	-17810.294
200	8	1000	972	0.5138	0.558	0.297	0.287	0.307	0.268	0.288	0.303	0.640	0.249	0.315	0.312	0.323	0.327	0.299	1.987	0.649	0.342	0.203	88.069	-17912.647
201	8	1000	982	0.5088	0.348	0.275	0.330	0.284	0.310	0.274	0.337	0.304	0.326	0.230	0.325	0.307	0.304	0.294	2.059	0.577	0.281	0.221	1.000	-18007.715
202	8	1000	983	0.5137	0.327	0.276	0.315	0.289	0.285	0.324	0.296	0.296	0.292	0.299	0.301	0.328	0.310	0.312	2.068	0.593	0.325	0.197	1.700	-17969.779
203	8	1000	982	0.5198	0.244	0.298	0.323	0.325	0.317	0.329	0.296	0.304	0.310	0.357	0.282	0.301	0.288	0.320	1.953	0.687	0.277	0.218	1.226	-18076.529
204	8	1000	978	0.5134	0.276	0.273	0.311	0.319	0.308	0.261	0.319	0.333	0.299	0.244	0.325	0.282	0.268	0.301	2.084	0.506	0.290	0.188	1.000	-17710.478
205	8	1000	982	0.5195	0.302	0.340	0.291	0.320	0.311	0.279	0.256	0.295	0.350	0.274	0.253	0.297	0.309	0.285	2.005	0.637	0.334	0.216	3.615	-17821.825
206	8	1000	984	0.5152	0.281	0.294	0.321	0.308	0.341	0.311	0.271	0.289	0.298	0.300	0.273	0.340	0.329	0.245	1.977	0.718	0.282	0.205	1.000	-17787.006
207	8	1000	976	0.5268	0.251	0.294	0.316	0.330	0.329	0.298	0.291	0.309	0.345	0.293	0.324	0.295	0.352	0.286	2.023	0.569	0.267	0.206	1.409	-18110.071
208	8	1000	965	0.5066	0.263	0.286	0.334	0.294	0.354	0.322	0.310	0.314	0.256	0.274	0.308	0.358	0.280	0.306	1.912	0.598	0.305	0.179	1.000	-17827.344
209	8	1000	975	0.5207	0.312	0.280	0.288	0.313	0.294	0.325	0.295	0.308	0.246	0.308	0.291	0.302	0.277	0.301	1.917	0.713	0.287	0.193	19.987	-17600.405
210	8	1000	983	0.5308	0.548	0.312	0.301	0.288	0.339	0.285	0.293	0.568	0.324	0.340	0.320	0.301	0.318	0.310	1.942	0.676	0.316	0.216	64.136	-18258.819
211	8	1000	980	0.5113	0.321	0.313	0.266	0.328	0.308	0.321	0.309	0.254	0.274	0.291	0.273	0.316	0.287	0.296	1.909	0.659	0.341	0.249	82.523	-18093.555
212	8	1000	974	0.5131	0.294	0.236	0.279	0.306	0.341	0.248	0.309	0.289	0.289	0.284	0.281	0.307	0.321	0.309	2.101	0.632	0.284	0.205	1.000	-17551.351
213	8	1000	971	0.5079	0.271	0.289	0.311	0.339	0.305	0.282	0.289	0.292	0.251	0.272	0.330	0.305	0.307	0.298	1.924	0.631	0.268	0.205	1.000	-17693.393
214	8	1000	968	0.5096	0.277	0.325	0.278	0.276	0.284	0.293	0.267	0.327	0.284	0.282	0.307	0.300	0.335	0.268	2.085	0.662	0.292	0.204	2.311	-17520.787
215	8	1000	973	0.5130	0.277	0.314	0.290	0.288	0.324	0.349	0.301	0.326	0.298	0.292	0.298	0.357	0.262	0.295	1.962	0.627	0.289	0.203	1.000	-17945.212
216	8	1000	980	0.5142	5.813	0.373	0.361	0.303	0.247	0.329	0.341	5.827	0.320	0.321	0.282	0.268	0.304	0.351	2.007	0.612	0.372	0.204	998.997	-18375.832
217	8	1000	972	0.5077	0.325	0.362	0.278	0.250	0.281	0.292	0.321	0.281	0.303	0.315	0.288	0.267	0.286	0.304	1.869	0.560	0.299	0.200	1.000	-17858.101
218	8	1000	979	0.5218	0.323	0.315	0.322	0.329	0.251	0.277	0.318	0.299	0.338	0.344	0.316	0.286	0.282	0.286	2.117	0.649	0.276	0.211	1.878	-17918.709
219	8	1000	977	0.5174	0.322	0.302	0.306	0.320	0.261	0.266	0.298	0.318	0.242	0.329	0.266	0.325	0.309	0.300	1.943	0.640	0.350	0.214	1.000	-17869.266
220	8	1000	975	0.5189	0.303	0.285	0.288	0.300	0.300	0.251	0.321	0.316	0.325	0.313	0.266	0.295	0.270	0.296	2.143	0.592	0.291	0.200	1.302	-17617.958
221	8	1000	963	0.5200	0.295	0.311	0.299	0.266	0.285	0.293	0.303	0.252	0.324	0.314	0.292	0.242	0.291	0.306	1.973	0.625	0.334	0.193	2.055	-17684.105
222	8	1000	975	0.5039	0.336	0.252	0.273	0.295	0.359	0.281	0.302	0.299	0.361	0.321	0.230	0.290	0.254	0.291	2.015	0.656	0.298	0.200	2.931	-17584.425
223	8	1000	971	0.5079	0.270	0.288	0.295	0.235	0.311	0.336	0.331	0.333	0.319	0.282	0.271	0.276	0.264	0.293	1.941	0.686	0.286	0.217	3.903	-17602.924
224	8	1000	969	0.5226	0.284	0.323	0.280	0.322	0.260	0.316	0.331	0.341	0.326	0.290	0.259	0.281	0.298	0.269	2.049	0.579	0.268	0.175	1.000	-17631.866
225	8	1000	984	0.5242	0.348	0.265	0.324	0.285	0.330	0.309	0.268	0.296	0.302	0.299	0.285	0.266	0.317	0.351	1.989	0.660	0.277	0.211	1.000	-17920.706
226	8	1000	974	0.5173	0.337	0.362	0.339	0.322	0.266	0.277	0.304	0.297	0.282	0.312	0.289	0.312	0.299	0.332	1.950	0.550	0.246	0.209	1.000	-18087.621
227	8	1000	981	0.5121	0.299	0.334	0.346	0.266	0.280	0.297	0.296	0.288	0.313	0.313	0.311	0.302	0.270	0.307	2.004	0.642	0.300	0.214	1.568	-17948.372
228	8	1000	980	0.5192	0.310	0.346	0.317	0.270	0.317	0.305	0.296	0.299	0.346	0.293	0.299	0.297	0.297	0.328	2.059	0.568	0.329	0.192	1.000	-18039.015
229	8	1000	970	0.5125	0.298	0.254	0.272	0.267	0.377	0.285	0.296	0.315	0.297	0.335	0.335	0.226	0.286	0.270	1.912	0.564	0.262	0.213	1.000	-17746.371
230	8	1000	978	0.5217	0.319	0.301	0.306	0.285	0.285	0.270	0.304	0.297	0.296	0.342	0.291	0.329	0.325	0.297	2.014	0.646	0.354	0.202	1.000	-17977.445
231	8	1000	983	0.5156	0.252	0.257	0.296	0.333	0.342	0.303	0.280	0.332	0.313	0.319	0.330	0.294	0.302	0.305	2.007	0.563	0.275	0.208	1.000	-18058.882
232	8	1000	982	0.5068	0.350	0.312	0.319	0.261	0.287	0.308	0.306	0.311	0.294	0.320	0.285	0.282	0.299	0.309	2.149	0.683	0.314	0.212	19.349	-17788.532
233	8	1000	984	0.5298	0.345	0.334	0.344	0.312	0.292	0.348	0.314	0.310	0.315	0.354	0.322	0.265	0.296	0.318	1.939	0.656	0.344	0.230	100.915	-18578.733
234	8	1000	971	0.5237	0.317	0.287	0.293	0.279	0.267	0.302	0.291	0.360	0.308	0.302	0.309	0.297	0.314	0.263	1.911	0.652	0.301	0.203	1.355	-17700.102
235	8	1000	978	0.5184	0.359	0.267	0.303	0.359	0.311	0.273	0.310	0.364	0.259	0.332	0.267	0.329	0.291	0.341	1.967	0.627	0.334	0.180	3.634	-18002.681
236	8	1000	980	0.5218	0.297	0.309	0.331	0.330	0.298	0.306	0.321	0.314	0.306	0.264	0.315	0.337	0.317	0.270	2.212	0.557	0.314	0.173	1.000	-17945.754
237	8	1000	975	0.5162	0.307	0.349	0.268	0.318	0.273	0.290	0.295	0.290	0.309	0.250	0.312	0.294	0.288	0.311	2.079	0.615	0.336	0.189	2.351	-17676.113
238	8	1000	979	0.5172	0.302	0.287	0.320	0.280	0.291	0.264	0.296	0.321	0.320	0.311	0.286	0.289	0.264	0.317	2.074	0.559	0.255	0.181	1.000	-17613.658
239	8	1000	977	0.5144	0.263	0.260	0.311	0.284	0.311	0.318	0.294	0.329	0.338	0.294	0.310	0.308	0.274	0.296	2.105	0.631	0.334	0.196	1.000	-17737.714
240	8	1000	977	0.5191	0.327	0.334	0.292	0.275	0.331	0.311	0.281	0.284	0.278	0.281	0.273	0.277	0.248	0.270	1.940	0.664	0.324	0.211	1.000	-17644.581
241	8	1000	980	0.5054	0.308	0.292	0.348	0.317	0.340	0.312	0.277	0.270	0.324	0.266	0.287	0.298	0.252	0.331	2.061	0.670	0.330	0.208	1.000	-17842.361
242	8	1000	988	0.5068	0.297	0.310	0.302	0.291	0.320	0.300	0.318	0.313	0.314	0.310	0.312	0.276	0.287	0.332	1.964	0.567	0.318	0.218	1.195	-18182.870
243	8	1000	987	0.5037	0.327	0.304	0.315	0.323	0.305	0.329	0.301	0.277	0.357	0.290	0.262	0.302	0.310	0.319	2.026	0.564	0.308	0.182	1.000	-18025.535
244	8	1000	973	0.5115	0.342	0.302	0.322	0.308	0.299	0.293	0.283	0.324	0.286	0.282	0.313	0.282	0.276	0.325	2.065	0.645	0.355	0.212	1.000	-17954.969
245	8	1000	972	0.5301	0.310	0.336	0.265	0.299	0.281	0.270	0.288	0.285	0.269	0.348	0.299	0.285	0.313	0.271	2.055	0.660	0.308	0.202	1.000	-17693.430
246	8	1000	978	0.5159	0.319	0.310	0.316	0.321	0.270	0.282	0.301	0.285	0.338	0.326	0.292	0.261	0.308	0.311	2.042	0.627	0.296	0.212	1.208	-17996.323
247	8	1000	982	0.5147	0.325	0.313	0.313	0.275	0.323	0.287	0.319	0.268	0.261	0.303	0.343	0.325	0.317	0.329	2.003	0.659	0.298	0.194	1.000	-17999.663
248	8	1000	975	0.5225	0.286	0.305	0.276	0.306	0.292	0.335	0.277	0.288	0.295	0.300	0.298	0.280	0.287	0.298	2.014	0.628	0.339	0.226	3.924	-17851.802
249	8	1000	966	0.5148	0.305	0.310	0.307	0.276	0.287	0.249	0.299	0.338	0.268	0.264	0.329	0.328	0.314	0.305	2.108	0.674	0.312	0.201	1.092	-17704.850
250	8	1000	980	0.5160	0.275	0.258	0.343	0.280	0.366	0.298	0.271	0.347	0.314	0.306	0.307	0.306	0.334	0.259	1.981	0.634	0.299	0.197	1.142	-17876.675
251	8	1000	983	0.5197	0.290	0.291	0.304	0.301	0.284	0.314	0.316	0.320	0.301	0.278	0.327	0.346	0.286	0.304	2.079	0.546	0.313	0.209	1.000	-18088.980
252	8	1000	973	0.5026	0.377	0.349	0.308	0.283	0.262	0.286	0.296	0.312	0.320	0.329	0.318	0.313	0.289	0.343	1.914	0.616	0.361	0.204	7.182	-18207.609
253	8	1000	974	0.5119	0.308	0.302	0.327	0.277	0.328	0.300	0.289	0.233	0.343	0.271	0.338	0.263	0.289	0.321	2.002	0.547	0.274	0.210	1.087	-17913.921
254	8	1000	974	0.5079	0.299	0.309	0.264	0.296	0.331	0.327	0.301	0.238	0.301	0.300	0.338	0.322	0.298	0.296	1.992	0.553	0.313	0.186	1.000	-17839.447
255	8	1000	976	0.5043	0.299	0.309	0.276	0.295	0.333	0.267	0.316	0.265	0.284	0.304	0.297	0.336	0.283	0.295	1.979	0.602	0.299	0.202	1.000	-17793.648
256	8	1000	980	0.5122	0.306	0.298	0.304	0.304	0.307	0.263	0.307	0.269	0.335	0.298	0.278	0.312	0.310	0.312	1.859	0.641	0.336	0.209	1.000	-18014.477
257	8	1000	975	0.5122	0.275	0.295	0.313	0.268	0.354	0.281	0.339	0.294	0.337	0.277	0.317	0.297	0.297	0.285	2.000	0.578	0.298	0.206	1.000	-17990.123
258	8	1000	982	0.5233	0.286	0.323	0.305	0.279	0.272	0.328	0.318	0.260	0.306	0.323	0.264	0.280	0.313	0.300	2.084	0.569	0.306	0.186	1.000	-17857.082
259	8	1000	979	0.5185	0.279	0.307	0.296	0.275	0.294	0.269	0.296	0.298	0.302	0.289	0.283	0.322	0.292	0.270	1.992	0.694	0.297	0.211	1.040	-17549.229
260	8	1000	979	0.5151	0.263	0.322	0.328	0.299	0.330	0.291	0.279	0.336	0.262	0.289	0.327	0.335	0.319	0.276	2.052	0.613	0.288	0.199	1.000	-17910.084
261	8	1000	972	0.5170	0.334	0.310	0.299	0.294	0.303	0.323	0.266	0.289	0.322	0.332	0.328	0.334	0.280	0.301	2.100	0.651	0.329	0.189	1.811	-17898.728
262	8	1000	983	0.5185	0.320	0.335	0.307	0.315	0.254	0.266	0.313	0.287	0.272	0.286	0.337	0.362	0.310	0.308	1.871	0.564	0.326	0.215	1.000	-18155.087
263	8	1000	975	0.5108	0.300	0.278	0.350	0.330	0.257	0.274	0.309	0.297	0.339	0.266	0.303	0.297	0.287	0.333	2.049	0.656	0.344	0.226	1.000	-17955.977
264	8	1000	980	0.5164	0.279	0.288	0.340	0.279	0.325	0.285	0.287	0.258	0.303	0.320	0.323	0.278	0.328	0.321	2.067	0.600	0.262	0.220	1.000	-17960.073
265	8	1000	976	0.5045	0.355	0.284	0.313	0.293	0.311	0.287	0.270	0.347	0.332	0.302	0.273	0.288	0.346	0.241	1.928	0.704	0.294	0.215	36.670	-17657.880
266	8	1000	976	0.5206	0.382	0.289	0.292	0.311	0.290	0.282	0.314	0.317	0.302	0.297	0.304	0.281	0.256	0.312	1.920	0.687	0.313	0.215	246.091	-17799.197

