1	8	1000	969	0.5025	0.287	0.333	0.280	0.282	0.253	0.270	0.279	0.306	0.286	0.277	0.288	0.278	0.274	0.339	1.886	0.674	0.290	0.224	2.721	-17604.387
2	8	1000	983	0.5149	0.265	0.312	0.346	0.274	0.304	0.304	0.283	0.292	0.314	0.320	0.310	0.276	0.290	0.313	1.842	0.544	0.299	0.200	1.000	-18031.952
3	8	1000	979	0.5124	0.375	0.348	0.271	0.288	0.293	0.279	0.287	0.307	0.259	0.288	0.279	0.306	0.315	0.267	2.105	0.634	0.345	0.205	8.474	-17663.579
4	8	1000	973	0.5225	0.348	0.316	0.281	0.306	0.332	0.259	0.319	0.338	0.288	0.292	0.322	0.320	0.328	0.281	2.075	0.592	0.307	0.207	2.025	-18039.119
5	8	1000	975	0.5041	0.265	0.299	0.284	0.280	0.281	0.312	0.303	0.355	0.261	0.289	0.313	0.303	0.280	0.292	2.013	0.618	0.317	0.198	1.000	-17728.451
6	8	1000	974	0.5177	0.359	0.355	0.296	0.260	0.239	0.322	0.293	0.304	0.320	0.344	0.275	0.234	0.324	0.269	2.042	0.659	0.327	0.206	1.128	-17724.417
7	8	1000	978	0.5216	0.411	0.298	0.327	0.277	0.332	0.292	0.332	0.402	0.338	0.296	0.318	0.311	0.300	0.291	2.081	0.609	0.349	0.216	6.191	-18321.782
8	8	1000	974	0.5068	0.322	0.315	0.317	0.296	0.260	0.318	0.301	0.335	0.286	0.257	0.330	0.309	0.335	0.305	1.942	0.674	0.316	0.206	3.681	-17929.978
9	8	1000	981	0.5178	0.309	0.324	0.317	0.305	0.292	0.292	0.264	0.354	0.319	0.273	0.330	0.299	0.348	0.289	1.939	0.702	0.282	0.220	3.342	-17991.020
10	8	1000	983	0.5194	0.375	0.269	0.282	0.282	0.274	0.296	0.304	0.313	0.248	0.314	0.283	0.303	0.316	0.282	1.986	0.625	0.375	0.200	29.503	-17828.481
11	8	1000	972	0.5044	0.309	0.312	0.284	0.332	0.302	0.330	0.276	0.360	0.318	0.280	0.348	0.324	0.344	0.303	2.059	0.677	0.323	0.198	45.286	-18119.784
12	8	1000	983	0.5214	0.634	0.259	0.283	0.281	0.312	0.313	0.251	0.003	0.302	0.255	0.308	0.241	0.257	0.332	2.015	0.645	0.304	0.215	1.517	-17569.456
13	8	1000	968	0.5129	0.306	0.301	0.259	0.274	0.313	0.317	0.280	0.247	0.304	0.291	0.252	0.311	0.271	0.261	2.005	0.609	0.340	0.180	1.000	-17380.789
14	8	1000	971	0.5255	0.301	0.284	0.280	0.224	0.360	0.282	0.316	0.326	0.295	0.292	0.292	0.274	0.314	0.267	1.977	0.583	0.313	0.186	1.000	-17575.009
15	8	1000	968	0.5106	0.358	0.311	0.299	0.291	0.272	0.269	0.307	0.263	0.318	0.297	0.277	0.263	0.335	0.275	1.881	0.651	0.295	0.188	1.000	-17638.490
16	8	1000	982	0.5155	0.368	0.309	0.295	0.272	0.250	0.296	0.271	0.301	0.331	0.298	0.343	0.275	0.308	0.274	1.821	0.675	0.315	0.210	4.606	-17876.374
17	8	1000	982	0.5140	0.286	0.339	0.321	0.307	0.281	0.309	0.283	0.320	0.328	0.292	0.304	0.358	0.321	0.282	1.963	0.528	0.242	0.175	1.000	-17963.983
18	8	1000	975	0.5057	0.261	0.345	0.289	0.309	0.305	0.285	0.300	0.311	0.279	0.314	0.288	0.233	0.308	0.322	1.955	0.619	0.299	0.205	1.000	-17791.272
19	8	1000	980	0.5115	0.312	0.340	0.304	0.258	0.264	0.271	0.308	0.300	0.329	0.280	0.279	0.278	0.319	0.278	1.938	0.705	0.284	0.211	8.017	-17631.550
20	8	1000	977	0.5129	0.301	0.329	0.306	0.267	0.302	0.328	0.273	0.297	0.289	0.301	0.318	0.348	0.275	0.287	1.909	0.672	0.328	0.226	10.865	-18003.211
21	8	1000	973	0.5164	0.394	0.266	0.296	0.283	0.305	0.284	0.307	0.247	0.296	0.316	0.318	0.318	0.310	0.284	2.024	0.654	0.337	0.206	17.560	-17816.272
22	8	1000	973	0.5108	0.295	0.282	0.300	0.310	0.281	0.278	0.273	0.220	0.309	0.289	0.285	0.235	0.310	0.310	1.807	0.510	0.232	0.184	1.000	-17502.761
23	8	1000	973	0.4960	0.352	0.267	0.293	0.301	0.256	0.270	0.301	0.296	0.314	0.333	0.313	0.317	0.249	0.323	2.043	0.586	0.274	0.204	1.000	-17772.150
24	8	1000	986	0.5168	0.246	0.316	0.272	0.354	0.311	0.315	0.294	0.291	0.347	0.291	0.345	0.311	0.311	0.283	1.863	0.591	0.289	0.198	1.060	-18031.152
25	8	1000	975	0.5042	0.310	0.288	0.300	0.279	0.284	0.311	0.305	0.325	0.262	0.339	0.303	0.299	0.271	0.339	2.022	0.681	0.287	0.208	2.217	-17768.552
26	8	1000	973	0.5132	0.312	0.310	0.350	0.263	0.252	0.321	0.301	0.306	0.340	0.277	0.281	0.319	0.248	0.276	1.822	0.649	0.313	0.220	2.811	-17906.320
27	8	1000	983	0.5033	0.321	0.277	0.334	0.290	0.340	0.325	0.283	0.278	0.310	0.288	0.346	0.284	0.260	0.288	2.060	0.701	0.298	0.218	1.723	-17862.075
28	8	1000	984	0.5129	0.264	0.343	0.280	0.326	0.347	0.308	0.242	0.292	0.290	0.312	0.295	0.342	0.306	0.290	1.958	0.493	0.252	0.203	1.000	-18020.335
29	8	1000	978	0.5144	0.273	0.323	0.295	0.295	0.241	0.319	0.326	0.332	0.269	0.272	0.327	0.300	0.287	0.315	2.079	0.609	0.324	0.186	1.000	-17737.030
30	8	1000	973	0.5113	0.369	0.296	0.327	0.319	0.298	0.322	0.312	0.285	0.317	0.326	0.295	0.285	0.290	0.329	1.990	0.646	0.323	0.205	2.645	-18116.819
31	8	1000	976	0.5049	0.262	0.302	0.305	0.324	0.300	0.299	0.307	0.324	0.277	0.322	0.322	0.348	0.283	0.317	1.976	0.523	0.291	0.188	1.000	-18064.906
32	8	1000	976	0.5145	0.263	0.264	0.335	0.293	0.308	0.296	0.313	0.344	0.338	0.331	0.299	0.289	0.282	0.321	1.988	0.603	0.298	0.195	1.665	-17921.268
33	8	1000	981	0.5022	0.291	0.292	0.293	0.310	0.355	0.260	0.332	0.224	0.335	0.310	0.310	0.330	0.280	0.281	2.041	0.513	0.281	0.177	1.000	-17810.294
34	8	1000	972	0.5138	1.015	0.297	0.287	0.307	0.268	0.288	0.303	0.182	0.249	0.315	0.312	0.323	0.327	0.299	1.987	0.649	0.342	0.203	88.081	-17912.647
35	8	1000	982	0.5088	0.355	0.273	0.329	0.284	0.307	0.273	0.337	0.324	0.322	0.229	0.325	0.305	0.304	0.293	2.059	0.675	0.325	0.233	36.967	-18009.970
36	8	1000	983	0.5137	0.335	0.275	0.315	0.289	0.283	0.323	0.296	0.353	0.289	0.298	0.301	0.327	0.310	0.311	2.073	0.637	0.349	0.203	9.295	-17970.195
37	8	1000	982	0.5198	0.283	0.297	0.323	0.325	0.317	0.329	0.296	0.272	0.309	0.356	0.282	0.300	0.288	0.320	1.953	0.711	0.289	0.221	37.962	-18076.827
38	8	1000	978	0.5134	0.318	0.273	0.311	0.319	0.308	0.261	0.319	0.291	0.299	0.244	0.325	0.282	0.268	0.301	2.084	0.506	0.290	0.188	1.000	-17710.478
39	8	1000	982	0.5195	0.305	0.340	0.291	0.320	0.311	0.279	0.256	0.292	0.350	0.274	0.253	0.297	0.309	0.285	2.005	0.637	0.334	0.216	3.615	-17821.825
40	8	1000	984	0.5152	0.300	0.294	0.321	0.308	0.341	0.311	0.271	0.270	0.298	0.300	0.273	0.340	0.329	0.245	1.977	0.718	0.282	0.205	1.000	-17787.006
41	8	1000	976	0.5268	0.266	0.294	0.316	0.330	0.329	0.298	0.291	0.295	0.345	0.293	0.324	0.295	0.352	0.286	2.023	0.569	0.267	0.206	1.409	-18110.071
42	8	1000	965	0.5066	0.272	0.286	0.334	0.294	0.354	0.322	0.310	0.306	0.256	0.274	0.308	0.358	0.280	0.306	1.912	0.598	0.305	0.179	1.000	-17827.344
43	8	1000	975	0.5207	0.288	0.280	0.288	0.313	0.294	0.325	0.295	0.332	0.246	0.308	0.291	0.302	0.277	0.301	1.917	0.713	0.287	0.193	1.000	-17600.405
44	8	1000	983	0.5308	0.378	0.315	0.301	0.289	0.341	0.285	0.293	0.303	0.327	0.341	0.320	0.304	0.319	0.310	1.940	0.583	0.276	0.206	1.000	-18257.114
45	8	1000	980	0.5113	0.298	0.313	0.266	0.328	0.308	0.321	0.309	0.275	0.275	0.291	0.273	0.316	0.287	0.296	1.908	0.653	0.337	0.248	1.000	-18093.546
46	8	1000	974	0.5131	0.313	0.236	0.279	0.306	0.341	0.248	0.309	0.270	0.289	0.284	0.281	0.307	0.321	0.309	2.101	0.632	0.284	0.205	1.000	-17551.351
47	8	1000	971	0.5079	0.281	0.289	0.311	0.339	0.305	0.282	0.289	0.282	0.251	0.272	0.330	0.305	0.307	0.298	1.924	0.631	0.268	0.205	1.000	-17693.393
48	8	1000	968	0.5096	0.293	0.325	0.278	0.276	0.284	0.293	0.267	0.310	0.284	0.282	0.307	0.300	0.335	0.268	2.085	0.662	0.292	0.204	2.311	-17520.787
49	8	1000	973	0.5130	0.000	0.311	0.290	0.287	0.323	0.348	0.301	0.747	0.296	0.291	0.298	0.354	0.261	0.295	1.961	0.684	0.313	0.209	70.115	-17946.005
50	8	1000	980	0.5142	1.451	0.373	0.361	0.303	0.247	0.329	0.341	1.592	0.320	0.321	0.282	0.268	0.304	0.351	2.007	0.612	0.372	0.204	221.557	-18375.832
51	8	1000	972	0.5077	0.310	0.362	0.278	0.250	0.281	0.292	0.321	0.296	0.303	0.315	0.288	0.267	0.286	0.304	1.869	0.560	0.299	0.200	1.000	-17858.101
52	8	1000	979	0.5218	0.305	0.315	0.322	0.329	0.251	0.277	0.318	0.318	0.338	0.344	0.316	0.286	0.282	0.286	2.117	0.649	0.276	0.211	1.878	-17918.709
53	8	1000	977	0.5174	0.308	0.302	0.306	0.320	0.261	0.266	0.298	0.331	0.242	0.329	0.266	0.325	0.309	0.300	1.943	0.640	0.350	0.214	1.000	-17869.266
54	8	1000	975	0.5189	0.314	0.285	0.288	0.300	0.300	0.251	0.321	0.305	0.325	0.313	0.266	0.295	0.270	0.296	2.143	0.592	0.291	0.200	1.302	-17617.958
55	8	1000	963	0.5200	0.269	0.311	0.299	0.266	0.285	0.293	0.303	0.279	0.324	0.314	0.292	0.242	0.291	0.306	1.973	0.625	0.334	0.193	2.055	-17684.105
56	8	1000	975	0.5039	0.284	0.252	0.273	0.295	0.359	0.281	0.302	0.350	0.361	0.321	0.230	0.290	0.254	0.291	2.015	0.656	0.298	0.200	2.931	-17584.425
57	8	1000	971	0.5079	0.276	0.288	0.295	0.235	0.311	0.336	0.331	0.327	0.319	0.282	0.271	0.276	0.264	0.293	1.941	0.686	0.286	0.217	3.903	-17602.924
58	8	1000	969	0.5226	0.313	0.323	0.280	0.322	0.260	0.316	0.331	0.311	0.326	0.290	0.259	0.281	0.298	0.269	2.049	0.579	0.268	0.175	1.000	-17631.866
59	8	1000	984	0.5242	0.332	0.265	0.324	0.285	0.330	0.309	0.268	0.311	0.302	0.299	0.285	0.266	0.317	0.351	1.989	0.660	0.277	0.211	1.000	-17920.706
60	8	1000	974	0.5173	0.349	0.362	0.339	0.322	0.266	0.277	0.304	0.285	0.282	0.312	0.289	0.312	0.299	0.332	1.950	0.550	0.246	0.209	1.000	-18087.621
61	8	1000	981	0.5121	0.289	0.334	0.346	0.266	0.280	0.297	0.296	0.299	0.313	0.313	0.311	0.302	0.270	0.307	2.004	0.642	0.300	0.214	1.568	-17948.372
62	8	1000	980	0.5192	0.290	0.346	0.317	0.270	0.317	0.305	0.296	0.320	0.346	0.293	0.299	0.297	0.297	0.328	2.059	0.568	0.329	0.192	1.000	-18039.015
63	8	1000	970	0.5125	0.294	0.254	0.272	0.267	0.377	0.285	0.296	0.318	0.297	0.335	0.335	0.226	0.286	0.270	1.912	0.564	0.262	0.213	1.000	-17746.371
64	8	1000	978	0.5217	0.310	0.301	0.306	0.285	0.285	0.270	0.304	0.306	0.296	0.342	0.291	0.329	0.325	0.297	2.014	0.646	0.354	0.202	1.000	-17977.445
65	8	1000	983	0.5156	0.288	0.257	0.296	0.333	0.342	0.303	0.280	0.297	0.313	0.319	0.330	0.294	0.302	0.305	2.007	0.563	0.275	0.208	1.000	-18058.882
66	8	1000	982	0.5068	0.326	0.312	0.319	0.261	0.287	0.308	0.306	0.334	0.294	0.320	0.285	0.282	0.299	0.309	2.149	0.683	0.314	0.212	19.349	-17788.532
67	8	1000	984	0.5298	0.000	0.334	0.344	0.312	0.292	0.348	0.314	0.655	0.315	0.354	0.322	0.265	0.296	0.318	1.939	0.656	0.344	0.230	66.292	-18578.733
68	8	1000	971	0.5237	0.343	0.286	0.292	0.279	0.266	0.302	0.290	0.503	0.307	0.302	0.309	0.295	0.314	0.263	1.912	0.682	0.317	0.207	195.179	-17700.804
69	8	1000	978	0.5184	0.373	0.267	0.303	0.359	0.311	0.273	0.310	0.350	0.259	0.332	0.267	0.329	0.291	0.341	1.967	0.627	0.334	0.180	3.634	-18002.681
70	8	1000	980	0.5218	0.287	0.309	0.331	0.330	0.298	0.306	0.321	0.324	0.306	0.264	0.315	0.337	0.317	0.270	2.212	0.557	0.314	0.173	1.000	-17945.754
71	8	1000	975	0.5162	0.286	0.349	0.268	0.318	0.273	0.290	0.295	0.311	0.309	0.250	0.312	0.294	0.288	0.311	2.079	0.615	0.336	0.189	2.351	-17676.113
72	8	1000	979	0.5172	0.326	0.287	0.320	0.280	0.291	0.264	0.296	0.297	0.320	0.311	0.286	0.289	0.264	0.317	2.074	0.559	0.255	0.181	1.000	-17613.658
73	8	1000	977	0.5144	0.305	0.260	0.311	0.284	0.311	0.318	0.294	0.286	0.338	0.294	0.310	0.308	0.274	0.296	2.105	0.631	0.334	0.196	1.000	-17737.714
74	8	1000	977	0.5191	0.310	0.334	0.292	0.275	0.331	0.311	0.281	0.301	0.278	0.281	0.273	0.277	0.248	0.270	1.940	0.664	0.324	0.211	1.000	-17644.581
75	8	1000	980	0.5054	0.311	0.292	0.348	0.317	0.340	0.312	0.277	0.267	0.324	0.266	0.287	0.298	0.252	0.331	2.061	0.670	0.330	0.208	1.000	-17842.361
76	8	1000	988	0.5068	0.321	0.310	0.302	0.291	0.320	0.300	0.318	0.289	0.314	0.310	0.312	0.276	0.287	0.332	1.964	0.567	0.318	0.218	1.195	-18182.870
77	8	1000	987	0.5037	0.305	0.304	0.315	0.323	0.305	0.329	0.301	0.299	0.357	0.290	0.262	0.302	0.310	0.319	2.026	0.564	0.308	0.182	1.000	-18025.535
78	8	1000	973	0.5115	0.342	0.302	0.322	0.308	0.299	0.293	0.283	0.324	0.286	0.282	0.313	0.282	0.276	0.325	2.065	0.645	0.355	0.212	1.000	-17954.969
79	8	1000	972	0.5301	0.273	0.336	0.265	0.299	0.281	0.270	0.288	0.322	0.269	0.348	0.299	0.285	0.313	0.271	2.055	0.660	0.308	0.202	1.000	-17693.430
80	8	1000	978	0.5159	0.281	0.310	0.316	0.321	0.270	0.282	0.301	0.322	0.338	0.326	0.292	0.261	0.308	0.311	2.042	0.627	0.296	0.212	1.208	-17996.323
81	8	1000	982	0.5147	0.273	0.313	0.313	0.275	0.323	0.287	0.319	0.320	0.261	0.303	0.343	0.325	0.317	0.329	2.003	0.659	0.298	0.194	1.000	-17999.663
82	8	1000	975	0.5225	0.290	0.305	0.276	0.306	0.292	0.335	0.277	0.284	0.295	0.300	0.298	0.280	0.287	0.298	2.014	0.628	0.339	0.226	3.924	-17851.802
83	8	1000	966	0.5148	0.331	0.310	0.307	0.276	0.287	0.249	0.299	0.312	0.268	0.264	0.329	0.328	0.314	0.305	2.108	0.674	0.312	0.201	1.092	-17704.850
84	8	1000	980	0.5160	0.319	0.258	0.343	0.280	0.366	0.298	0.271	0.303	0.314	0.306	0.307	0.306	0.334	0.259	1.981	0.634	0.299	0.197	1.142	-17876.675
85	8	1000	983	0.5197	0.283	0.291	0.304	0.301	0.284	0.314	0.316	0.327	0.301	0.278	0.327	0.346	0.286	0.304	2.079	0.546	0.313	0.209	1.000	-18088.980
86	8	1000	973	0.5026	0.339	0.349	0.308	0.283	0.262	0.286	0.296	0.350	0.320	0.329	0.318	0.313	0.289	0.343	1.914	0.616	0.361	0.204	7.182	-18207.609
87	8	1000	974	0.5119	0.242	0.302	0.327	0.277	0.328	0.300	0.289	0.299	0.343	0.271	0.338	0.263	0.289	0.321	2.002	0.547	0.274	0.210	1.087	-17913.921
88	8	1000	974	0.5079	0.271	0.309	0.264	0.296	0.331	0.327	0.301	0.266	0.301	0.300	0.338	0.322	0.298	0.296	1.992	0.553	0.313	0.186	1.000	-17839.447
89	8	1000	976	0.5043	0.304	0.309	0.276	0.295	0.333	0.267	0.316	0.261	0.284	0.304	0.297	0.336	0.283	0.295	1.979	0.602	0.299	0.202	1.000	-17793.648
90	8	1000	980	0.5122	0.294	0.298	0.304	0.304	0.307	0.263	0.307	0.281	0.335	0.298	0.278	0.312	0.310	0.312	1.859	0.641	0.336	0.209	1.000	-18014.477
91	8	1000	975	0.5122	0.295	0.295	0.313	0.268	0.354	0.281	0.339	0.274	0.337	0.277	0.317	0.297	0.297	0.285	2.000	0.578	0.298	0.206	1.000	-17990.123
92	8	1000	982	0.5233	0.274	0.323	0.305	0.279	0.272	0.328	0.318	0.272	0.306	0.323	0.264	0.280	0.313	0.300	2.084	0.569	0.306	0.186	1.000	-17857.082
93	8	1000	979	0.5185	0.246	0.307	0.296	0.275	0.294	0.269	0.296	0.331	0.302	0.289	0.283	0.322	0.292	0.270	1.992	0.694	0.297	0.211	1.040	-17549.229
94	8	1000	979	0.5151	0.286	0.322	0.328	0.299	0.330	0.291	0.279	0.313	0.262	0.289	0.327	0.335	0.319	0.276	2.052	0.613	0.288	0.199	1.000	-17910.084
95	8	1000	972	0.5170	0.303	0.310	0.299	0.294	0.303	0.323	0.266	0.319	0.322	0.332	0.328	0.334	0.280	0.301	2.100	0.651	0.329	0.189	1.811	-17898.728
96	8	1000	983	0.5185	0.329	0.335	0.307	0.315	0.254	0.266	0.313	0.278	0.272	0.286	0.337	0.362	0.310	0.308	1.871	0.564	0.326	0.215	1.000	-18155.087
97	8	1000	975	0.5108	0.302	0.278	0.350	0.330	0.257	0.274	0.309	0.295	0.339	0.266	0.303	0.297	0.287	0.333	2.049	0.656	0.344	0.226	1.000	-17955.977
98	8	1000	980	0.5164	0.257	0.288	0.340	0.279	0.325	0.285	0.287	0.280	0.303	0.320	0.323	0.278	0.328	0.321	2.067	0.600	0.262	0.220	1.000	-17960.073
99	8	1000	976	0.5045	0.698	0.284	0.313	0.293	0.311	0.287	0.270	0.004	0.332	0.302	0.273	0.288	0.346	0.241	1.928	0.704	0.294	0.215	36.670	-17657.880
100	8	1000	976	0.5206	0.344	0.289	0.292	0.311	0.290	0.282	0.314	0.354	0.302	0.297	0.304	0.281	0.256	0.312	1.920	0.687	0.313	0.215	102.762	-17799.198

