1	8	1000	977	0.5180	0.281	0.273	0.297	0.315	0.250	0.310	0.280	0.209	0.317	0.319	0.277	0.267	0.348	0.298	1.954	0.639	0.305	0.211	1.569	-17699.068
2	8	1000	981	0.5178	0.000	0.290	0.318	0.278	0.275	0.291	0.294	0.616	0.263	0.276	0.273	0.294	0.287	0.299	2.075	0.627	0.276	0.220	1.000	-17589.123
3	8	1000	979	0.5123	0.271	0.334	0.319	0.299	0.293	0.308	0.322	0.319	0.301	0.299	0.299	0.319	0.290	0.293	2.118	0.537	0.294	0.188	1.110	-17957.365
4	8	1000	978	0.5198	0.327	0.285	0.341	0.253	0.259	0.331	0.265	0.285	0.259	0.269	0.288	0.359	0.326	0.294	2.036	0.650	0.301	0.185	1.584	-17627.416
5	8	1000	979	0.5158	0.336	0.301	0.324	0.311	0.305	0.294	0.277	0.288	0.250	0.290	0.341	0.297	0.316	0.283	1.948	0.610	0.317	0.183	1.280	-17892.762
6	8	1000	978	0.5212	0.281	0.302	0.297	0.340	0.290	0.282	0.343	0.343	0.316	0.341	0.306	0.322	0.336	0.275	1.880	0.530	0.294	0.192	1.000	-18221.582
7	8	1000	979	0.5218	0.281	0.310	0.293	0.337	0.277	0.294	0.326	0.343	0.287	0.295	0.290	0.283	0.319	0.267	1.942	0.638	0.300	0.194	1.000	-17806.095
8	8	1000	984	0.5080	0.301	0.263	0.303	0.240	0.349	0.302	0.313	0.286	0.247	0.290	0.333	0.348	0.332	0.298	1.930	0.507	0.227	0.210	1.000	-17951.420
9	8	1000	985	0.5210	0.313	0.230	0.309	0.299	0.350	0.333	0.267	0.290	0.265	0.248	0.303	0.271	0.293	0.348	1.953	0.674	0.307	0.212	1.578	-17723.024
10	8	1000	975	0.5069	0.292	0.295	0.329	0.286	0.289	0.300	0.296	0.250	0.315	0.289	0.262	0.279	0.290	0.256	1.943	0.620	0.282	0.213	1.000	-17645.990
11	8	1000	982	0.5152	0.325	0.321	0.303	0.313	0.291	0.294	0.311	0.320	0.280	0.321	0.263	0.302	0.301	0.325	2.018	0.569	0.320	0.195	1.000	-18007.093
12	8	1000	976	0.5190	0.319	0.343	0.286	0.308	0.282	0.282	0.339	0.286	0.269	0.266	0.296	0.314	0.322	0.303	1.821	0.616	0.332	0.190	1.000	-17921.295
13	8	1000	978	0.5095	0.306	0.301	0.333	0.311	0.346	0.249	0.294	0.307	0.324	0.293	0.266	0.270	0.295	0.243	2.018	0.697	0.303	0.194	1.000	-17516.708
14	8	1000	979	0.5140	0.313	0.310	0.283	0.298	0.336	0.318	0.283	0.313	0.281	0.305	0.284	0.264	0.289	0.288	1.924	0.647	0.279	0.209	1.480	-17731.486
15	8	1000	982	0.5154	0.300	0.303	0.298	0.328	0.282	0.293	0.289	0.295	0.328	0.307	0.307	0.266	0.320	0.254	2.077	0.584	0.285	0.202	1.000	-17778.196
16	8	1000	975	0.5197	0.315	0.262	0.294	0.310	0.325	0.255	0.293	0.367	0.283	0.329	0.341	0.272	0.275	0.305	1.940	0.686	0.309	0.198	1.000	-17797.256
17	8	1000	974	0.5135	0.257	0.335	0.290	0.305	0.331	0.291	0.305	0.319	0.275	0.292	0.301	0.263	0.317	0.280	1.994	0.616	0.379	0.197	1.555	-17858.949
18	8	1000	976	0.5092	0.242	0.283	0.284	0.279	0.328	0.273	0.300	0.299	0.316	0.329	0.275	0.263	0.264	0.302	1.927	0.669	0.307	0.192	2.929	-17547.976
19	8	1000	979	0.5126	0.287	0.286	0.309	0.305	0.293	0.300	0.308	0.323	0.280	0.260	0.331	0.279	0.285	0.305	2.074	0.597	0.304	0.201	1.000	-17753.868
20	8	1000	979	0.5082	0.276	0.322	0.279	0.335	0.349	0.278	0.302	0.298	0.284	0.337	0.317	0.299	0.300	0.282	1.991	0.568	0.366	0.177	1.000	-17980.909
21	8	1000	977	0.5058	0.331	0.311	0.310	0.291	0.320	0.310	0.266	0.279	0.293	0.277	0.268	0.296	0.252	0.302	1.994	0.635	0.293	0.193	1.000	-17568.202
22	8	1000	983	0.5188	0.308	0.313	0.285	0.291	0.281	0.315	0.294	0.328	0.311	0.312	0.278	0.302	0.294	0.324	1.906	0.530	0.300	0.190	1.116	-18001.437
23	8	1000	978	0.5226	0.344	0.333	0.310	0.256	0.305	0.270	0.328	0.334	0.347	0.277	0.314	0.284	0.334	0.293	2.040	0.595	0.376	0.184	1.005	-18022.000
24	8	1000	980	0.5203	0.372	0.282	0.302	0.306	0.295	0.298	0.341	0.306	0.280	0.338	0.307	0.340	0.313	0.306	2.090	0.663	0.324	0.209	1.910	-18121.473
25	8	1000	977	0.5154	0.289	0.290	0.308	0.280	0.286	0.309	0.284	0.299	0.270	0.352	0.261	0.287	0.263	0.328	1.858	0.599	0.288	0.193	1.000	-17677.072
26	8	1000	977	0.5236	0.279	0.276	0.298	0.246	0.263	0.289	0.295	0.366	0.332	0.307	0.295	0.258	0.296	0.304	2.089	0.657	0.318	0.193	3.123	-17530.049
27	8	1000	981	0.5234	0.310	0.314	0.312	0.309	0.318	0.292	0.302	0.272	0.265	0.294	0.335	0.273	0.339	0.323	2.052	0.594	0.277	0.200	1.000	-17983.380
28	8	1000	979	0.5095	0.275	0.300	0.295	0.316	0.293	0.319	0.268	0.331	0.308	0.313	0.303	0.293	0.338	0.285	1.918	0.634	0.291	0.211	1.194	-17969.145
29	8	1000	985	0.5082	0.273	0.277	0.271	0.296	0.309	0.248	0.323	0.293	0.326	0.286	0.270	0.310	0.272	0.283	2.028	0.665	0.281	0.211	1.530	-17517.997
30	8	1000	980	0.5099	0.253	0.303	0.300	0.305	0.304	0.299	0.271	0.281	0.295	0.326	0.301	0.278	0.291	0.276	2.018	0.651	0.275	0.212	1.825	-17630.914
31	8	1000	978	0.5304	0.304	0.315	0.333	0.283	0.311	0.294	0.282	0.296	0.329	0.296	0.282	0.251	0.322	0.309	1.906	0.592	0.280	0.197	1.556	-17898.204
32	8	1000	980	0.5112	0.312	0.316	0.295	0.352	0.299	0.299	0.285	0.273	0.308	0.299	0.278	0.351	0.338	0.280	1.888	0.572	0.271	0.217	1.000	-18093.520
33	8	1000	979	0.5034	0.341	0.295	0.289	0.288	0.280	0.315	0.304	0.364	0.368	0.259	0.315	0.247	0.276	0.287	1.979	0.669	0.331	0.213	1.000	-17798.649
34	8	1000	973	0.5187	0.119	0.307	0.336	0.284	0.225	0.289	0.301	0.684	0.248	0.275	0.280	0.324	0.265	0.288	1.804	0.725	0.271	0.205	90.678	-17403.020
35	8	1000	975	0.5061	0.273	0.342	0.281	0.296	0.281	0.274	0.280	0.321	0.290	0.270	0.305	0.281	0.288	0.283	1.946	0.666	0.334	0.200	50.051	-17549.873
36	8	1000	979	0.5192	2.878	0.306	0.289	0.286	0.280	0.299	0.312	3.016	0.310	0.263	0.327	0.323	0.277	0.319	1.926	0.675	0.318	0.216	999.000	-17922.884
37	8	1000	985	0.5171	0.423	0.329	0.324	0.268	0.282	0.285	0.296	0.166	0.285	0.231	0.344	0.287	0.283	0.305	2.007	0.584	0.274	0.200	1.617	-17720.597
38	8	1000	972	0.5129	0.303	0.290	0.312	0.272	0.296	0.284	0.296	0.307	0.276	0.317	0.303	0.323	0.279	0.350	2.120	0.621	0.311	0.191	2.604	-17747.469
39	8	1000	969	0.5124	0.279	0.267	0.290	0.300	0.270	0.313	0.276	0.350	0.287	0.293	0.286	0.309	0.300	0.285	2.008	0.592	0.284	0.179	1.000	-17551.480
40	8	1000	974	0.4983	0.261	0.360	0.290	0.347	0.270	0.325	0.331	0.270	0.303	0.347	0.286	0.325	0.314	0.282	1.986	0.540	0.301	0.184	1.000	-18038.659
41	8	1000	976	0.5106	0.290	0.293	0.290	0.275	0.249	0.286	0.300	0.237	0.292	0.293	0.277	0.314	0.319	0.302	2.044	0.590	0.279	0.202	1.098	-17555.746
42	8	1000	970	0.5123	0.235	0.312	0.298	0.284	0.363	0.295	0.324	0.320	0.288	0.282	0.258	0.270	0.323	0.298	1.855	0.647	0.266	0.212	1.000	-17687.918
43	8	1000	980	0.5088	0.264	0.323	0.296	0.300	0.323	0.321	0.306	0.291	0.278	0.305	0.310	0.336	0.315	0.307	1.986	0.513	0.311	0.219	1.000	-18240.470
44	8	1000	983	0.5192	0.339	0.303	0.311	0.261	0.257	0.329	0.273	0.258	0.313	0.307	0.288	0.260	0.301	0.312	1.997	0.611	0.249	0.221	1.000	-17719.823
45	8	1000	980	0.5000	0.318	0.312	0.269	0.288	0.301	0.301	0.310	0.298	0.294	0.294	0.287	0.303	0.298	0.295	1.947	0.627	0.297	0.209	1.000	-17780.233
46	8	1000	982	0.5130	0.319	0.353	0.294	0.316	0.266	0.316	0.304	0.305	0.371	0.285	0.293	0.288	0.331	0.310	1.828	0.589	0.297	0.181	1.000	-18077.961
47	8	1000	975	0.5078	0.328	0.272	0.296	0.298	0.303	0.325	0.269	0.328	0.272	0.276	0.313	0.274	0.269	0.337	1.993	0.637	0.304	0.195	2.223	-17770.693
48	8	1000	984	0.5019	0.293	0.267	0.335	0.314	0.287	0.270	0.269	0.269	0.315	0.303	0.292	0.264	0.344	0.275	2.025	0.590	0.255	0.206	1.068	-17616.073
49	8	1000	973	0.5166	0.281	0.313	0.284	0.345	0.298	0.306	0.324	0.329	0.264	0.302	0.277	0.308	0.282	0.295	1.953	0.573	0.286	0.200	2.023	-17876.721
50	8	1000	977	0.5119	0.363	0.263	0.286	0.324	0.280	0.321	0.284	0.309	0.344	0.344	0.323	0.286	0.260	0.313	2.124	0.676	0.316	0.195	1.000	-17862.813
51	8	1000	978	0.5135	0.292	0.284	0.287	0.285	0.306	0.288	0.299	0.272	0.361	0.317	0.329	0.286	0.287	0.278	2.044	0.669	0.297	0.205	1.835	-17740.773
52	8	1000	976	0.5073	0.361	0.288	0.271	0.288	0.340	0.352	0.280	0.326	0.307	0.315	0.266	0.284	0.320	0.289	1.907	0.652	0.294	0.202	3.537	-17862.407
53	8	1000	969	0.5025	0.312	0.333	0.280	0.282	0.253	0.270	0.279	0.280	0.286	0.277	0.288	0.278	0.274	0.339	1.886	0.674	0.290	0.224	2.721	-17604.387
54	8	1000	983	0.5149	0.259	0.312	0.346	0.274	0.304	0.304	0.283	0.298	0.314	0.320	0.310	0.276	0.290	0.313	1.842	0.544	0.299	0.200	1.000	-18031.952
55	8	1000	979	0.5124	0.328	0.348	0.271	0.288	0.293	0.279	0.287	0.354	0.259	0.288	0.279	0.306	0.315	0.267	2.105	0.634	0.345	0.205	8.474	-17663.579
56	8	1000	973	0.5225	0.361	0.316	0.281	0.306	0.332	0.259	0.319	0.324	0.288	0.292	0.322	0.320	0.328	0.281	2.075	0.592	0.307	0.207	2.025	-18039.119
57	8	1000	975	0.5041	0.318	0.299	0.284	0.280	0.281	0.312	0.303	0.302	0.261	0.289	0.313	0.303	0.280	0.292	2.013	0.618	0.317	0.198	1.000	-17728.451
58	8	1000	974	0.5177	0.296	0.355	0.296	0.260	0.239	0.322	0.293	0.367	0.320	0.344	0.275	0.234	0.324	0.269	2.042	0.659	0.327	0.206	1.128	-17724.417
59	8	1000	978	0.5216	0.409	0.298	0.327	0.277	0.332	0.292	0.332	0.404	0.338	0.296	0.318	0.311	0.300	0.291	2.081	0.609	0.349	0.216	6.191	-18321.782
60	8	1000	974	0.5068	0.341	0.315	0.317	0.296	0.260	0.318	0.301	0.316	0.286	0.257	0.330	0.309	0.335	0.305	1.942	0.674	0.316	0.206	3.681	-17929.978
61	8	1000	981	0.5178	0.366	0.324	0.317	0.305	0.292	0.292	0.264	0.297	0.319	0.273	0.330	0.299	0.348	0.289	1.939	0.702	0.282	0.220	3.342	-17991.020
62	8	1000	983	0.5194	0.326	0.269	0.282	0.282	0.274	0.296	0.304	0.361	0.248	0.314	0.283	0.303	0.316	0.282	1.986	0.625	0.375	0.200	1.000	-17828.481
63	8	1000	972	0.5044	0.284	0.314	0.285	0.333	0.310	0.331	0.277	0.336	0.323	0.281	0.348	0.329	0.345	0.304	2.059	0.543	0.265	0.183	1.000	-18114.719
64	8	1000	983	0.5214	0.300	0.259	0.283	0.281	0.312	0.313	0.251	0.337	0.302	0.255	0.308	0.241	0.257	0.332	2.015	0.645	0.304	0.215	1.517	-17569.456
65	8	1000	968	0.5129	0.283	0.301	0.259	0.274	0.313	0.317	0.280	0.270	0.304	0.291	0.252	0.311	0.271	0.261	2.005	0.609	0.340	0.180	1.000	-17380.789
66	8	1000	971	0.5255	0.334	0.284	0.280	0.224	0.360	0.282	0.316	0.293	0.295	0.292	0.292	0.274	0.314	0.267	1.977	0.583	0.313	0.186	1.000	-17575.009
67	8	1000	968	0.5106	0.335	0.311	0.299	0.291	0.272	0.269	0.307	0.286	0.318	0.297	0.277	0.263	0.335	0.275	1.881	0.651	0.295	0.188	1.000	-17638.490
68	8	1000	982	0.5155	0.000	0.309	0.295	0.272	0.250	0.296	0.271	0.669	0.331	0.298	0.343	0.275	0.308	0.274	1.821	0.675	0.315	0.210	4.606	-17876.374
69	8	1000	982	0.5140	0.308	0.339	0.321	0.307	0.281	0.309	0.283	0.297	0.328	0.292	0.304	0.358	0.321	0.282	1.963	0.528	0.242	0.175	1.000	-17963.983
70	8	1000	975	0.5057	0.276	0.345	0.289	0.309	0.305	0.285	0.300	0.297	0.279	0.314	0.288	0.233	0.308	0.322	1.955	0.619	0.299	0.205	1.000	-17791.272
71	8	1000	980	0.5115	0.306	0.340	0.304	0.258	0.264	0.271	0.308	0.305	0.329	0.280	0.279	0.278	0.319	0.278	1.938	0.705	0.284	0.211	8.017	-17631.550
72	8	1000	977	0.5129	0.290	0.329	0.306	0.267	0.302	0.328	0.273	0.309	0.289	0.301	0.318	0.348	0.275	0.287	1.909	0.672	0.328	0.226	38.775	-18003.211
73	8	1000	973	0.5164	0.436	0.266	0.295	0.283	0.305	0.283	0.307	0.144	0.297	0.316	0.317	0.319	0.310	0.283	2.024	0.647	0.331	0.205	4.673	-17815.907
74	8	1000	973	0.5108	0.242	0.282	0.300	0.310	0.281	0.278	0.273	0.272	0.309	0.289	0.285	0.235	0.310	0.310	1.807	0.510	0.232	0.184	1.000	-17502.761
75	8	1000	973	0.4960	0.331	0.267	0.293	0.301	0.256	0.270	0.301	0.318	0.314	0.333	0.313	0.317	0.249	0.323	2.043	0.586	0.274	0.204	1.000	-17772.150
76	8	1000	986	0.5168	0.261	0.316	0.272	0.354	0.311	0.315	0.294	0.276	0.347	0.291	0.345	0.311	0.311	0.283	1.863	0.591	0.289	0.198	1.060	-18031.152
77	8	1000	975	0.5042	0.298	0.288	0.300	0.279	0.284	0.311	0.305	0.338	0.262	0.339	0.303	0.299	0.271	0.339	2.022	0.681	0.287	0.208	2.217	-17768.552
78	8	1000	973	0.5132	0.307	0.310	0.350	0.263	0.252	0.321	0.301	0.310	0.340	0.277	0.281	0.319	0.248	0.276	1.822	0.649	0.313	0.220	2.811	-17906.320
79	8	1000	983	0.5033	0.301	0.278	0.334	0.290	0.340	0.325	0.283	0.298	0.310	0.288	0.346	0.284	0.260	0.288	2.060	0.700	0.298	0.218	1.532	-17862.072
80	8	1000	984	0.5129	0.305	0.343	0.280	0.326	0.347	0.308	0.242	0.251	0.290	0.312	0.295	0.342	0.306	0.290	1.958	0.493	0.252	0.203	1.000	-18020.335
81	8	1000	978	0.5144	0.346	0.323	0.295	0.295	0.241	0.319	0.326	0.259	0.269	0.272	0.327	0.300	0.287	0.315	2.079	0.609	0.324	0.186	1.000	-17737.030
82	8	1000	973	0.5113	0.331	0.296	0.327	0.319	0.298	0.322	0.312	0.323	0.317	0.326	0.295	0.285	0.290	0.329	1.990	0.646	0.323	0.205	2.645	-18116.819
83	8	1000	976	0.5049	0.300	0.302	0.305	0.324	0.300	0.299	0.307	0.286	0.277	0.322	0.322	0.348	0.283	0.317	1.976	0.523	0.291	0.188	1.000	-18064.906
84	8	1000	976	0.5145	0.281	0.264	0.335	0.293	0.308	0.296	0.313	0.327	0.338	0.331	0.299	0.289	0.282	0.321	1.988	0.603	0.298	0.195	1.665	-17921.268
85	8	1000	981	0.5022	0.236	0.292	0.293	0.310	0.355	0.260	0.332	0.280	0.335	0.310	0.310	0.330	0.280	0.281	2.041	0.513	0.281	0.177	1.000	-17810.294
86	8	1000	972	0.5138	0.225	0.297	0.287	0.307	0.268	0.288	0.303	0.972	0.249	0.315	0.312	0.323	0.327	0.299	1.987	0.649	0.342	0.203	88.077	-17912.647
87	8	1000	982	0.5088	0.316	0.273	0.329	0.284	0.307	0.273	0.337	0.364	0.322	0.229	0.325	0.305	0.304	0.293	2.059	0.675	0.325	0.233	59.488	-18009.970
88	8	1000	983	0.5137	0.000	0.275	0.315	0.289	0.283	0.323	0.296	0.688	0.289	0.298	0.301	0.327	0.310	0.311	2.073	0.637	0.349	0.203	9.295	-17970.195
89	8	1000	982	0.5198	0.267	0.297	0.323	0.325	0.317	0.329	0.296	0.288	0.309	0.356	0.282	0.300	0.288	0.320	1.953	0.711	0.289	0.221	64.402	-18076.827
90	8	1000	978	0.5134	0.344	0.273	0.311	0.319	0.308	0.261	0.319	0.264	0.299	0.244	0.325	0.282	0.268	0.301	2.084	0.506	0.290	0.188	1.000	-17710.478
91	8	1000	982	0.5195	0.278	0.340	0.291	0.320	0.311	0.279	0.256	0.319	0.350	0.274	0.253	0.297	0.309	0.285	2.005	0.637	0.334	0.216	3.615	-17821.825
92	8	1000	984	0.5152	0.288	0.294	0.321	0.308	0.341	0.311	0.271	0.283	0.298	0.300	0.273	0.340	0.329	0.245	1.977	0.718	0.282	0.205	1.000	-17787.006
93	8	1000	976	0.5268	0.234	0.294	0.316	0.330	0.329	0.298	0.291	0.326	0.345	0.293	0.324	0.295	0.352	0.286	2.023	0.569	0.267	0.206	1.409	-18110.071
94	8	1000	965	0.5066	0.295	0.286	0.334	0.294	0.354	0.322	0.310	0.282	0.256	0.274	0.308	0.358	0.280	0.306	1.912	0.598	0.305	0.179	1.000	-17827.344
95	8	1000	975	0.5207	0.357	0.280	0.288	0.313	0.294	0.325	0.295	0.262	0.246	0.308	0.291	0.302	0.277	0.301	1.917	0.713	0.287	0.193	1.000	-17600.405
96	8	1000	983	0.5308	0.349	0.315	0.301	0.289	0.341	0.285	0.293	0.332	0.327	0.341	0.320	0.304	0.319	0.310	1.940	0.583	0.276	0.206	1.000	-18257.114
97	8	1000	980	0.5113	0.279	0.313	0.266	0.328	0.308	0.321	0.309	0.295	0.275	0.291	0.273	0.316	0.287	0.296	1.908	0.653	0.337	0.248	1.000	-18093.546
98	8	1000	974	0.5131	0.325	0.236	0.279	0.306	0.341	0.248	0.309	0.258	0.289	0.284	0.281	0.307	0.321	0.309	2.101	0.632	0.284	0.205	1.000	-17551.351
99	8	1000	971	0.5079	0.313	0.289	0.311	0.339	0.305	0.282	0.289	0.250	0.251	0.272	0.330	0.305	0.307	0.298	1.924	0.631	0.268	0.205	1.000	-17693.393
100	8	1000	968	0.5096	0.307	0.325	0.278	0.276	0.284	0.293	0.267	0.297	0.284	0.282	0.307	0.300	0.335	0.268	2.085	0.662	0.292	0.204	2.311	-17520.787
101	8	1000	973	0.5130	0.311	0.314	0.290	0.288	0.324	0.349	0.301	0.292	0.298	0.292	0.298	0.357	0.262	0.295	1.962	0.627	0.289	0.203	1.000	-17945.212
102	8	1000	980	0.5142	5.796	0.373	0.361	0.303	0.247	0.329	0.341	5.843	0.320	0.321	0.282	0.268	0.304	0.351	2.007	0.612	0.372	0.204	998.999	-18375.832
103	8	1000	972	0.5077	0.461	0.362	0.278	0.250	0.281	0.292	0.321	0.146	0.303	0.315	0.288	0.267	0.286	0.304	1.869	0.560	0.299	0.200	1.000	-17858.101
104	8	1000	979	0.5218	0.330	0.315	0.322	0.329	0.251	0.277	0.318	0.292	0.338	0.344	0.316	0.286	0.282	0.286	2.117	0.649	0.276	0.211	1.878	-17918.709
105	8	1000	977	0.5174	0.319	0.302	0.306	0.320	0.261	0.266	0.298	0.321	0.242	0.329	0.266	0.325	0.309	0.300	1.943	0.640	0.350	0.214	1.000	-17869.266
106	8	1000	975	0.5189	0.277	0.285	0.288	0.300	0.300	0.251	0.321	0.342	0.325	0.313	0.266	0.295	0.270	0.296	2.143	0.592	0.291	0.200	1.302	-17617.958
107	8	1000	963	0.5200	0.265	0.311	0.299	0.266	0.285	0.293	0.303	0.283	0.324	0.314	0.292	0.242	0.291	0.306	1.973	0.625	0.334	0.193	2.055	-17684.105
108	8	1000	975	0.5039	0.345	0.252	0.273	0.295	0.359	0.281	0.302	0.289	0.361	0.321	0.230	0.290	0.254	0.291	2.015	0.656	0.298	0.200	2.931	-17584.425
109	8	1000	971	0.5079	0.306	0.288	0.295	0.235	0.311	0.336	0.331	0.298	0.319	0.282	0.271	0.276	0.264	0.293	1.941	0.686	0.286	0.217	3.903	-17602.924
110	8	1000	969	0.5226	0.334	0.323	0.280	0.322	0.260	0.316	0.331	0.290	0.326	0.290	0.259	0.281	0.298	0.269	2.049	0.579	0.268	0.175	1.000	-17631.866
111	8	1000	984	0.5242	0.339	0.265	0.324	0.285	0.330	0.309	0.268	0.305	0.302	0.299	0.285	0.266	0.317	0.351	1.989	0.660	0.277	0.211	1.000	-17920.706
112	8	1000	974	0.5173	0.323	0.362	0.339	0.322	0.266	0.277	0.304	0.310	0.282	0.312	0.289	0.312	0.299	0.332	1.950	0.550	0.246	0.209	1.000	-18087.621
113	8	1000	981	0.5121	0.291	0.334	0.346	0.266	0.280	0.297	0.296	0.296	0.313	0.313	0.311	0.302	0.270	0.307	2.004	0.642	0.300	0.214	1.568	-17948.372
114	8	1000	980	0.5192	0.334	0.346	0.317	0.270	0.317	0.305	0.296	0.275	0.346	0.293	0.299	0.297	0.297	0.328	2.059	0.568	0.329	0.192	1.000	-18039.015
115	8	1000	970	0.5125	0.271	0.254	0.272	0.267	0.377	0.285	0.296	0.341	0.297	0.335	0.335	0.226	0.286	0.270	1.912	0.564	0.262	0.213	1.000	-17746.371
116	8	1000	978	0.5217	0.294	0.301	0.306	0.285	0.285	0.270	0.304	0.323	0.296	0.342	0.291	0.329	0.325	0.297	2.014	0.646	0.354	0.202	1.000	-17977.445
117	8	1000	983	0.5156	0.261	0.257	0.296	0.333	0.342	0.303	0.280	0.324	0.313	0.319	0.330	0.294	0.302	0.305	2.007	0.563	0.275	0.208	1.000	-18058.882
118	8	1000	982	0.5068	0.006	0.312	0.319	0.261	0.287	0.308	0.306	0.655	0.294	0.320	0.285	0.282	0.299	0.309	2.149	0.683	0.314	0.212	19.349	-17788.532
119	8	1000	984	0.5298	0.324	0.334	0.344	0.312	0.292	0.348	0.314	0.331	0.315	0.354	0.322	0.265	0.296	0.318	1.939	0.656	0.344	0.230	219.788	-18578.733
120	8	1000	971	0.5237	0.317	0.287	0.293	0.279	0.267	0.302	0.291	0.361	0.308	0.302	0.309	0.297	0.314	0.263	1.911	0.652	0.301	0.203	1.355	-17700.102
121	8	1000	978	0.5184	0.339	0.267	0.303	0.359	0.311	0.273	0.310	0.384	0.259	0.332	0.267	0.329	0.291	0.341	1.967	0.627	0.334	0.180	3.634	-18002.681
122	8	1000	980	0.5218	0.277	0.309	0.331	0.330	0.298	0.306	0.321	0.334	0.306	0.264	0.315	0.337	0.317	0.270	2.212	0.557	0.314	0.173	1.000	-17945.754
123	8	1000	975	0.5162	0.303	0.349	0.268	0.318	0.273	0.290	0.295	0.294	0.309	0.250	0.312	0.294	0.288	0.311	2.079	0.615	0.336	0.189	2.351	-17676.113
124	8	1000	979	0.5172	0.334	0.287	0.320	0.280	0.291	0.264	0.296	0.289	0.320	0.311	0.286	0.289	0.264	0.317	2.074	0.559	0.255	0.181	1.000	-17613.658
125	8	1000	977	0.5144	0.264	0.260	0.311	0.284	0.311	0.318	0.294	0.327	0.338	0.294	0.310	0.308	0.274	0.296	2.105	0.631	0.334	0.196	1.000	-17737.714
126	8	1000	977	0.5191	0.284	0.334	0.292	0.275	0.331	0.311	0.281	0.327	0.278	0.281	0.273	0.277	0.248	0.270	1.940	0.664	0.324	0.211	1.000	-17644.581
127	8	1000	980	0.5054	0.299	0.292	0.348	0.317	0.340	0.312	0.277	0.280	0.324	0.266	0.287	0.298	0.252	0.331	2.061	0.670	0.330	0.208	21.691	-17842.361
128	8	1000	988	0.5068	0.315	0.310	0.302	0.291	0.320	0.300	0.318	0.294	0.314	0.310	0.312	0.276	0.287	0.332	1.964	0.567	0.318	0.218	1.195	-18182.870
129	8	1000	987	0.5037	0.297	0.304	0.315	0.323	0.305	0.329	0.301	0.306	0.357	0.290	0.262	0.302	0.310	0.319	2.026	0.564	0.308	0.182	1.000	-18025.535
130	8	1000	973	0.5115	0.310	0.302	0.322	0.308	0.299	0.293	0.283	0.356	0.286	0.282	0.313	0.282	0.276	0.325	2.065	0.645	0.355	0.212	1.000	-17954.969
131	8	1000	972	0.5301	0.262	0.336	0.265	0.299	0.281	0.270	0.288	0.334	0.269	0.348	0.299	0.285	0.313	0.271	2.055	0.660	0.308	0.202	1.000	-17693.430
132	8	1000	978	0.5159	0.281	0.310	0.316	0.321	0.270	0.282	0.301	0.322	0.338	0.326	0.292	0.261	0.308	0.311	2.042	0.627	0.296	0.212	1.208	-17996.323
133	8	1000	982	0.5147	0.311	0.313	0.313	0.275	0.323	0.287	0.319	0.282	0.261	0.303	0.343	0.325	0.317	0.329	2.003	0.659	0.298	0.194	1.000	-17999.663
134	8	1000	975	0.5225	0.283	0.305	0.276	0.306	0.292	0.335	0.277	0.291	0.295	0.300	0.298	0.280	0.287	0.298	2.014	0.628	0.339	0.226	3.924	-17851.802
135	8	1000	966	0.5148	0.356	0.310	0.307	0.276	0.287	0.249	0.299	0.287	0.268	0.264	0.329	0.328	0.314	0.305	2.108	0.674	0.312	0.201	1.092	-17704.850
136	8	1000	980	0.5160	2.217	0.255	0.342	0.280	0.365	0.298	0.270	2.333	0.313	0.306	0.307	0.305	0.333	0.259	1.985	0.675	0.320	0.201	999.000	-17876.671
137	8	1000	983	0.5197	0.202	0.368	0.309	0.303	0.366	0.325	0.313	0.124	0.410	0.276	0.336	0.437	0.281	0.316	2.077	0.344	0.151	0.199	947.488	-18204.324
138	8	1000	973	0.5026	0.563	0.349	0.308	0.283	0.262	0.286	0.296	0.126	0.320	0.329	0.318	0.313	0.289	0.343	1.914	0.616	0.361	0.204	7.182	-18207.609
139	8	1000	974	0.5119	0.290	0.302	0.327	0.277	0.328	0.300	0.289	0.250	0.343	0.271	0.338	0.263	0.289	0.321	2.002	0.547	0.274	0.210	1.087	-17913.921
140	8	1000	974	0.5079	0.272	0.309	0.264	0.296	0.331	0.327	0.301	0.265	0.301	0.300	0.338	0.322	0.298	0.296	1.992	0.553	0.313	0.186	1.000	-17839.447
141	8	1000	976	0.5043	0.259	0.309	0.276	0.295	0.333	0.267	0.316	0.306	0.284	0.304	0.297	0.336	0.283	0.295	1.979	0.602	0.299	0.202	1.000	-17793.648
142	8	1000	980	0.5122	0.261	0.298	0.304	0.304	0.307	0.263	0.307	0.314	0.335	0.298	0.278	0.312	0.310	0.312	1.859	0.641	0.336	0.209	1.000	-18014.477
143	8	1000	975	0.5122	0.242	0.295	0.313	0.268	0.354	0.281	0.339	0.327	0.337	0.277	0.317	0.297	0.297	0.285	2.000	0.578	0.298	0.206	1.000	-17990.123
144	8	1000	982	0.5233	0.261	0.323	0.305	0.279	0.272	0.328	0.318	0.285	0.306	0.323	0.264	0.280	0.313	0.300	2.084	0.569	0.306	0.186	1.000	-17857.082
145	8	1000	979	0.5185	0.302	0.307	0.296	0.275	0.294	0.269	0.296	0.275	0.302	0.289	0.283	0.322	0.292	0.270	1.992	0.694	0.297	0.211	1.040	-17549.229
146	8	1000	979	0.5151	0.280	0.322	0.328	0.299	0.330	0.291	0.279	0.319	0.262	0.289	0.327	0.335	0.319	0.276	2.052	0.613	0.288	0.199	1.000	-17910.084
147	8	1000	972	0.5170	0.287	0.310	0.299	0.294	0.303	0.323	0.266	0.335	0.322	0.332	0.328	0.334	0.280	0.301	2.100	0.651	0.329	0.189	1.811	-17898.728
148	8	1000	983	0.5185	0.315	0.335	0.307	0.315	0.254	0.266	0.313	0.292	0.272	0.286	0.337	0.362	0.310	0.308	1.871	0.564	0.326	0.215	1.000	-18155.087
149	8	1000	975	0.5108	0.294	0.278	0.350	0.330	0.257	0.274	0.309	0.303	0.339	0.266	0.303	0.297	0.287	0.333	2.049	0.656	0.344	0.226	1.000	-17955.977
150	8	1000	980	0.5164	0.295	0.288	0.340	0.279	0.325	0.285	0.287	0.242	0.303	0.320	0.323	0.278	0.328	0.321	2.067	0.600	0.262	0.220	1.000	-17960.073
151	8	1000	976	0.5045	0.372	0.284	0.313	0.293	0.311	0.287	0.270	0.330	0.332	0.302	0.273	0.288	0.346	0.241	1.928	0.704	0.294	0.215	36.670	-17657.880
152	8	1000	976	0.5206	0.354	0.289	0.292	0.311	0.290	0.282	0.314	0.345	0.302	0.297	0.304	0.281	0.256	0.312	1.920	0.687	0.313	0.215	82.641	-17799.197

