1	6	435	262	0.5075	0.086	0.100	0.028	0.014	0.002	0.055	0.302	0.062	0.109	0.124	4.136	0.765	0.235	0.056	-3244.664
21	6	236	131	0.4186	0.053	0.042	0.037	0.005	0.000	0.050	0.196	0.039	0.099	0.006	1.880	0.973	0.013	0.024	-1423.158
21	6	286	185	0.4598	0.216	0.184	0.020	0.004	0.004	0.017	0.530	0.013	0.062	0.162	1.811	0.915	0.069	0.035	-1978.261
21	6	866	332	0.5380	0.145	0.061	0.016	0.001	0.004	0.028	0.152	0.037	0.053	0.052	4.266	0.967	0.033	0.036	-5272.787
21	6	273	182	0.4269	0.122	0.109	0.025	0.008	0.000	0.031	0.377	0.124	0.144	0.101	4.961	0.851	0.119	0.073	-2039.650
21	6	306	247	0.6297	0.176	0.186	0.052	0.026	0.016	0.078	0.633	0.175	0.182	0.220	4.506	0.700	0.300	0.133	-2900.466
21	6	787	377	0.4504	0.040	0.055	0.008	0.005	0.003	0.019	0.357	0.087	0.105	0.083	3.663	0.822	0.064	0.096	-5389.407
21	6	695	346	0.4821	0.093	0.103	0.008	0.004	0.005	0.021	0.402	0.119	0.101	0.049	3.702	0.955	0.045	0.042	-4801.517
21	6	878	540	0.3836	0.143	0.140	0.030	0.009	0.004	0.053	0.672	0.141	0.172	0.138	3.499	0.522	0.294	0.117	-7637.878
21	6	335	251	0.4735	0.146	0.226	0.040	0.009	0.016	0.066	0.331	0.112	0.000	0.155	2.338	0.466	0.109	0.123	-2627.280
21	6	330	176	0.4370	0.054	0.082	0.003	0.006	0.003	0.033	0.359	0.051	0.083	0.050	3.019	0.897	0.030	0.051	-2144.625
21	6	318	156	0.4156	0.063	0.045	0.000	0.003	0.007	0.020	0.165	0.110	0.027	0.030	3.538	0.866	0.032	0.046	-1884.767
21	6	1543	605	0.5580	0.086	0.121	0.024	0.007	0.005	0.030	0.281	0.066	0.080	0.111	3.314	0.977	0.023	0.029	-10244.248
21	6	467	244	0.6016	0.044	0.074	0.018	0.015	0.002	0.046	0.282	0.077	0.071	0.103	5.059	0.959	0.041	0.068	-3125.541
21	6	305	237	0.4027	0.148	0.281	0.036	0.013	0.031	0.023	0.502	0.086	0.146	0.085	3.372	0.665	0.098	0.103	-2525.949
21	6	294	174	0.5635	0.096	0.132	0.037	0.010	0.003	0.012	0.231	0.124	0.053	0.067	2.856	0.939	0.043	0.063	-2034.613
21	6	465	344	0.4049	0.191	0.134	0.049	0.007	0.015	0.016	0.750	0.249	0.167	0.146	2.817	0.428	0.276	0.093	-4183.089
21	6	300	182	0.5692	0.062	0.067	0.028	0.014	0.000	0.039	0.326	0.117	0.069	0.113	3.374	0.932	0.068	0.070	-2134.678
21	6	186	157	0.5533	0.212	0.278	0.120	0.005	0.011	0.126	0.861	0.016	0.198	0.150	5.859	0.771	0.229	0.085	-1671.955
21	6	509	314	0.6345	0.135	0.168	0.048	0.009	0.006	0.037	0.323	0.073	0.073	0.176	4.140	0.813	0.118	0.095	-3857.868
21	6	173	129	0.4611	0.156	0.013	0.032	0.012	0.000	0.024	0.662	0.193	0.024	0.023	3.286	0.913	0.087	0.040	-1208.979
21	6	474	282	0.5511	0.046	0.092	0.026	0.013	0.002	0.029	0.328	0.163	0.132	0.049	3.347	0.856	0.144	0.114	-3509.075
21	6	381	249	0.4889	0.106	0.104	0.014	0.010	0.014	0.037	0.330	0.049	0.116	0.125	4.088	0.762	0.103	0.100	-2820.214
21	6	448	253	0.4586	0.069	0.066	0.038	0.005	0.002	0.018	0.393	0.145	0.103	0.151	3.453	0.956	0.044	0.050	-3188.209
21	6	798	323	0.5154	0.074	0.107	0.015	0.002	0.004	0.029	0.240	0.085	0.097	0.054	3.596	0.964	0.035	0.040	-4850.495
21	6	200	115	0.5722	0.043	0.164	0.024	0.000	0.000	0.025	0.335	0.079	0.092	0.043	4.022	0.885	0.086	0.008	-1242.257
21	6	401	281	0.6436	0.192	0.149	0.038	0.017	0.017	0.089	0.410	0.172	0.123	0.179	4.267	0.898	0.102	0.074	-3315.761
21	6	940	583	0.4630	0.138	0.143	0.034	0.008	0.008	0.041	0.606	0.132	0.118	0.151	3.554	0.726	0.104	0.099	-7832.598
21	6	308	177	0.4321	0.059	0.050	0.019	0.000	0.010	0.011	0.295	0.023	0.192	0.039	4.228	0.796	0.123	0.050	-2065.241
21	6	317	181	0.4367	0.049	0.116	0.020	0.003	0.004	0.022	0.285	0.097	0.049	0.034	1.793	0.873	0.037	0.042	-2081.007
21	6	371	179	0.5329	0.055	0.047	0.010	0.008	0.003	0.032	0.205	0.024	0.050	0.085	3.405	0.823	0.014	0.039	-2284.811
21	6	972	445	0.4190	0.102	0.083	0.023	0.010	0.004	0.036	0.307	0.087	0.049	0.091	4.197	0.709	0.134	0.082	-6826.015
21	6	385	237	0.4487	0.125	0.091	0.028	0.004	0.007	0.035	0.557	0.107	0.146	0.000	3.781	0.917	0.083	0.073	-2834.600
21	6	562	312	0.4253	0.105	0.071	0.031	0.005	0.006	0.027	0.241	0.100	0.124	0.117	3.132	0.867	0.130	0.063	-4026.871
21	6	439	328	0.5154	0.199	0.184	0.044	0.017	0.006	0.074	0.698	0.158	0.126	0.171	3.403	0.344	0.364	0.010	-4144.879
21	6	144	56	0.6559	0.000	0.007	0.021	0.000	0.000	0.007	0.050	0.028	0.014	0.000	6.675	1.000	0.000	0.128	-658.880
21	6	476	305	0.6112	0.234	0.258	0.067	0.019	0.002	0.061	0.683	0.107	0.132	0.286	7.907	0.930	0.070	0.044	-3765.699
21	6	344	175	0.4188	0.073	0.073	0.035	0.009	0.000	0.032	0.216	0.061	0.145	0.056	3.694	0.794	0.206	0.034	-2331.696
21	6	220	145	0.5900	0.135	0.077	0.040	0.000	0.009	0.028	0.212	0.023	0.085	0.161	4.041	0.000	0.000	0.169	-1542.130
21	6	2057	667	0.5128	0.138	0.124	0.022	0.007	0.007	0.028	0.218	0.087	0.093	0.125	2.099	0.997	0.002	0.011	-13125.024
21	6	316	268	0.3910	0.218	0.291	0.040	0.013	0.013	0.044	0.602	0.169	0.150	0.186	3.619	0.263	0.153	0.114	-2983.151
21	6	256	184	0.5545	0.230	0.078	0.027	0.012	0.000	0.063	0.480	0.148	0.042	0.204	3.640	0.789	0.211	0.081	-2071.191
21	6	309	223	0.5417	0.172	0.128	0.029	0.007	0.003	0.054	0.360	0.073	0.077	0.219	3.653	0.947	0.053	0.100	-2383.121
21	6	206	176	0.5742	0.368	0.265	0.012	0.026	0.005	0.050	0.799	0.199	0.095	0.357	4.414	0.701	0.083	0.091	-1852.077
21	6	578	430	0.5316	0.176	0.312	0.061	0.008	0.024	0.081	0.536	0.154	0.178	0.207	3.501	0.712	0.131	0.122	-5457.342
21	6	115	101	0.6932	0.467	0.935	0.129	0.000	0.009	0.000	0.515	0.000	0.238	0.433	6.427	0.360	0.545	0.032	-1078.719
21	6	252	235	0.6151	0.437	0.515	0.081	0.024	0.010	0.085	0.790	0.091	0.268	0.531	4.763	0.349	0.344	0.176	-2588.530
21	6	949	393	0.5663	0.143	0.169	0.029	0.011	0.008	0.026	0.223	0.088	0.072	0.114	3.104	0.946	0.030	0.023	-6353.277
21	6	209	168	0.6088	0.130	0.071	0.002	0.034	0.005	0.115	0.464	0.033	0.201	0.130	3.895	0.833	0.089	0.153	-1712.881
21	6	449	271	0.6363	0.118	0.106	0.015	0.009	0.021	0.070	0.528	0.067	0.091	0.154	3.582	0.735	0.031	0.038	-3286.272
21	6	626	332	0.6521	0.170	0.211	0.041	0.003	0.016	0.066	0.266	0.039	0.060	0.088	5.109	0.958	0.024	0.044	-4332.633
21	6	732	407	0.4516	0.115	0.124	0.024	0.007	0.006	0.013	0.306	0.127	0.156	0.075	3.632	0.826	0.114	0.076	-5414.962
21	6	181	123	0.6120	0.237	0.000	0.000	0.000	0.006	0.052	0.387	0.037	0.095	0.253	5.876	0.896	0.100	0.081	-1285.173
21	6	1027	407	0.5463	0.076	0.109	0.018	0.008	0.002	0.030	0.240	0.061	0.072	0.055	3.099	0.973	0.027	0.027	-6607.409
21	6	159	112	0.4294	0.073	0.080	0.013	0.007	0.000	0.013	0.247	0.017	0.129	0.102	3.782	0.729	0.093	0.056	-1052.107
21	6	314	179	0.4428	0.158	0.037	0.003	0.000	0.003	0.022	0.218	0.051	0.111	0.155	3.736	0.948	0.004	0.034	-1990.954
21	6	174	129	0.4401	0.056	0.040	0.038	0.006	0.000	0.030	0.410	0.035	0.112	0.122	2.623	0.451	0.136	0.077	-1243.692
21	6	310	234	0.4438	0.099	0.168	0.031	0.012	0.027	0.042	0.412	0.138	0.213	0.151	4.231	0.634	0.345	0.182	-2695.934
21	6	445	301	0.5864	0.115	0.179	0.025	0.002	0.008	0.064	0.294	0.110	0.060	0.193	5.256	0.625	0.210	0.111	-3502.072
21	6	191	136	0.6085	0.223	0.050	0.025	0.000	0.021	0.071	0.309	0.106	0.071	0.169	5.344	0.859	0.141	0.056	-1421.544
21	6	305	235	0.5464	0.223	0.272	0.034	0.017	0.013	0.061	0.470	0.045	0.163	0.248	3.608	0.732	0.193	0.046	-2608.664
21	6	602	312	0.6472	0.164	0.148	0.014	0.006	0.006	0.080	0.270	0.102	0.100	0.156	5.737	0.906	0.084	0.050	-4301.651
21	6	212	180	0.4882	0.168	0.168	0.048	0.009	0.040	0.118	0.400	0.155	0.111	0.136	3.341	0.000	0.000	0.216	-1941.083
21	6	276	176	0.6832	0.228	0.068	0.059	0.000	0.007	0.055	0.314	0.098	0.000	0.162	4.533	0.903	0.027	0.088	-1944.155
21	6	291	203	0.6590	0.194	0.160	0.025	0.006	0.026	0.081	0.348	0.066	0.111	0.193	5.249	0.817	0.119	0.081	-2297.130
21	6	364	260	0.6196	0.197	0.175	0.013	0.009	0.012	0.043	0.389	0.094	0.114	0.155	5.906	0.330	0.220	0.061	-2913.851
21	6	407	261	0.4651	0.119	0.077	0.024	0.005	0.013	0.020	0.244	0.104	0.100	0.042	2.925	0.908	0.029	0.077	-2809.935
21	6	485	222	0.4684	0.012	0.051	0.004	0.008	0.004	0.034	0.189	0.073	0.061	0.083	2.918	0.960	0.037	0.015	-2947.645
21	6	946	520	0.5893	0.106	0.154	0.034	0.010	0.022	0.065	0.373	0.106	0.111	0.129	5.250	0.874	0.059	0.064	-7239.109
21	6	173	168	0.4733	0.336	0.555	0.020	0.000	0.012	0.027	0.622	0.583	0.301	0.279	3.118	0.172	0.828	0.125	-1995.936
21	6	254	112	0.3939	0.048	0.029	0.013	0.000	0.004	0.000	0.129	0.040	0.018	0.023	2.029	0.957	0.033	0.026	-1344.275
21	6	274	159	0.5468	0.019	0.101	0.020	0.018	0.005	0.035	0.212	0.058	0.088	0.086	3.424	0.935	0.023	0.022	-1758.139
21	6	282	194	0.5359	0.117	0.103	0.043	0.006	0.020	0.069	0.395	0.102	0.127	0.114	4.232	0.795	0.039	0.049	-2135.810
21	6	311	212	0.4136	0.074	0.084	0.018	0.000	0.000	0.058	0.547	0.132	0.080	0.142	4.166	0.942	0.058	0.083	-2312.291
21	6	232	178	0.5084	0.169	0.105	0.031	0.000	0.009	0.059	0.427	0.149	0.081	0.143	2.487	0.560	0.094	0.045	-1814.746
21	6	428	244	0.4514	0.107	0.058	0.016	0.000	0.002	0.026	0.483	0.080	0.186	0.077	3.782	0.968	0.032	0.034	-2934.802
21	6	399	272	0.4102	0.136	0.114	0.021	0.008	0.006	0.028	0.522	0.149	0.135	0.114	2.878	0.628	0.128	0.120	-3222.499
21	6	1133	456	0.5302	0.080	0.062	0.016	0.003	0.000	0.026	0.281	0.060	0.073	0.062	2.514	0.969	0.031	0.060	-7380.745
21	6	612	247	0.4184	0.053	0.052	0.018	0.000	0.000	0.024	0.458	0.090	0.065	0.040	2.999	0.969	0.013	0.018	-3748.013
21	6	422	200	0.4646	0.022	0.056	0.020	0.000	0.000	0.000	0.175	0.073	0.239	0.088	4.263	0.907	0.022	0.022	-2624.753
21	6	347	160	0.4989	0.023	0.076	0.014	0.000	0.006	0.013	0.150	0.049	0.066	0.064	2.757	0.980	0.018	0.024	-2020.139
21	6	433	264	0.5858	0.139	0.144	0.019	0.005	0.002	0.056	0.321	0.065	0.084	0.080	5.079	0.895	0.053	0.069	-3058.867
21	6	520	295	0.5825	0.168	0.158	0.034	0.002	0.006	0.051	0.421	0.094	0.140	0.016	3.481	0.888	0.112	0.060	-3876.120
21	6	291	174	0.6166	0.087	0.094	0.014	0.018	0.012	0.076	0.429	0.084	0.101	0.070	5.422	0.933	0.037	0.022	-1982.075
21	6	197	165	0.6130	0.149	0.165	0.026	0.016	0.031	0.093	0.494	0.094	0.213	0.146	3.311	0.563	0.240	0.096	-1779.745
21	6	313	209	0.6596	0.384	0.096	0.035	0.011	0.020	0.085	0.450	0.106	0.072	0.024	3.660	0.949	0.051	0.045	-2386.792
21	6	370	233	0.4551	0.129	0.092	0.016	0.006	0.000	0.035	0.344	0.171	0.056	0.152	2.156	0.847	0.000	0.108	-2798.954
21	6	257	206	0.5538	0.213	0.243	0.022	0.000	0.008	0.055	0.452	0.057	0.172	0.242	3.589	0.603	0.259	0.099	-2276.883
21	6	377	223	0.4640	0.136	0.031	0.023	0.006	0.008	0.031	0.221	0.152	0.054	0.000	2.387	0.999	0.001	0.091	-2519.023
21	6	308	231	0.4053	0.189	0.093	0.035	0.007	0.010	0.049	0.543	0.147	0.114	0.138	2.928	0.659	0.123	0.137	-2617.278
21	6	788	528	0.4860	0.417	0.197	0.050	0.008	0.012	0.087	0.420	0.081	0.088	0.417	3.762	0.840	0.160	0.144	-7160.587
21	6	377	272	0.5331	0.129	0.167	0.035	0.001	0.010	0.081	0.538	0.101	0.110	0.131	4.750	0.793	0.097	0.084	-3064.857
21	6	253	185	0.5010	0.172	0.081	0.030	0.005	0.016	0.053	0.412	0.113	0.086	0.216	3.126	0.928	0.072	0.044	-1893.949
21	6	482	382	0.5622	0.277	0.294	0.048	0.016	0.006	0.102	0.835	0.128	0.171	0.226	3.456	0.525	0.216	0.081	-4714.582
21	6	803	371	0.4250	0.061	0.058	0.020	0.009	0.003	0.030	0.262	0.096	0.162	0.035	3.559	0.928	0.055	0.050	-5432.187
21	6	1144	442	0.4619	0.042	0.076	0.012	0.003	0.003	0.020	0.252	0.096	0.096	0.083	3.371	0.918	0.075	0.033	-7465.399
21	6	317	204	0.4246	0.076	0.055	0.022	0.004	0.003	0.030	0.417	0.117	0.084	0.078	3.472	0.551	0.041	0.082	-2261.936
21	6	350	214	0.5206	0.158	0.178	0.009	0.009	0.008	0.049	0.224	0.124	0.057	0.133	2.463	0.983	0.017	0.025	-2409.028
21	6	380	254	0.6022	0.183	0.197	0.045	0.008	0.000	0.059	0.536	0.072	0.217	0.186	3.370	0.872	0.091	0.049	-3082.578
21	6	140	129	0.4956	0.137	0.409	0.033	0.044	0.023	0.044	0.619	0.273	0.202	0.122	3.059	0.300	0.700	0.032	-1452.348
21	6	144	137	0.4846	0.165	0.401	0.031	0.016	0.005	0.114	0.612	0.284	0.054	0.147	3.738	0.334	0.263	0.113	-1399.809
21	6	1072	511	0.6173	0.177	0.134	0.028	0.005	0.006	0.040	0.317	0.056	0.088	0.149	4.158	0.900	0.044	0.052	-7684.448
21	6	728	472	0.4272	0.086	0.114	0.014	0.003	0.006	0.040	0.436	0.145	0.190	0.101	3.671	0.719	0.281	0.146	-5779.953
21	6	270	148	0.4841	0.037	0.073	0.022	0.004	0.004	0.017	0.211	0.070	0.010	0.052	1.320	0.799	0.000	0.055	-1654.194
21	6	360	164	0.4074	0.033	0.061	0.018	0.005	0.007	0.013	0.177	0.039	0.086	0.065	4.116	0.966	0.034	0.020	-2130.222
21	6	843	465	0.4367	0.112	0.138	0.021	0.003	0.005	0.043	0.354	0.141	0.118	0.100	4.449	0.801	0.144	0.098	-6501.616
21	6	413	197	0.6284	0.117	0.099	0.010	0.000	0.003	0.035	0.155	0.068	0.028	0.075	4.558	0.965	0.012	0.032	-2479.599
21	6	454	258	0.5996	0.135	0.174	0.021	0.004	0.005	0.023	0.206	0.074	0.082	0.107	3.164	0.797	0.027	0.028	-3079.474
21	6	411	324	0.4255	0.219	0.116	0.034	0.010	0.016	0.068	0.562	0.154	0.129	0.239	2.972	0.706	0.294	0.184	-3725.606
21	6	1514	499	0.6443	0.079	0.075	0.015	0.008	0.007	0.034	0.266	0.082	0.052	0.070	3.552	0.807	0.158	0.006	-9554.762
21	6	709	415	0.5284	0.147	0.111	0.038	0.007	0.010	0.041	0.323	0.072	0.144	0.192	3.535	0.844	0.141	0.105	-5610.216
21	6	783	456	0.4959	0.135	0.165	0.036	0.011	0.010	0.037	0.370	0.108	0.108	0.194	2.707	0.813	0.098	0.073	-6264.036
21	6	297	263	0.4352	0.231	0.375	0.080	0.021	0.017	0.080	0.480	0.103	0.273	0.246	2.856	0.315	0.252	0.242	-3086.770
21	6	545	194	0.5467	0.002	0.040	0.009	0.010	0.010	0.013	0.181	0.019	0.044	0.077	3.153	0.985	0.015	0.024	-3000.865
21	6	183	118	0.5684	0.123	0.102	0.017	0.022	0.012	0.017	0.152	0.045	0.017	0.071	5.542	0.762	0.114	0.008	-1161.009
21	6	1075	538	0.4617	0.155	0.115	0.022	0.007	0.006	0.033	0.259	0.093	0.112	0.089	3.216	0.900	0.051	0.076	-7794.010
21	6	585	401	0.5056	0.222	0.219	0.043	0.007	0.002	0.061	0.413	0.172	0.106	0.199	3.018	0.645	0.209	0.091	-5165.035
21	6	219	164	0.6684	0.232	0.178	0.034	0.014	0.020	0.041	0.561	0.097	0.088	0.245	5.587	0.407	0.096	0.075	-1827.759
21	6	640	342	0.5201	0.195	0.168	0.026	0.003	0.010	0.030	0.267	0.114	0.087	0.117	2.920	0.888	0.081	0.037	-4673.451
21	6	450	276	0.5584	0.105	0.131	0.027	0.014	0.009	0.041	0.319	0.035	0.156	0.120	5.954	0.845	0.076	0.048	-3261.955
21	6	151	131	0.5956	0.159	0.123	0.027	0.000	0.013	0.109	0.555	0.059	0.234	0.176	5.965	0.000	0.000	0.114	-1309.698
21	6	416	255	0.5959	0.218	0.390	0.021	0.014	0.017	0.088	0.249	0.094	0.065	0.228	5.582	0.966	0.034	0.032	-3062.248
21	6	635	325	0.4895	0.068	0.093	0.024	0.008	0.019	0.043	0.235	0.062	0.105	0.102	3.533	0.970	0.030	0.044	-4289.786
21	6	1238	429	0.5345	0.089	0.073	0.015	0.005	0.006	0.026	0.223	0.058	0.078	0.079	2.892	0.974	0.012	0.010	-7569.353
21	6	316	193	0.4468	0.085	0.087	0.013	0.000	0.007	0.044	0.288	0.098	0.119	0.088	2.080	0.611	0.113	0.032	-2285.247
21	6	2047	1122	0.5138	0.185	0.209	0.062	0.009	0.011	0.074	0.476	0.122	0.114	0.210	2.858	0.891	0.109	0.078	-17508.135
21	6	147	114	0.5597	0.134	0.045	0.029	0.014	0.007	0.048	0.345	0.077	0.000	0.126	2.962	0.940	0.021	0.211	-1077.941
21	6	654	369	0.4609	0.129	0.152	0.041	0.009	0.004	0.017	0.363	0.081	0.128	0.111	2.540	0.624	0.088	0.036	-4995.798
21	6	291	248	0.4464	0.237	0.326	0.037	0.007	0.014	0.107	0.495	0.186	0.102	0.271	3.711	0.387	0.242	0.138	-2835.100
21	6	456	238	0.4460	0.082	0.104	0.029	0.009	0.005	0.033	0.237	0.123	0.041	0.061	3.121	0.848	0.152	0.020	-3113.291
21	6	907	419	0.6136	0.234	0.113	0.038	0.002	0.008	0.086	0.256	0.066	0.126	0.258	5.049	0.965	0.035	0.027	-6201.734
21	6	299	270	0.4680	0.244	0.268	0.032	0.011	0.027	0.116	0.657	0.166	0.186	0.161	3.747	0.160	0.139	0.248	-3018.043
21	6	276	180	0.6142	0.146	0.102	0.063	0.052	0.023	0.138	0.354	0.124	0.108	0.124	3.303	0.850	0.065	0.092	-2259.961
21	6	834	413	0.6301	0.113	0.126	0.029	0.015	0.014	0.047	0.367	0.090	0.097	0.101	4.483	0.965	0.035	0.028	-5786.566
21	6	448	318	0.4739	0.200	0.106	0.046	0.003	0.017	0.030	0.434	0.110	0.192	0.195	2.882	0.528	0.087	0.131	-3886.570
21	6	299	196	0.4749	0.107	0.152	0.040	0.003	0.003	0.062	0.439	0.164	0.032	0.147	5.064	0.766	0.093	0.026	-2167.715
21	6	759	317	0.4603	0.063	0.056	0.013	0.006	0.008	0.024	0.333	0.149	0.067	0.049	4.395	1.000	0.000	0.031	-4876.502
21	6	547	291	0.3976	0.092	0.133	0.026	0.002	0.002	0.026	0.204	0.289	0.124	0.098	3.950	0.866	0.089	0.089	-3638.362
21	6	1534	834	0.4918	0.238	0.205	0.030	0.009	0.010	0.032	0.407	0.124	0.138	0.191	3.443	0.906	0.084	0.091	-12566.388
21	6	156	118	0.5601	0.173	0.120	0.019	0.000	0.000	0.045	0.281	0.081	0.041	0.180	2.815	0.785	0.074	0.084	-1129.464
21	6	443	274	0.3941	0.178	0.136	0.019	0.002	0.002	0.045	0.368	0.047	0.066	0.203	3.755	0.679	0.095	0.160	-3359.240
21	6	245	135	0.5797	0.110	0.057	0.044	0.004	0.000	0.029	0.168	0.062	0.044	0.052	3.231	0.921	0.031	0.050	-1521.673
21	6	421	240	0.4317	0.079	0.083	0.012	0.007	0.002	0.019	0.196	0.105	0.101	0.110	3.757	0.865	0.135	0.077	-2902.771
21	6	382	234	0.6204	0.150	0.179	0.036	0.003	0.016	0.037	0.234	0.093	0.053	0.148	3.291	0.746	0.110	0.051	-2798.774
21	6	277	223	0.6691	0.256	0.146	0.039	0.016	0.033	0.135	1.067	0.233	0.112	0.254	3.188	0.529	0.280	0.082	-2701.411
21	6	458	163	0.5119	0.031	0.041	0.005	0.000	0.000	0.010	0.122	0.054	0.030	0.017	2.073	0.963	0.029	0.025	-2468.496
21	6	901	523	0.3951	0.084	0.132	0.013	0.018	0.010	0.040	0.485	0.103	0.084	0.119	3.624	0.693	0.220	0.079	-6957.734
21	6	524	292	0.5296	0.169	0.082	0.037	0.006	0.006	0.042	0.420	0.110	0.122	0.118	3.654	0.830	0.050	0.040	-3823.823
21	6	158	140	0.6484	0.291	0.178	0.028	0.019	0.007	0.066	0.535	0.130	0.082	0.314	3.810	0.311	0.000	0.169	-1361.651
21	6	1117	619	0.4213	0.091	0.110	0.029	0.005	0.007	0.035	0.416	0.180	0.181	0.082	3.546	0.704	0.208	0.085	-8926.806
21	6	540	285	0.6045	0.078	0.113	0.019	0.003	0.004	0.048	0.299	0.080	0.088	0.035	3.978	0.966	0.034	0.051	-3624.970
21	6	353	191	0.4992	0.105	0.054	0.023	0.006	0.005	0.044	0.263	0.063	0.092	0.050	2.175	0.566	0.037	0.059	-2397.005
21	6	314	194	0.6170	0.127	0.137	0.045	0.017	0.003	0.078	0.321	0.081	0.083	0.100	4.635	0.828	0.138	0.061	-2337.970
21	6	709	348	0.4818	0.101	0.080	0.008	0.002	0.007	0.035	0.190	0.101	0.057	0.084	3.185	0.973	0.027	0.039	-4577.025
21	6	368	165	0.5438	0.094	0.021	0.004	0.006	0.003	0.027	0.148	0.041	0.056	0.078	6.550	0.941	0.057	0.013	-2136.537
21	6	466	352	0.4677	0.199	0.150	0.042	0.012	0.019	0.046	0.592	0.175	0.161	0.184	2.930	0.542	0.127	0.126	-4254.162
21	6	545	303	0.6937	0.150	0.093	0.021	0.004	0.019	0.115	0.477	0.049	0.168	0.171	5.485	0.953	0.047	0.028	-3968.392
21	6	344	234	0.6054	0.144	0.149	0.041	0.017	0.003	0.060	0.316	0.050	0.121	0.198	4.222	0.874	0.115	0.074	-2627.667
21	6	809	565	0.6061	0.000	0.259	0.062	0.022	0.006	0.071	0.710	0.160	0.142	0.521	4.916	0.764	0.235	0.070	-6961.419
21	6	560	317	0.5905	0.133	0.208	0.027	0.004	0.007	0.049	0.295	0.066	0.079	0.106	4.094	0.829	0.061	0.030	-4022.215
21	6	441	232	0.4638	0.105	0.092	0.017	0.003	0.012	0.049	0.231	0.045	0.098	0.007	3.720	0.943	0.057	0.020	-2833.267
21	6	889	354	0.5834	0.101	0.086	0.021	0.008	0.004	0.024	0.186	0.077	0.063	0.079	3.509	0.956	0.030	0.018	-5560.765
21	6	283	187	0.5779	0.091	0.181	0.062	0.008	0.007	0.076	0.334	0.048	0.081	0.068	4.503	0.676	0.107	0.067	-2142.052
21	6	321	186	0.4280	0.102	0.090	0.033	0.003	0.003	0.026	0.233	0.059	0.119	0.097	2.364	0.948	0.052	0.045	-2180.714
21	6	1141	533	0.4618	0.155	0.130	0.034	0.004	0.008	0.025	0.302	0.079	0.092	0.082	2.677	0.949	0.051	0.054	-8230.039
21	6	253	117	0.7229	0.047	0.077	0.000	0.000	0.004	0.088	0.244	0.013	0.082	0.076	8.348	0.971	0.029	0.038	-1487.900
21	6	778	367	0.4753	0.057	0.111	0.015	0.004	0.004	0.040	0.275	0.135	0.075	0.022	2.414	0.861	0.033	0.085	-5387.446
21	6	920	408	0.5451	0.090	0.044	0.019	0.007	0.005	0.035	0.266	0.073	0.091	0.097	3.234	0.947	0.016	0.031	-6006.631
21	6	334	213	0.5455	0.154	0.105	0.011	0.000	0.006	0.039	0.372	0.033	0.073	0.198	2.165	0.933	0.067	0.047	-2388.282
21	6	295	196	0.4720	0.142	0.117	0.032	0.000	0.014	0.036	0.203	0.149	0.124	0.097	3.468	0.793	0.047	0.065	-2170.991
21	6	521	323	0.4616	0.136	0.166	0.012	0.019	0.000	0.057	0.436	0.118	0.117	0.102	3.442	0.740	0.089	0.086	-4128.218
21	6	398	167	0.6702	0.062	0.073	0.022	0.005	0.005	0.025	0.199	0.030	0.055	0.052	6.255	0.989	0.011	0.027	-2297.425
21	6	478	329	0.4512	0.156	0.248	0.030	0.029	0.004	0.032	0.435	0.118	0.089	0.201	2.490	0.766	0.131	0.090	-4047.562
21	6	231	127	0.5272	0.027	0.072	0.009	0.004	0.000	0.017	0.179	0.051	0.077	0.049	2.482	0.962	0.018	0.023	-1339.170
21	6	311	233	0.4695	0.145	0.117	0.062	0.007	0.003	0.036	0.449	0.118	0.067	0.176	2.760	0.803	0.153	0.150	-2564.755
21	6	373	299	0.4072	0.244	0.274	0.025	0.005	0.009	0.015	0.685	0.064	0.179	0.212	2.842	0.508	0.270	0.086	-3385.065
21	6	210	143	0.4803	0.076	0.106	0.032	0.005	0.000	0.024	0.263	0.055	0.069	0.028	4.275	0.449	0.018	0.089	-1363.496
21	6	141	115	0.5768	0.180	0.200	0.038	0.008	0.000	0.224	0.579	0.030	0.097	0.200	2.081	0.633	0.367	0.069	-1245.425
21	6	189	124	0.5309	0.144	0.067	0.022	0.000	0.000	0.021	0.335	0.049	0.027	0.153	4.577	0.982	0.018	0.074	-1209.646
21	6	419	239	0.5743	0.089	0.120	0.041	0.008	0.007	0.027	0.385	0.090	0.078	0.182	4.165	0.917	0.083	0.043	-3037.879
21	6	228	188	0.6248	0.161	0.249	0.050	0.000	0.004	0.069	0.526	0.119	0.127	0.194	3.609	0.284	0.238	0.044	-2054.591
21	6	230	152	0.4773	0.116	0.012	0.025	0.009	0.000	0.021	0.316	0.146	0.108	0.120	3.473	0.964	0.036	0.119	-1635.727
21	6	652	353	0.6242	0.199	0.074	0.022	0.008	0.012	0.037	0.389	0.120	0.120	0.137	5.339	0.896	0.038	0.042	-4758.787
21	6	358	242	0.6277	0.191	0.135	0.037	0.003	0.008	0.041	0.418	0.086	0.055	0.078	4.880	0.839	0.000	0.137	-2647.811
21	6	373	311	0.4804	0.193	0.365	0.047	0.010	0.015	0.059	0.630	0.134	0.181	0.201	2.753	0.467	0.268	0.098	-3681.124
21	6	879	455	0.5231	0.076	0.146	0.020	0.005	0.014	0.062	0.370	0.093	0.146	0.111	3.915	0.915	0.085	0.058	-6592.498
21	6	391	177	0.6417	0.075	0.085	0.025	0.003	0.003	0.028	0.187	0.037	0.074	0.051	3.980	0.944	0.018	0.029	-2308.537
21	6	429	253	0.5651	0.228	0.044	0.009	0.007	0.007	0.026	0.238	0.124	0.151	0.196	3.942	0.925	0.027	0.015	-2916.700
21	6	206	111	0.5545	0.057	0.072	0.000	0.000	0.000	0.062	0.161	0.047	0.044	0.063	8.794	0.850	0.041	0.018	-1177.114
21	6	338	237	0.5771	0.272	0.485	0.064	0.021	0.029	0.056	0.709	0.086	0.095	0.310	4.726	0.728	0.122	0.045	-2900.048
21	6	362	124	0.4751	0.040	0.018	0.009	0.003	0.009	0.009	0.042	0.017	0.039	0.000	2.454	1.000	0.000	0.050	-1819.861
21	6	844	411	0.4688	0.081	0.107	0.023	0.003	0.001	0.043	0.336	0.073	0.085	0.078	3.399	0.476	0.318	0.000	-5913.307
21	6	225	146	0.4713	0.086	0.063	0.022	0.019	0.000	0.044	0.322	0.087	0.173	0.067	4.208	0.533	0.141	0.057	-1658.376
21	6	291	199	0.5723	0.200	0.086	0.028	0.021	0.008	0.027	0.418	0.083	0.080	0.182	3.100	0.809	0.121	0.086	-2292.534
21	6	239	130	0.4482	0.053	0.058	0.018	0.000	0.004	0.000	0.240	0.050	0.113	0.011	2.856	1.000	0.000	0.056	-1427.205
21	6	618	323	0.4786	0.103	0.091	0.032	0.015	0.007	0.026	0.297	0.110	0.179	0.105	2.930	0.910	0.030	0.029	-4365.395
21	6	251	165	0.5044	0.082	0.054	0.047	0.000	0.009	0.040	0.160	0.046	0.109	0.095	3.980	0.814	0.067	0.079	-1672.111
21	6	375	211	0.4816	0.042	0.119	0.036	0.009	0.004	0.027	0.202	0.093	0.090	0.128	2.239	0.928	0.026	0.032	-2471.365
21	6	269	167	0.5237	0.065	0.083	0.025	0.008	0.004	0.051	0.212	0.087	0.145	0.121	3.466	0.965	0.035	0.051	-1839.164
21	6	1098	439	0.4436	0.064	0.119	0.012	0.004	0.005	0.031	0.165	0.068	0.066	0.112	2.778	0.844	0.102	0.010	-7157.069
21	6	219	152	0.4292	0.106	0.043	0.000	0.029	0.000	0.048	0.283	0.072	0.093	0.104	1.570	0.722	0.016	0.049	-1478.523
21	6	555	293	0.5149	0.086	0.082	0.020	0.011	0.008	0.034	0.248	0.146	0.077	0.096	3.435	0.905	0.016	0.072	-3887.060
21	6	329	228	0.5213	0.172	0.138	0.030	0.006	0.017	0.069	0.446	0.148	0.131	0.187	2.921	0.577	0.147	0.063	-2737.402
21	6	503	256	0.6222	0.133	0.104	0.034	0.005	0.005	0.021	0.457	0.038	0.063	0.057	3.112	0.975	0.025	0.023	-3262.496
21	6	140	132	0.6056	0.379	0.961	0.164	0.008	0.031	0.137	0.773	0.252	0.217	0.421	3.413	0.387	0.195	0.190	-1607.362
21	6	202	114	0.4882	0.056	0.051	0.005	0.000	0.010	0.005	0.146	0.050	0.065	0.072	3.502	0.807	0.052	0.021	-1196.384
21	6	294	213	0.5664	0.167	0.108	0.055	0.000	0.007	0.063	0.489	0.087	0.073	0.091	2.455	0.940	0.048	0.081	-2275.368
21	6	220	179	0.4482	0.189	0.126	0.055	0.012	0.012	0.060	0.556	0.163	0.105	0.211	1.763	0.686	0.127	0.113	-1983.824
21	6	296	129	0.5183	0.041	0.044	0.018	0.010	0.007	0.007	0.169	0.012	0.053	0.016	2.139	0.915	0.034	0.000	-1619.038
21	6	762	421	0.4483	0.108	0.103	0.018	0.007	0.006	0.023	0.433	0.188	0.111	0.099	3.822	0.892	0.108	0.100	-5894.266
21	6	877	525	0.5640	0.135	0.149	0.044	0.011	0.008	0.054	0.321	0.134	0.128	0.176	3.210	0.840	0.090	0.084	-7044.055
21	6	499	300	0.6011	0.102	0.112	0.034	0.009	0.000	0.023	0.382	0.100	0.069	0.076	3.419	0.975	0.025	0.042	-3430.345
21	6	367	197	0.4544	0.051	0.116	0.010	0.000	0.006	0.043	0.268	0.072	0.090	0.036	4.117	0.918	0.029	0.084	-2427.725
21	6	325	258	0.4207	0.135	0.162	0.021	0.010	0.003	0.064	0.578	0.200	0.193	0.156	4.077	0.699	0.116	0.107	-2780.938
21	6	639	302	0.5373	0.194	0.118	0.007	0.017	0.008	0.021	0.184	0.081	0.108	0.176	4.474	0.986	0.008	0.020	-4210.012
21	6	362	201	0.4777	0.115	0.130	0.014	0.003	0.003	0.070	0.246	0.122	0.091	0.051	2.814	0.926	0.011	0.040	-2468.155
21	6	375	200	0.4357	0.076	0.189	0.019	0.003	0.000	0.018	0.212	0.042	0.050	0.048	2.270	0.911	0.024	0.038	-2421.728
21	6	437	275	0.4494	0.126	0.132	0.025	0.012	0.005	0.062	0.335	0.038	0.134	0.201	2.795	0.795	0.056	0.068	-3336.506
21	6	249	144	0.4070	0.089	0.036	0.016	0.011	0.005	0.032	0.214	0.087	0.031	0.065	2.083	0.921	0.029	0.040	-1562.553
21	6	314	216	0.6396	0.125	0.204	0.068	0.020	0.010	0.088	0.555	0.067	0.139	0.088	8.730	0.938	0.062	0.073	-2451.106
21	6	412	297	0.4991	0.109	0.187	0.029	0.005	0.013	0.029	0.377	0.096	0.134	0.132	3.039	0.773	0.109	0.122	-3327.445
21	6	437	151	0.6226	0.030	0.079	0.013	0.000	0.000	0.023	0.132	0.019	0.046	0.039	4.106	0.970	0.010	0.018	-2330.435
21	6	274	214	0.4417	0.301	0.287	0.021	0.004	0.000	0.024	0.330	0.128	0.127	0.344	3.075	0.731	0.081	0.109	-2339.236
21	6	155	132	0.5849	0.164	0.253	0.013	0.013	0.000	0.099	0.405	0.077	0.174	0.121	2.924	0.592	0.147	0.281	-1374.587
21	6	486	291	0.5169	0.183	0.116	0.010	0.002	0.004	0.062	0.310	0.064	0.109	0.151	3.592	0.885	0.011	0.045	-3458.959
21	6	574	408	0.4950	0.195	0.230	0.023	0.011	0.010	0.042	0.495	0.107	0.269	0.177	3.328	0.788	0.095	0.074	-4921.521
21	6	1322	683	0.4191	0.165	0.134	0.029	0.006	0.008	0.050	0.369	0.123	0.146	0.121	3.294	0.800	0.191	0.080	-10646.428
21	6	216	166	0.5620	0.085	0.180	0.023	0.007	0.012	0.068	0.411	0.115	0.157	0.089	3.853	0.809	0.123	0.108	-1744.666
21	6	777	353	0.4507	0.111	0.065	0.005	0.005	0.012	0.022	0.207	0.093	0.072	0.036	3.548	0.933	0.067	0.062	-5060.022
21	6	568	329	0.5738	0.155	0.110	0.020	0.000	0.014	0.030	0.315	0.069	0.056	0.149	4.247	0.783	0.000	0.138	-4144.523
21	6	845	393	0.4868	0.057	0.105	0.014	0.006	0.006	0.041	0.331	0.068	0.097	0.110	3.075	0.944	0.056	0.038	-5783.108
21	6	443	200	0.5186	0.122	0.046	0.018	0.004	0.008	0.032	0.200	0.069	0.065	0.039	2.426	0.923	0.077	0.033	-2789.161
21	6	577	246	0.4535	0.065	0.037	0.019	0.007	0.000	0.018	0.238	0.080	0.081	0.086	3.790	0.930	0.051	0.037	-3663.077
21	6	783	440	0.4488	0.000	0.148	0.014	0.012	0.008	0.051	0.386	0.173	0.118	0.228	3.252	0.882	0.118	0.086	-6166.272
21	6	430	222	0.5971	0.220	0.014	0.040	0.003	0.012	0.051	0.442	0.065	0.092	0.168	4.094	0.749	0.056	0.033	-3057.747
21	6	323	240	0.5729	0.506	0.080	0.031	0.009	0.028	0.048	0.779	0.215	0.166	0.501	5.896	0.657	0.143	0.068	-2931.683
21	6	483	198	0.3830	0.000	0.040	0.018	0.000	0.002	0.011	0.236	0.067	0.073	0.068	4.727	0.928	0.000	0.045	-2835.060
21	6	324	238	0.4798	0.157	0.149	0.000	0.000	0.018	0.072	0.425	0.114	0.073	0.216	3.189	0.643	0.093	0.048	-2492.290
21	6	306	201	0.5865	0.141	0.204	0.025	0.004	0.003	0.029	0.255	0.167	0.105	0.075	3.688	0.711	0.137	0.044	-2306.811
21	6	157	113	0.5409	0.009	0.066	0.065	0.000	0.014	0.043	0.333	0.102	0.044	0.085	4.460	0.935	0.065	0.073	-1065.008
21	6	208	129	0.5608	0.055	0.080	0.018	0.010	0.005	0.018	0.165	0.028	0.064	0.064	2.545	0.927	0.015	0.035	-1246.744
21	6	257	157	0.6269	0.100	0.080	0.058	0.007	0.016	0.011	0.383	0.088	0.029	0.118	2.979	0.943	0.057	0.053	-1788.101
21	6	695	424	0.5652	0.129	0.149	0.027	0.016	0.008	0.036	0.310	0.123	0.154	0.128	4.025	0.832	0.079	0.095	-5428.426
21	6	736	275	0.4254	0.033	0.060	0.014	0.004	0.014	0.018	0.172	0.046	0.047	0.055	3.416	0.939	0.046	0.069	-4460.357
21	6	511	296	0.5816	0.127	0.057	0.021	0.016	0.004	0.018	0.225	0.073	0.121	0.113	4.033	0.828	0.161	0.087	-3632.110
21	6	372	101	0.6676	0.001	0.024	0.014	0.003	0.000	0.000	0.055	0.022	0.004	0.036	9.398	0.956	0.000	0.011	-1672.637
21	6	495	220	0.5907	0.123	0.102	0.050	0.004	0.007	0.023	0.246	0.055	0.012	0.108	4.952	0.982	0.018	0.014	-2982.764
21	6	444	258	0.5959	0.050	0.189	0.027	0.018	0.004	0.056	0.432	0.034	0.082	0.094	4.734	0.892	0.014	0.031	-3022.908
21	6	576	359	0.4061	0.087	0.219	0.002	0.042	0.098	0.055	0.374	0.203	0.136	0.130	2.945	0.486	0.355	0.082	-4477.000
21	6	320	201	0.5490	0.016	0.419	0.043	0.006	0.003	0.048	0.228	0.096	0.132	0.023	1.736	0.756	0.058	0.017	-2370.962
21	6	142	117	0.5203	1.764	0.000	0.008	0.022	0.007	0.089	0.752	0.082	0.064	1.830	3.925	0.805	0.195	0.060	-1294.322
21	6	273	155	0.6128	0.055	0.033	0.030	0.007	0.007	0.014	0.327	0.015	0.061	0.015	3.123	0.903	0.097	0.078	-1681.753
21	6	324	224	0.4912	0.101	0.099	0.020	0.020	0.035	0.012	0.275	0.088	0.051	0.139	2.538	0.780	0.197	0.035	-2335.699
21	6	638	283	0.4449	0.049	0.083	0.018	0.003	0.007	0.029	0.360	0.121	0.099	0.033	2.058	0.944	0.020	0.024	-4122.071
21	6	629	265	0.4804	0.075	0.056	0.016	0.000	0.005	0.015	0.184	0.053	0.062	0.063	2.858	0.915	0.067	0.017	-3858.981
21	6	333	205	0.5801	0.128	0.122	0.010	0.015	0.006	0.025	0.337	0.116	0.130	0.096	3.472	0.812	0.063	0.059	-2414.641
21	6	516	277	0.4624	0.106	0.101	0.013	0.019	0.011	0.026	0.284	0.081	0.068	0.061	2.962	0.807	0.193	0.102	-3661.630
21	6	684	279	0.4375	0.078	0.041	0.012	0.003	0.003	0.027	0.217	0.113	0.082	0.028	3.221	0.910	0.040	0.026	-4303.904
21	6	375	308	0.4750	0.201	0.248	0.044	0.021	0.018	0.063	0.588	0.144	0.181	0.120	3.444	0.305	0.257	0.125	-3550.653
21	6	311	208	0.4968	0.084	0.129	0.045	0.006	0.013	0.097	0.483	0.067	0.123	0.105	2.578	0.974	0.026	0.044	-2321.927
21	6	456	244	0.5503	0.112	0.096	0.046	0.004	0.003	0.036	0.295	0.120	0.079	0.110	6.762	0.902	0.093	0.040	-3116.371
21	6	378	253	0.5976	0.091	0.220	0.062	0.011	0.009	0.046	0.581	0.111	0.133	0.079	3.471	0.612	0.075	0.062	-3081.784
21	6	229	180	0.5846	0.167	0.148	0.010	0.000	0.000	0.046	0.573	0.092	0.192	0.154	4.849	0.887	0.113	0.078	-1777.611
21	6	321	210	0.4218	0.095	0.086	0.046	0.003	0.003	0.028	0.279	0.125	0.057	0.053	3.988	0.902	0.098	0.091	-2216.971
21	6	457	276	0.6227	0.129	0.204	0.031	0.000	0.009	0.060	0.322	0.048	0.054	0.144	4.568	0.907	0.039	0.021	-3174.754
21	6	384	253	0.5123	0.092	0.072	0.087	0.005	0.014	0.042	0.356	0.088	0.084	0.172	3.127	0.908	0.092	0.098	-2950.574
21	6	609	360	0.4643	0.140	0.143	0.027	0.002	0.005	0.019	0.370	0.136	0.039	0.079	2.867	0.807	0.138	0.067	-4200.239
21	6	330	221	0.4364	0.057	0.142	0.061	0.005	0.008	0.047	0.371	0.102	0.129	0.103	4.183	0.494	0.152	0.034	-2577.170
21	6	810	307	0.4247	0.068	0.075	0.014	0.002	0.005	0.019	0.197	0.059	0.130	0.013	3.325	0.966	0.007	0.043	-4955.935
21	6	193	110	0.3860	0.009	0.038	0.000	0.000	0.005	0.005	0.213	0.110	0.046	0.054	2.993	0.958	0.037	0.034	-1112.464
21	6	388	269	0.5310	0.139	0.135	0.038	0.011	0.021	0.029	0.331	0.117	0.106	0.168	3.768	0.740	0.123	0.168	-3163.533
21	6	531	265	0.4541	0.084	0.068	0.015	0.002	0.002	0.028	0.257	0.143	0.066	0.020	2.773	0.952	0.048	0.041	-3440.427
21	6	592	212	0.4703	0.021	0.045	0.010	0.006	0.004	0.029	0.189	0.043	0.055	0.034	2.930	0.977	0.023	0.002	-3412.023
21	6	367	217	0.5520	0.109	0.089	0.018	0.005	0.003	0.039	0.215	0.102	0.071	0.120	4.805	0.825	0.042	0.062	-2497.761
21	6	391	143	0.5521	0.020	0.053	0.019	0.003	0.005	0.020	0.130	0.018	0.029	0.008	3.506	0.905	0.025	0.014	-2101.128
21	6	691	290	0.4806	0.050	0.055	0.018	0.005	0.009	0.019	0.161	0.074	0.085	0.049	4.236	0.924	0.009	0.054	-4254.965
21	6	234	139	0.5814	0.141	0.031	0.022	0.000	0.013	0.032	0.354	0.125	0.016	0.081	4.021	0.936	0.047	0.022	-1517.552
21	6	253	147	0.4508	0.023	0.057	0.012	0.000	0.000	0.017	0.324	0.153	0.081	0.062	2.744	0.950	0.050	0.030	-1624.827
21	6	459	374	0.5919	0.230	0.441	0.103	0.002	0.005	0.115	0.622	0.169	0.190	0.241	3.411	0.576	0.424	0.122	-4677.373
21	6	1148	560	0.4575	0.076	0.113	0.028	0.007	0.006	0.030	0.418	0.140	0.092	0.081	3.777	0.880	0.040	0.108	-8541.470
21	6	383	314	0.5651	0.269	0.301	0.069	0.007	0.019	0.069	0.574	0.132	0.126	0.223	5.533	0.527	0.265	0.099	-3542.709
21	6	690	368	0.6009	0.105	0.173	0.023	0.015	0.012	0.043	0.328	0.087	0.093	0.136	4.929	0.928	0.072	0.049	-5020.806
21	6	546	284	0.4902	0.094	0.060	0.015	0.013	0.004	0.021	0.359	0.107	0.110	0.156	2.664	0.935	0.062	0.041	-3875.543
21	6	495	364	0.4397	0.160	0.161	0.053	0.011	0.006	0.089	0.695	0.175	0.167	0.274	3.195	0.792	0.208	0.096	-4542.118
21	6	122	82	0.5811	0.169	0.112	0.000	0.008	0.000	0.000	0.123	0.000	0.108	0.175	4.992	1.000	0.000	0.182	-756.765
21	6	329	256	0.5632	0.189	0.104	0.042	0.010	0.022	0.054	0.508	0.175	0.123	0.164	4.137	0.638	0.082	0.153	-2829.113
21	6	358	180	0.6013	0.059	0.114	0.010	0.000	0.003	0.056	0.196	0.086	0.030	0.090	3.696	0.940	0.008	0.037	-2284.207
21	6	611	383	0.4940	0.125	0.162	0.007	0.010	0.002	0.042	0.294	0.177	0.160	0.152	3.609	0.883	0.094	0.103	-4794.868
21	6	479	310	0.4576	0.130	0.105	0.030	0.004	0.007	0.032	0.945	0.059	0.294	0.145	3.192	0.815	0.131	0.050	-3948.419
21	6	430	215	0.6115	0.005	0.093	0.016	0.013	0.007	0.033	0.306	0.045	0.087	0.090	3.377	0.922	0.045	0.063	-2816.892
21	6	1029	409	0.4853	0.000	0.084	0.018	0.004	0.006	0.023	0.277	0.056	0.058	0.137	2.692	0.974	0.026	0.032	-6665.670
21	6	1927	727	0.4765	0.145	0.099	0.017	0.005	0.007	0.032	0.410	0.119	0.080	0.000	3.066	0.937	0.063	0.051	-13791.300
21	6	682	388	0.4884	0.139	0.173	0.052	0.010	0.013	0.057	0.259	0.062	0.110	0.077	3.257	0.941	0.040	0.085	-5143.491
21	6	600	341	0.6645	0.219	0.113	0.031	0.007	0.014	0.084	0.388	0.091	0.087	0.170	4.516	0.874	0.077	0.049	-4502.050
21	6	677	278	0.4728	0.067	0.058	0.021	0.000	0.006	0.018	0.259	0.054	0.047	0.054	3.126	0.957	0.010	0.012	-4050.656
21	6	696	301	0.4175	0.027	0.071	0.014	0.005	0.006	0.018	0.205	0.100	0.113	0.098	3.022	0.961	0.039	0.035	-4456.874
21	6	519	312	0.5033	0.093	0.182	0.052	0.010	0.006	0.032	0.371	0.081	0.097	0.135	3.457	0.937	0.025	0.042	-3813.898
21	6	925	537	0.5620	0.196	0.173	0.041	0.012	0.008	0.050	0.352	0.090	0.154	0.217	4.004	0.732	0.064	0.057	-7419.257
21	6	566	176	0.4564	0.063	0.019	0.012	0.000	0.002	0.008	0.084	0.045	0.036	0.005	3.662	0.574	0.033	0.023	-3059.738
21	6	768	306	0.5630	0.064	0.076	0.016	0.005	0.008	0.024	0.162	0.028	0.084	0.036	4.136	0.944	0.056	0.053	-4710.626
21	6	210	128	0.6211	0.104	0.130	0.003	0.005	0.005	0.050	0.606	0.000	0.107	0.049	2.958	0.971	0.029	0.042	-1417.414
21	6	457	313	0.6522	0.111	0.294	0.034	0.006	0.014	0.084	0.722	0.152	0.097	0.117	3.664	0.880	0.097	0.064	-3880.364
21	6	819	473	0.5118	0.000	0.115	0.040	0.007	0.003	0.044	0.396	0.067	0.117	0.230	3.585	0.823	0.177	0.073	-6277.632
21	6	502	315	0.4541	0.100	0.067	0.023	0.004	0.004	0.031	0.296	0.129	0.086	0.115	2.599	0.759	0.114	0.113	-3682.705
21	6	349	221	0.5490	0.046	0.110	0.037	0.006	0.006	0.026	0.343	0.096	0.068	0.127	3.771	0.799	0.105	0.121	-2553.985
21	6	288	214	0.5817	0.226	0.322	0.146	0.015	0.003	0.052	0.719	0.070	0.103	0.207	4.847	0.692	0.160	0.048	-2515.450
21	6	242	170	0.5608	0.109	0.238	0.075	0.017	0.000	0.034	0.338	0.083	0.152	0.053	6.425	0.669	0.178	0.025	-1888.189
21	6	1164	616	0.5117	0.110	0.106	0.026	0.005	0.014	0.040	0.363	0.125	0.107	0.099	2.798	0.859	0.101	0.069	-8750.629
21	6	400	237	0.4039	0.077	0.052	0.031	0.003	0.000	0.032	0.316	0.100	0.095	0.100	4.318	0.680	0.090	0.130	-2855.502
21	6	212	151	0.4532	0.054	0.151	0.006	0.015	0.005	0.052	0.367	0.135	0.061	0.135	3.079	0.868	0.080	0.097	-1577.544
21	6	386	170	0.4906	0.017	0.046	0.014	0.000	0.008	0.017	0.205	0.046	0.064	0.046	3.713	0.962	0.024	0.028	-2278.313
21	6	396	231	0.6013	0.149	0.069	0.016	0.000	0.005	0.057	0.256	0.178	0.154	0.150	3.868	0.929	0.039	0.064	-2891.604
21	6	377	237	0.5824	0.206	0.074	0.026	0.008	0.005	0.046	0.376	0.071	0.083	0.119	3.081	0.938	0.062	0.081	-2799.617
21	6	391	168	0.4047	0.061	0.046	0.007	0.000	0.003	0.020	0.166	0.057	0.066	0.079	2.760	1.000	0.000	0.046	-2288.676
21	6	334	212	0.4581	0.120	0.008	0.019	0.000	0.003	0.043	0.600	0.187	0.042	0.139	3.778	0.000	0.000	0.046	-2297.182
21	6	314	199	0.5655	0.068	0.124	0.030	0.006	0.007	0.026	0.256	0.099	0.114	0.054	3.045	0.861	0.043	0.084	-2197.995
21	6	237	207	0.4321	0.251	0.163	0.022	0.000	0.022	0.081	0.474	0.088	0.169	0.244	3.928	0.449	0.248	0.303	-2170.166
21	6	357	226	0.5135	0.082	0.186	0.026	0.009	0.011	0.038	0.438	0.111	0.153	0.163	3.457	0.759	0.136	0.038	-2795.150
21	6	449	322	0.5288	0.000	0.149	0.055	0.002	0.005	0.042	0.426	0.107	0.111	0.293	2.900	0.805	0.195	0.144	-3749.889
21	6	519	344	0.4096	0.102	0.144	0.019	0.004	0.006	0.036	0.516	0.137	0.125	0.149	3.637	0.489	0.142	0.126	-4297.474
21	6	443	177	0.6224	0.028	0.029	0.027	0.012	0.002	0.014	0.129	0.085	0.047	0.064	4.914	0.772	0.101	0.048	-2655.669
21	6	354	131	0.5711	0.003	0.038	0.000	0.005	0.003	0.015	0.062	0.018	0.014	0.029	1.819	1.000	0.000	0.040	-1778.532
21	6	455	321	0.4259	0.112	0.120	0.052	0.011	0.007	0.047	0.534	0.102	0.140	0.179	3.425	0.436	0.065	0.107	-3825.036
21	6	242	221	0.4304	0.140	0.350	0.051	0.009	0.013	0.021	1.004	0.127	0.160	0.187	2.875	0.000	0.000	0.017	-2419.651
21	6	851	474	0.4980	0.207	0.121	0.023	0.005	0.007	0.041	0.323	0.093	0.126	0.158	4.450	0.847	0.153	0.072	-6566.907
21	6	828	424	0.4632	0.182	0.117	0.022	0.005	0.005	0.054	0.232	0.080	0.085	0.088	2.789	0.923	0.077	0.067	-6002.804
21	6	422	254	0.6009	0.131	0.120	0.018	0.014	0.006	0.049	0.392	0.103	0.078	0.145	4.637	0.923	0.068	0.073	-3115.233
21	6	410	289	0.5187	0.110	0.142	0.016	0.005	0.002	0.060	0.362	0.200	0.113	0.138	3.486	0.794	0.203	0.137	-3408.076
21	6	308	250	0.5941	0.293	0.310	0.089	0.040	0.015	0.056	0.636	0.157	0.218	0.274	4.206	0.560	0.242	0.105	-3063.860
21	6	491	321	0.5770	0.165	0.083	0.033	0.006	0.007	0.039	0.405	0.141	0.103	0.210	3.835	0.853	0.147	0.098	-3878.368
21	6	883	323	0.5113	0.061	0.067	0.011	0.000	0.001	0.016	0.177	0.090	0.075	0.077	4.251	0.975	0.010	0.015	-5288.219
21	6	263	171	0.4764	0.100	0.060	0.000	0.000	0.004	0.012	0.537	0.206	0.117	0.044	2.931	0.787	0.060	0.044	-1866.691
21	6	297	180	0.4465	0.059	0.077	0.028	0.007	0.010	0.018	0.178	0.080	0.085	0.094	3.879	0.939	0.007	0.073	-1953.809
21	6	618	334	0.5112	0.103	0.137	0.035	0.009	0.009	0.060	0.263	0.121	0.078	0.099	2.859	0.889	0.050	0.057	-4539.142
21	6	689	381	0.5309	0.183	0.122	0.015	0.010	0.009	0.020	0.257	0.107	0.124	0.162	3.326	0.898	0.102	0.079	-5212.492
21	6	620	394	0.4443	0.195	0.104	0.025	0.008	0.008	0.030	0.402	0.121	0.100	0.145	3.631	0.640	0.147	0.170	-5107.493
21	6	691	456	0.5411	0.114	0.152	0.021	0.011	0.014	0.048	0.457	0.150	0.151	0.136	2.343	0.729	0.101	0.128	-5918.510
21	6	228	97	0.6204	0.031	0.000	0.008	0.000	0.000	0.000	0.028	0.004	0.018	0.048	3.855	1.000	0.000	0.249	-1072.275
21	6	763	449	0.6227	0.158	0.138	0.035	0.025	0.004	0.045	0.417	0.088	0.142	0.147	5.341	0.807	0.097	0.083	-5926.501
21	6	105	80	0.5405	0.109	0.067	0.042	0.039	0.000	0.074	0.160	0.005	0.055	0.124	15.818	0.735	0.103	0.234	-706.209
21	6	214	142	0.4626	0.080	0.045	0.021	0.010	0.005	0.004	0.223	0.103	0.119	0.045	4.018	0.816	0.035	0.055	-1402.399
21	6	304	215	0.5056	0.151	0.126	0.014	0.013	0.010	0.027	0.289	0.050	0.136	0.179	2.478	0.906	0.094	0.067	-2286.453
21	6	175	147	0.4806	0.222	0.161	0.060	0.030	0.004	0.037	0.239	0.068	0.248	0.167	2.972	0.599	0.144	0.130	-1510.364
21	6	446	306	0.5732	0.265	0.160	0.005	0.012	0.005	0.066	0.452	0.085	0.130	0.244	3.413	0.780	0.220	0.074	-3738.209
21	6	512	263	0.4511	0.090	0.077	0.031	0.004	0.006	0.004	0.307	0.067	0.168	0.090	5.327	0.764	0.099	0.045	-3536.928
21	6	133	117	0.6248	0.502	0.292	0.135	0.000	0.008	0.152	0.598	0.174	0.039	0.487	3.809	0.390	0.227	0.088	-1329.033
21	6	421	229	0.5988	0.053	0.115	0.020	0.000	0.012	0.043	0.230	0.066	0.130	0.109	5.480	0.973	0.027	0.042	-2749.240
21	6	264	167	0.5477	0.078	0.101	0.021	0.000	0.004	0.063	0.368	0.092	0.124	0.061	3.670	0.881	0.118	0.024	-1865.751
21	6	1224	536	0.5058	0.101	0.082	0.018	0.003	0.001	0.033	0.232	0.097	0.089	0.058	3.962	0.893	0.075	0.076	-8151.072
21	6	788	328	0.5354	0.063	0.090	0.016	0.005	0.006	0.026	0.228	0.060	0.074	0.084	3.653	0.952	0.024	0.021	-4920.956
21	6	583	377	0.5414	0.186	0.080	0.017	0.011	0.007	0.039	0.429	0.176	0.185	0.136	4.023	0.568	0.056	0.080	-4686.670
21	6	223	176	0.6820	0.206	0.036	0.051	0.010	0.009	0.106	0.673	0.113	0.078	0.239	3.535	0.000	0.000	0.072	-1842.401
21	6	138	130	0.6179	0.201	0.139	0.054	0.007	0.015	0.021	0.545	0.287	0.205	0.279	5.012	0.922	0.078	0.304	-1301.534
21	6	261	166	0.5430	0.098	0.080	0.020	0.008	0.004	0.023	0.261	0.049	0.080	0.110	2.898	0.465	0.038	0.070	-1808.224
21	6	783	470	0.4377	0.151	0.192	0.020	0.004	0.004	0.025	0.329	0.103	0.108	0.142	3.165	0.440	0.092	0.118	-6219.149
21	6	396	234	0.5464	0.155	0.064	0.027	0.010	0.011	0.015	0.339	0.050	0.105	0.162	3.201	0.789	0.027	0.048	-2794.039
21	6	376	161	0.5002	0.050	0.073	0.000	0.003	0.000	0.016	0.114	0.082	0.030	0.033	3.387	1.000	0.000	0.038	-2136.611
21	6	445	287	0.6653	0.247	0.178	0.036	0.005	0.007	0.058	0.866	0.099	0.119	0.212	5.075	0.813	0.106	0.042	-3621.077
21	6	472	189	0.4515	0.066	0.067	0.013	0.009	0.000	0.022	0.117	0.038	0.047	0.031	3.479	0.947	0.015	0.051	-2755.129
21	6	274	207	0.5330	0.118	0.172	0.022	0.015	0.004	0.077	0.386	0.075	0.119	0.168	2.754	0.761	0.135	0.133	-2272.491
21	6	636	248	0.5819	0.099	0.052	0.013	0.000	0.002	0.029	0.173	0.050	0.086	0.012	5.483	0.912	0.027	0.025	-3786.724
21	6	189	139	0.5429	0.128	0.140	0.000	0.011	0.011	0.045	0.376	0.038	0.115	0.143	3.229	0.749	0.064	0.100	-1386.148
21	6	515	308	0.4735	0.083	0.071	0.023	0.008	0.012	0.034	0.411	0.138	0.125	0.147	3.048	0.786	0.126	0.079	-3967.619
21	6	1142	424	0.4561	0.022	0.085	0.018	0.007	0.004	0.027	0.207	0.062	0.069	0.097	3.606	0.829	0.101	0.070	-7435.107
21	6	381	230	0.5443	0.043	0.141	0.008	0.012	0.002	0.046	0.262	0.084	0.040	0.109	4.800	0.885	0.062	0.053	-2591.225
21	6	348	150	0.5243	0.029	0.062	0.007	0.000	0.000	0.036	0.081	0.050	0.044	0.010	3.029	0.952	0.000	0.103	-1949.636
21	6	337	234	0.6045	0.164	0.158	0.030	0.014	0.012	0.053	0.421	0.160	0.035	0.097	3.177	0.774	0.178	0.076	-2647.891
21	6	669	402	0.6433	0.114	0.237	0.064	0.013	0.001	0.056	0.545	0.075	0.085	0.126	4.407	0.925	0.064	0.034	-5056.046
21	6	298	240	0.5133	0.195	0.237	0.034	0.005	0.030	0.069	0.476	0.095	0.148	0.237	2.913	0.748	0.188	0.091	-2626.703
21	6	452	295	0.5368	0.080	0.160	0.051	0.012	0.004	0.050	0.299	0.109	0.107	0.119	3.845	0.646	0.250	0.189	-3621.211
21	6	363	217	0.6290	0.174	0.060	0.030	0.014	0.006	0.035	0.289	0.034	0.101	0.094	3.617	0.973	0.027	0.099	-2571.064
21	6	657	338	0.5089	0.143	0.056	0.025	0.005	0.003	0.037	0.259	0.082	0.075	0.156	3.763	0.934	0.045	0.056	-4557.687
21	6	183	132	0.5094	0.078	0.104	0.057	0.005	0.011	0.000	0.397	0.073	0.166	0.089	3.132	0.784	0.216	0.070	-1340.013
21	6	320	190	0.5450	0.089	0.126	0.013	0.003	0.010	0.030	0.226	0.061	0.088	0.124	5.180	0.855	0.016	0.036	-2069.102
21	6	407	135	0.5046	0.012	0.049	0.000	0.005	0.000	0.010	0.083	0.030	0.063	0.002	2.432	0.820	0.107	0.007	-2128.180
21	6	880	406	0.4416	0.065	0.074	0.011	0.009	0.009	0.028	0.212	0.070	0.075	0.088	2.672	0.964	0.034	0.062	-5771.290
21	6	380	262	0.5094	0.136	0.138	0.030	0.016	0.005	0.031	0.589	0.141	0.113	0.135	3.148	0.971	0.026	0.086	-3020.642
21	6	497	330	0.6121	0.125	0.278	0.050	0.000	0.000	0.034	0.425	0.127	0.130	0.109	5.045	0.611	0.192	0.056	-3987.361
21	6	339	203	0.5198	0.000	0.055	0.016	0.009	0.000	0.053	0.335	0.069	0.025	0.196	6.820	0.952	0.048	0.065	-2246.471
21	6	1055	676	0.4093	0.118	0.144	0.030	0.005	0.006	0.038	0.506	0.148	0.172	0.117	3.771	0.674	0.188	0.119	-8748.704
21	6	159	118	0.4436	0.088	0.050	0.032	0.006	0.000	0.020	0.403	0.024	0.052	0.024	2.790	0.895	0.072	0.025	-967.357
21	6	214	163	0.6550	0.158	0.160	0.055	0.018	0.029	0.102	0.372	0.112	0.046	0.103	5.395	0.810	0.069	0.057	-1638.985
21	6	459	180	0.5021	0.046	0.073	0.007	0.007	0.000	0.013	0.125	0.044	0.045	0.000	3.974	0.991	0.009	0.045	-2556.601
21	6	497	236	0.6209	0.083	0.128	0.033	0.012	0.012	0.060	0.264	0.112	0.030	0.088	4.581	0.952	0.010	0.012	-3067.308
21	6	470	361	0.6540	0.374	0.181	0.050	0.015	0.000	0.064	0.822	0.120	0.078	0.441	4.114	0.825	0.121	0.073	-4018.693
21	6	527	333	0.4425	0.106	0.147	0.015	0.010	0.003	0.063	0.434	0.148	0.227	0.136	3.447	0.751	0.183	0.045	-4241.627
21	6	333	165	0.4446	0.032	0.068	0.020	0.006	0.003	0.016	0.181	0.067	0.080	0.016	7.105	0.708	0.015	0.084	-2000.645
21	6	603	378	0.4446	0.128	0.149	0.036	0.014	0.006	0.023	0.442	0.085	0.164	0.133	3.033	0.762	0.201	0.078	-4906.933
21	6	402	287	0.6467	0.370	0.198	0.032	0.005	0.011	0.132	0.653	0.212	0.110	0.000	4.059	0.846	0.153	0.105	-3540.275
21	6	381	320	0.6383	0.072	0.483	0.082	0.016	0.015	0.071	1.014	0.224	0.210	0.116	3.164	0.768	0.212	0.100	-3764.932
21	6	342	223	0.4373	0.111	0.031	0.015	0.003	0.000	0.032	0.355	0.151	0.136	0.121	1.763	0.908	0.020	0.068	-2465.663
21	6	449	285	0.5538	0.142	0.172	0.011	0.002	0.009	0.033	0.282	0.166	0.127	0.134	3.318	0.842	0.158	0.094	-3557.270
21	6	623	251	0.4448	0.000	0.048	0.013	0.002	0.000	0.027	0.206	0.082	0.075	0.062	3.048	0.964	0.036	0.034	-3750.634
21	6	304	190	0.6090	0.175	0.143	0.072	0.000	0.010	0.103	0.187	0.051	0.059	0.142	5.083	0.925	0.043	0.078	-2202.456
21	6	281	189	0.6309	0.130	0.182	0.014	0.013	0.040	0.062	0.305	0.088	0.036	0.099	4.781	0.336	0.330	0.000	-2207.821
21	6	251	170	0.5289	0.137	0.029	0.008	0.000	0.004	0.037	0.372	0.046	0.095	0.124	3.345	0.897	0.103	0.044	-1728.215
21	6	437	300	0.4124	0.055	0.158	0.031	0.005	0.012	0.047	0.471	0.181	0.157	0.137	3.005	0.577	0.085	0.076	-3577.929
21	6	278	215	0.6218	0.155	0.184	0.050	0.015	0.000	0.050	0.337	0.126	0.109	0.215	3.919	0.795	0.163	0.130	-2320.653
21	6	326	184	0.3933	0.103	0.093	0.051	0.003	0.000	0.005	0.256	0.139	0.077	0.027	2.888	0.892	0.055	0.017	-2118.915
21	6	329	272	0.5405	0.192	0.388	0.093	0.012	0.009	0.065	1.266	0.252	0.159	0.220	2.959	0.641	0.165	0.111	-3347.462
21	6	680	262	0.5276	0.027	0.069	0.009	0.005	0.006	0.021	0.147	0.073	0.029	0.083	4.916	0.941	0.026	0.064	-4092.595
21	6	192	157	0.5146	0.185	0.145	0.025	0.000	0.016	0.041	0.317	0.097	0.094	0.159	3.931	0.846	0.106	0.156	-1515.529
21	6	661	300	0.4507	0.065	0.109	0.013	0.007	0.003	0.027	0.299	0.121	0.036	0.110	2.499	0.916	0.021	0.015	-4276.172
21	6	300	195	0.5680	0.113	0.090	0.039	0.000	0.007	0.029	0.194	0.110	0.068	0.147	3.202	0.532	0.149	0.012	-2138.837
21	6	334	228	0.5781	0.042	0.157	0.047	0.011	0.007	0.060	0.439	0.128	0.089	0.101	3.191	0.736	0.076	0.052	-2593.548
21	6	209	160	0.6120	0.188	0.046	0.045	0.000	0.005	0.062	0.452	0.094	0.081	0.209	3.026	0.243	0.009	0.152	-1660.054
21	6	583	322	0.4303	0.015	0.083	0.015	0.007	0.007	0.017	0.309	0.138	0.179	0.088	2.668	0.892	0.108	0.095	-4256.956
21	6	918	500	0.6372	0.152	0.175	0.058	0.013	0.021	0.051	0.369	0.108	0.090	0.118	4.915	0.855	0.145	0.076	-7306.487
21	6	352	159	0.6597	0.020	0.053	0.014	0.003	0.009	0.041	0.286	0.024	0.062	0.069	2.901	0.983	0.000	0.036	-2032.160
21	6	1107	579	0.4898	0.232	0.116	0.030	0.009	0.008	0.027	0.385	0.121	0.123	0.251	3.492	0.957	0.043	0.049	-8534.153
21	6	564	330	0.3996	0.098	0.102	0.011	0.014	0.005	0.044	0.478	0.152	0.130	0.096	3.365	0.789	0.123	0.067	-4356.482
21	6	454	270	0.4931	0.162	0.081	0.014	0.001	0.006	0.043	0.276	0.072	0.128	0.145	3.525	0.865	0.135	0.072	-3345.362
21	6	425	253	0.6080	0.296	0.118	0.011	0.008	0.000	0.061	0.263	0.044	0.058	0.295	2.545	0.996	0.004	0.058	-2997.361
21	6	1176	467	0.4791	0.031	0.075	0.011	0.004	0.004	0.018	0.237	0.095	0.065	0.103	3.728	0.951	0.049	0.095	-7746.045
21	6	531	333	0.5317	0.106	0.124	0.027	0.010	0.004	0.037	0.468	0.088	0.096	0.104	3.807	0.912	0.088	0.071	-3960.399
21	6	541	272	0.4100	0.059	0.095	0.022	0.002	0.006	0.040	0.229	0.090	0.077	0.035	3.272	0.915	0.039	0.063	-3563.481
21	6	323	267	0.4745	0.192	0.106	0.041	0.009	0.023	0.080	0.785	0.159	0.233	0.159	4.528	0.048	0.029	0.144	-3077.052
21	6	482	335	0.6714	0.311	0.201	0.032	0.010	0.019	0.087	0.597	0.148	0.091	0.344	6.241	0.851	0.149	0.060	-4064.022
21	6	280	220	0.6189	0.245	0.198	0.047	0.004	0.004	0.041	0.399	0.110	0.137	0.224	4.867	0.820	0.138	0.157	-2349.846
21	6	989	593	0.5365	0.161	0.132	0.030	0.009	0.009	0.054	0.399	0.096	0.109	0.158	5.664	0.665	0.233	0.118	-7774.689
21	6	304	223	0.5659	0.100	0.092	0.010	0.004	0.009	0.059	0.454	0.175	0.190	0.099	2.813	0.874	0.115	0.080	-2467.404
21	6	415	235	0.5027	0.118	0.094	0.021	0.003	0.007	0.024	0.310	0.117	0.087	0.083	2.816	0.744	0.023	0.044	-2857.287
21	6	338	240	0.4414	0.098	0.355	0.025	0.021	0.040	0.042	0.493	0.148	0.068	0.116	4.429	0.359	0.359	0.004	-2962.843
21	6	386	156	0.6389	0.046	0.042	0.047	0.005	0.000	0.012	0.185	0.114	0.000	0.022	5.494	0.973	0.007	0.017	-2127.179
21	6	285	175	0.5649	0.088	0.105	0.038	0.009	0.006	0.021	0.207	0.085	0.092	0.071	3.966	0.947	0.027	0.058	-1899.463
21	6	346	296	0.5615	0.185	0.447	0.059	0.015	0.009	0.072	0.765	0.147	0.075	0.260	4.796	0.546	0.371	0.084	-3336.300
21	6	1643	994	0.3821	0.166	0.137	0.031	0.010	0.006	0.052	0.556	0.144	0.151	0.194	3.012	0.741	0.259	0.148	-14356.462
21	6	434	325	0.5496	0.196	0.157	0.000	0.012	0.009	0.043	0.509	0.127	0.151	0.180	4.538	0.781	0.219	0.154	-3645.780
21	6	297	193	0.5159	0.094	0.044	0.003	0.007	0.003	0.041	0.299	0.123	0.151	0.155	3.263	0.961	0.039	0.023	-2060.194
21	6	293	218	0.5686	0.463	0.107	0.004	0.027	0.010	0.091	0.481	0.130	0.105	0.435	4.302	0.394	0.124	0.059	-2563.013
21	6	490	308	0.5190	0.078	0.182	0.033	0.007	0.019	0.064	0.411	0.117	0.136	0.138	3.396	0.826	0.103	0.059	-3901.833
21	6	427	234	0.5113	0.092	0.090	0.031	0.009	0.007	0.018	0.231	0.070	0.054	0.105	3.760	0.914	0.085	0.031	-2828.169
21	6	417	232	0.5573	0.134	0.090	0.035	0.014	0.008	0.057	0.313	0.045	0.106	0.039	3.458	0.931	0.069	0.047	-2931.579
21	6	496	179	0.5324	0.073	0.042	0.004	0.000	0.004	0.009	0.080	0.057	0.064	0.024	4.661	0.962	0.038	0.000	-2723.496
21	6	777	398	0.6028	0.161	0.185	0.043	0.014	0.005	0.054	0.318	0.094	0.086	0.090	5.615	0.906	0.080	0.032	-5593.912
21	6	636	272	0.4330	0.093	0.053	0.021	0.002	0.004	0.029	0.252	0.035	0.072	0.057	3.632	0.913	0.025	0.035	-3993.765
21	6	363	264	0.6004	0.115	0.233	0.056	0.003	0.005	0.093	0.577	0.172	0.094	0.149	3.688	0.744	0.116	0.082	-3104.408
21	6	160	104	0.5229	0.041	0.044	0.000	0.000	0.000	0.040	0.266	0.114	0.040	0.055	2.172	0.844	0.018	0.059	-1010.330
21	6	404	246	0.6296	0.142	0.141	0.008	0.002	0.008	0.034	0.159	0.125	0.101	0.121	5.977	0.837	0.039	0.066	-2818.905
21	6	470	298	0.4785	0.132	0.130	0.020	0.007	0.000	0.023	0.408	0.106	0.180	0.101	3.090	0.890	0.110	0.055	-3555.474
21	6	451	284	0.4276	0.101	0.094	0.014	0.005	0.007	0.015	0.501	0.137	0.108	0.089	3.266	0.897	0.058	0.140	-3449.965
21	6	247	205	0.5222	0.202	0.152	0.025	0.005	0.029	0.079	0.585	0.129	0.122	0.222	3.917	0.403	0.130	0.149	-2256.473
21	6	327	188	0.5931	0.203	0.081	0.016	0.009	0.009	0.019	0.279	0.034	0.142	0.138	5.317	0.971	0.029	0.033	-2169.689
21	6	264	203	0.4684	0.229	0.135	0.063	0.004	0.004	0.049	0.474	0.162	0.100	0.130	3.023	0.641	0.065	0.127	-2232.582
21	6	302	107	0.4423	0.036	0.034	0.007	0.003	0.000	0.007	0.105	0.009	0.019	0.008	3.962	0.611	0.000	0.039	-1552.762
21	6	553	322	0.6170	0.066	0.114	0.022	0.007	0.004	0.054	0.405	0.088	0.095	0.117	4.727	0.840	0.070	0.034	-3849.817
21	6	254	211	0.5055	0.200	0.260	0.054	0.011	0.022	0.066	0.624	0.073	0.175	0.247	4.686	0.232	0.132	0.129	-2404.991
21	6	317	167	0.6638	0.020	0.182	0.023	0.004	0.003	0.082	0.391	0.044	0.069	0.054	8.488	0.958	0.042	0.027	-2015.974
21	6	200	148	0.4242	0.044	0.208	0.041	0.000	0.000	0.082	0.531	0.186	0.097	0.017	4.680	0.429	0.160	0.020	-1556.475
21	6	285	199	0.5463	0.072	0.085	0.027	0.004	0.006	0.053	0.381	0.081	0.103	0.143	3.960	0.828	0.172	0.066	-2128.737
21	6	543	311	0.6055	0.158	0.097	0.034	0.004	0.008	0.045	0.340	0.080	0.068	0.111	3.710	0.882	0.085	0.057	-3901.480
21	6	365	232	0.5331	0.096	0.127	0.021	0.003	0.006	0.028	0.234	0.107	0.088	0.090	3.398	0.849	0.090	0.102	-2624.829
21	6	306	188	0.7002	0.043	0.147	0.027	0.007	0.010	0.058	0.384	0.099	0.122	0.101	3.654	0.893	0.047	0.067	-2203.354
21	6	332	260	0.6197	0.173	0.319	0.000	0.109	0.074	0.071	0.647	0.097	0.135	0.258	5.333	0.751	0.233	0.084	-2964.182
21	6	353	236	0.5196	0.135	0.125	0.007	0.009	0.006	0.040	0.432	0.096	0.109	0.101	3.484	0.892	0.108	0.087	-2705.060
21	6	349	157	0.4523	0.039	0.145	0.030	0.000	0.006	0.003	0.132	0.027	0.010	0.023	3.288	0.467	0.091	0.014	-2044.976
21	6	738	486	0.4655	0.055	0.083	0.027	0.007	0.008	0.034	0.656	0.135	0.230	0.120	3.748	0.813	0.187	0.123	-6126.357
21	6	591	423	0.4157	0.124	0.183	0.020	0.030	0.002	0.053	0.597	0.220	0.105	0.118	3.700	0.826	0.174	0.222	-5070.814
21	6	385	289	0.5107	0.140	0.114	0.035	0.005	0.008	0.056	0.301	0.235	0.179	0.180	3.979	0.565	0.176	0.160	-3329.643
21	6	282	184	0.4561	0.241	0.061	0.014	0.007	0.000	0.035	0.626	0.070	0.064	0.256	3.413	0.851	0.069	0.065	-2102.721
21	6	197	162	0.4609	0.081	0.074	0.035	0.020	0.000	0.023	0.795	0.163	0.088	0.110	3.889	0.648	0.143	0.098	-1608.844
21	6	287	231	0.6087	0.368	0.136	0.060	0.011	0.017	0.048	0.443	0.159	0.098	0.337	2.887	0.830	0.068	0.176	-2611.355
21	6	269	215	0.5101	0.229	0.099	0.012	0.015	0.015	0.055	0.318	0.123	0.133	0.213	4.632	0.426	0.086	0.242	-2239.929
21	6	244	160	0.6872	0.115	0.093	0.005	0.022	0.005	0.023	0.431	0.021	0.159	0.084	5.256	0.873	0.029	0.042	-1625.352
21	6	953	577	0.4062	0.096	0.154	0.024	0.015	0.012	0.021	0.340	0.123	0.181	0.161	4.086	0.603	0.285	0.088	-7685.469
21	6	302	176	0.6805	0.100	0.148	0.036	0.011	0.006	0.033	0.222	0.088	0.073	0.120	3.943	0.929	0.034	0.086	-2066.459
21	6	312	234	0.4466	0.171	0.142	0.010	0.006	0.007	0.085	0.571	0.171	0.154	0.135	3.467	0.317	0.304	0.029	-2802.141
21	6	319	190	0.4604	0.097	0.044	0.014	0.009	0.011	0.014	0.277	0.071	0.160	0.093	3.690	0.713	0.023	0.035	-2151.404
21	6	616	257	0.4547	0.025	0.052	0.013	0.000	0.008	0.016	0.210	0.052	0.034	0.058	5.377	0.924	0.031	0.061	-3644.165
21	6	429	331	0.3995	0.298	0.174	0.037	0.010	0.007	0.024	0.486	0.134	0.145	0.333	3.777	0.624	0.163	0.129	-3824.310
21	6	548	256	0.4040	0.073	0.061	0.016	0.001	0.005	0.023	0.202	0.106	0.062	0.072	2.735	0.948	0.052	0.038	-3486.714
21	6	315	196	0.7420	0.132	0.118	0.071	0.023	0.010	0.051	0.309	0.114	0.161	0.121	4.721	0.840	0.080	0.077	-2393.756
21	6	491	273	0.5023	0.091	0.113	0.027	0.013	0.002	0.042	0.239	0.058	0.118	0.074	3.821	0.895	0.105	0.074	-3467.106
21	6	654	233	0.4215	0.043	0.059	0.009	0.005	0.000	0.020	0.152	0.052	0.112	0.016	2.829	0.972	0.028	0.021	-3758.963
21	6	481	181	0.4688	0.065	0.038	0.013	0.002	0.000	0.009	0.145	0.055	0.040	0.016	1.909	0.969	0.023	0.024	-2727.612
21	6	341	261	0.5294	0.258	0.180	0.039	0.013	0.020	0.064	0.461	0.153	0.070	0.161	3.482	0.780	0.094	0.122	-2940.279
21	6	144	102	0.5120	0.113	0.194	0.046	0.000	0.029	0.035	0.173	0.077	0.147	0.098	4.527	0.719	0.258	0.078	-1095.094
21	6	137	121	0.4688	0.394	0.062	0.014	0.015	0.000	0.016	0.893	0.063	0.218	0.395	4.365	0.000	0.000	0.110	-1249.532
21	6	987	545	0.5001	0.175	0.178	0.026	0.005	0.006	0.044	0.407	0.116	0.089	0.199	2.249	0.913	0.087	0.077	-7811.716
21	6	150	110	0.4768	0.108	0.055	0.028	0.014	0.000	0.000	0.285	0.152	0.063	0.087	12.457	0.016	0.001	0.117	-1015.660
21	6	252	163	0.4095	0.084	0.128	0.022	0.008	0.000	0.032	0.316	0.036	0.060	0.143	4.924	0.749	0.186	0.074	-1777.220
21	6	579	364	0.4631	0.113	0.157	0.030	0.008	0.010	0.024	0.329	0.110	0.120	0.091	3.037	0.786	0.202	0.074	-4420.887
21	6	254	187	0.4560	0.060	0.157	0.026	0.012	0.004	0.020	0.343	0.162	0.149	0.082	2.707	0.932	0.025	0.096	-1927.330
21	6	1442	622	0.5138	0.079	0.119	0.026	0.009	0.008	0.032	0.343	0.119	0.097	0.101	3.028	0.880	0.065	0.064	-10436.434
21	6	175	150	0.3897	0.184	0.374	0.020	0.013	0.011	0.088	0.560	0.095	0.268	0.223	4.633	0.105	0.052	0.206	-1584.253
21	6	226	144	0.4848	0.085	0.101	0.009	0.000	0.000	0.018	0.169	0.127	0.083	0.125	6.111	0.921	0.063	0.015	-1449.030
21	6	378	287	0.6364	0.287	0.397	0.080	0.015	0.035	0.121	0.883	0.091	0.188	0.238	5.937	0.899	0.082	0.073	-3447.032
21	6	187	163	0.4771	0.116	0.909	0.000	0.005	0.016	0.079	0.275	0.147	0.063	0.169	3.495	0.593	0.151	0.059	-1669.153
21	6	202	145	0.5858	0.128	0.232	0.033	0.010	0.005	0.051	0.404	0.099	0.059	0.119	4.665	0.610	0.390	0.053	-1600.865
21	6	172	116	0.4784	0.108	0.044	0.014	0.018	0.006	0.017	0.298	0.086	0.123	0.086	1.807	0.806	0.040	0.053	-1178.498
21	6	148	123	0.6231	0.246	0.028	0.039	0.028	0.000	0.047	0.621	0.156	0.091	0.236	3.525	0.381	0.040	0.115	-1270.963
21	6	601	382	0.4347	0.137	0.166	0.029	0.019	0.014	0.071	0.323	0.131	0.145	0.127	3.031	0.740	0.147	0.111	-4971.780
21	6	154	127	0.4477	0.166	0.203	0.024	0.000	0.014	0.091	0.438	0.166	0.237	0.102	3.920	0.725	0.220	0.053	-1293.773
21	6	111	70	0.6021	0.086	0.052	0.000	0.000	0.000	0.009	0.088	0.038	0.025	0.115	6.377	0.739	0.000	0.124	-627.669
21	6	241	168	0.4278	0.127	0.139	0.021	0.000	0.000	0.022	0.413	0.083	0.091	0.069	3.951	0.671	0.107	0.126	-1808.719
21	6	312	245	0.5786	0.127	0.120	0.005	0.007	0.000	0.029	0.512	0.194	0.157	0.165	6.321	0.266	0.734	0.000	-2637.082
21	6	145	129	0.6338	0.931	0.574	0.025	0.013	0.017	0.083	0.459	0.095	0.063	0.907	5.719	0.666	0.302	0.062	-1351.591
21	6	312	244	0.7246	0.284	0.349	0.049	0.000	0.056	0.056	0.999	0.099	0.113	0.247	10.410	0.917	0.074	0.071	-2534.835
21	6	232	157	0.6053	0.121	0.084	0.003	0.004	0.009	0.038	0.567	0.077	0.063	0.147	2.920	0.883	0.084	0.061	-1693.739
21	6	422	237	0.5735	0.108	0.159	0.034	0.001	0.004	0.035	0.255	0.045	0.067	0.130	3.822	0.892	0.027	0.038	-2840.767
