1	6	435	276	0.4995	0.062	0.230	0.026	0.009	0.002	0.059	0.270	0.062	0.116	0.153	4.157	0.552	0.201	0.031	-3375.351
21	6	236	144	0.4294	0.007	0.108	0.047	0.005	0.000	0.055	0.201	0.039	0.118	0.060	2.568	0.481	0.015	0.033	-1548.735
21	6	286	183	0.4543	0.128	0.457	0.009	0.004	0.004	0.027	0.483	0.046	0.047	0.197	2.013	0.767	0.093	0.005	-2045.996
21	6	866	346	0.5400	0.083	0.104	0.019	0.001	0.004	0.027	0.163	0.033	0.052	0.097	4.237	0.816	0.045	0.015	-5372.146
21	6	273	187	0.4326	0.075	0.198	0.020	0.008	0.000	0.031	0.433	0.118	0.176	0.140	4.820	0.734	0.114	0.047	-2104.092
21	6	306	257	0.6384	0.171	0.386	0.060	0.023	0.015	0.059	0.617	0.164	0.173	0.188	4.173	0.404	0.075	0.171	-2985.914
21	6	787	387	0.4516	0.058	0.084	0.008	0.005	0.003	0.019	0.364	0.084	0.113	0.062	3.737	0.637	0.047	0.088	-5477.435
21	6	695	359	0.4834	0.085	0.180	0.010	0.004	0.005	0.020	0.405	0.117	0.094	0.056	3.599	0.818	0.043	0.037	-4959.566
21	6	878	551	0.3841	0.166	0.199	0.030	0.009	0.004	0.053	0.687	0.133	0.185	0.107	3.324	0.495	0.307	0.098	-7769.910
21	6	335	253	0.4723	0.181	0.517	0.039	0.009	0.012	0.057	0.332	0.192	0.000	0.127	2.653	0.458	0.127	0.058	-2779.032
21	6	330	189	0.4543	0.043	0.194	0.007	0.010	0.003	0.043	0.338	0.058	0.096	0.051	2.747	0.693	0.063	0.022	-2294.329
21	6	318	157	0.4175	0.026	0.117	0.000	0.003	0.003	0.017	0.121	0.101	0.037	0.054	3.382	0.533	0.026	0.019	-1908.248
21	6	1543	627	0.5595	0.103	0.154	0.025	0.007	0.005	0.029	0.284	0.066	0.086	0.093	3.263	0.936	0.032	0.026	-10447.764
21	6	467	247	0.6075	0.082	0.121	0.019	0.015	0.003	0.038	0.294	0.079	0.070	0.067	5.442	0.858	0.069	0.057	-3187.470
21	6	305	245	0.4080	0.083	0.550	0.029	0.020	0.031	0.016	0.528	0.087	0.165	0.139	2.912	0.572	0.104	0.075	-2672.132
21	6	294	192	0.5610	0.099	0.368	0.037	0.007	0.004	0.024	0.244	0.110	0.061	0.076	2.694	0.536	0.015	0.041	-2213.066
21	6	465	348	0.4040	0.148	0.284	0.056	0.004	0.013	0.012	0.735	0.223	0.184	0.162	2.602	0.392	0.291	0.065	-4271.792
21	6	300	178	0.5620	0.086	0.065	0.026	0.010	0.000	0.026	0.300	0.099	0.090	0.109	3.889	0.941	0.059	0.060	-2088.002
21	6	186	153	0.5589	0.195	0.492	0.101	0.005	0.006	0.100	0.825	0.050	0.177	0.164	6.757	0.640	0.168	0.046	-1657.598
21	6	509	330	0.6288	0.201	0.300	0.043	0.011	0.008	0.041	0.337	0.072	0.072	0.126	4.119	0.703	0.128	0.073	-4014.278
21	6	173	130	0.4561	0.043	0.100	0.049	0.006	0.000	0.037	0.560	0.169	0.000	0.105	3.233	0.261	0.023	0.012	-1210.097
21	6	474	295	0.5531	0.031	0.178	0.031	0.009	0.002	0.033	0.351	0.151	0.139	0.054	3.072	0.682	0.195	0.095	-3688.876
21	6	381	250	0.4847	0.094	0.193	0.019	0.014	0.008	0.033	0.328	0.042	0.108	0.112	3.108	0.574	0.056	0.073	-2866.238
21	6	448	257	0.4656	0.094	0.083	0.019	0.002	0.002	0.022	0.449	0.201	0.092	0.103	3.297	0.922	0.069	0.035	-3220.401
21	6	798	329	0.5190	0.038	0.171	0.014	0.002	0.004	0.032	0.225	0.095	0.046	0.096	3.917	0.848	0.066	0.024	-5019.632
21	6	200	126	0.5669	0.037	0.580	0.000	0.000	0.000	0.027	0.298	0.065	0.107	0.012	3.418	0.680	0.107	0.000	-1376.864
21	6	401	276	0.6446	0.208	0.223	0.032	0.023	0.019	0.104	0.370	0.151	0.127	0.161	4.409	0.808	0.091	0.068	-3344.788
21	6	940	588	0.4563	0.108	0.195	0.033	0.008	0.008	0.037	0.605	0.138	0.107	0.166	3.477	0.675	0.108	0.091	-7907.269
21	6	308	189	0.4434	0.078	0.129	0.023	0.000	0.010	0.011	0.315	0.018	0.200	0.023	4.496	0.319	0.048	0.034	-2164.833
21	6	317	196	0.4318	0.037	0.248	0.015	0.003	0.007	0.021	0.282	0.089	0.059	0.037	1.670	0.698	0.035	0.027	-2177.865
21	6	371	192	0.5368	0.018	0.115	0.009	0.008	0.003	0.033	0.186	0.038	0.056	0.112	2.959	0.417	0.015	0.022	-2392.758
21	6	972	454	0.4204	0.093	0.106	0.023	0.010	0.004	0.033	0.308	0.087	0.048	0.091	4.142	0.632	0.119	0.077	-6865.102
21	6	385	241	0.4461	0.056	0.105	0.020	0.004	0.007	0.048	0.592	0.104	0.155	0.047	3.388	0.913	0.087	0.072	-2861.343
21	6	562	311	0.4239	0.091	0.092	0.033	0.005	0.004	0.029	0.234	0.090	0.127	0.143	3.178	0.807	0.133	0.051	-4056.005
21	6	439	335	0.5128	0.189	0.307	0.037	0.016	0.010	0.073	0.687	0.152	0.132	0.137	2.944	0.355	0.362	0.015	-4230.781
21	6	144	64	0.6620	0.000	0.042	0.014	0.000	0.000	0.007	0.051	0.043	0.006	0.000	6.089	0.000	0.000	0.123	-677.994
21	6	476	311	0.6094	0.262	0.364	0.068	0.022	0.002	0.062	0.699	0.101	0.164	0.268	8.409	0.915	0.085	0.041	-3825.244
21	6	344	192	0.4244	0.059	0.158	0.032	0.012	0.000	0.029	0.219	0.068	0.163	0.057	3.467	0.484	0.151	0.025	-2467.839
21	6	220	162	0.5976	0.093	0.294	0.069	0.000	0.009	0.025	0.221	0.038	0.108	0.151	5.053	0.209	0.032	0.075	-1675.367
21	6	2057	675	0.5123	0.128	0.144	0.022	0.005	0.007	0.029	0.224	0.087	0.093	0.144	2.092	0.967	0.013	0.007	-13298.520
21	6	316	269	0.4012	0.201	0.552	0.039	0.013	0.013	0.052	0.591	0.149	0.176	0.135	3.225	0.346	0.205	0.108	-3106.073
21	6	256	192	0.5561	0.196	0.252	0.018	0.008	0.000	0.075	0.495	0.148	0.045	0.199	3.954	0.557	0.159	0.075	-2148.744
21	6	309	222	0.5354	0.149	0.183	0.022	0.010	0.003	0.047	0.320	0.077	0.066	0.186	3.286	0.812	0.042	0.075	-2345.332
21	6	206	177	0.5620	0.312	0.978	0.032	0.030	0.000	0.035	0.903	0.146	0.124	0.312	4.956	0.671	0.074	0.072	-1940.751
21	6	578	439	0.5330	0.157	0.469	0.053	0.010	0.018	0.078	0.512	0.153	0.173	0.211	3.364	0.635	0.089	0.130	-5569.954
21	6	115	101	0.6821	0.688	4.976	0.143	0.000	0.009	0.000	0.000	0.000	0.209	0.714	8.033	0.430	0.136	0.039	-1114.533
21	6	252	238	0.6188	0.521	1.079	0.080	0.029	0.009	0.098	0.674	0.095	0.264	0.439	4.848	0.224	0.198	0.147	-2676.129
21	6	949	407	0.5658	0.154	0.237	0.025	0.010	0.009	0.027	0.222	0.090	0.070	0.115	2.871	0.887	0.033	0.018	-6478.471
21	6	209	173	0.6064	0.058	0.201	0.000	0.019	0.005	0.113	0.475	0.074	0.139	0.190	3.880	0.122	0.012	0.124	-1757.826
21	6	449	284	0.6338	0.171	0.173	0.011	0.015	0.017	0.066	0.476	0.069	0.103	0.125	3.830	0.597	0.021	0.048	-3396.951
21	6	626	348	0.6487	0.107	0.342	0.042	0.003	0.018	0.065	0.249	0.035	0.063	0.138	4.766	0.805	0.051	0.024	-4499.753
21	6	732	417	0.4573	0.076	0.184	0.025	0.007	0.006	0.010	0.326	0.131	0.159	0.118	3.538	0.748	0.113	0.061	-5558.539
21	6	181	122	0.6203	0.279	0.004	0.000	0.000	0.005	0.057	0.453	0.039	0.103	0.380	5.325	0.839	0.161	0.044	-1338.828
21	6	1027	407	0.5466	0.133	0.109	0.021	0.007	0.002	0.029	0.232	0.063	0.071	0.000	3.136	0.981	0.019	0.031	-6607.970
21	6	159	118	0.4287	0.046	0.229	0.020	0.007	0.000	0.020	0.225	0.044	0.109	0.050	3.699	0.341	0.011	0.057	-1102.383
21	6	314	183	0.4529	0.154	0.143	0.007	0.000	0.003	0.013	0.200	0.041	0.148	0.171	3.132	0.627	0.033	0.010	-2117.725
21	6	174	138	0.4563	0.077	0.211	0.030	0.006	0.000	0.031	0.354	0.043	0.140	0.081	2.481	0.245	0.039	0.237	-1364.640
21	6	310	240	0.4370	0.101	0.368	0.027	0.012	0.020	0.041	0.388	0.138	0.178	0.122	3.404	0.357	0.104	0.191	-2779.705
21	6	445	312	0.5856	0.144	0.327	0.027	0.002	0.008	0.068	0.299	0.105	0.063	0.152	5.857	0.517	0.214	0.072	-3625.795
21	6	191	134	0.6193	0.177	0.088	0.010	0.000	0.016	0.086	0.307	0.109	0.077	0.182	4.995	0.890	0.110	0.053	-1408.008
21	6	305	246	0.5530	0.226	0.599	0.036	0.013	0.024	0.060	0.501	0.056	0.134	0.205	3.725	0.577	0.166	0.036	-2753.423
21	6	602	322	0.6494	0.170	0.239	0.014	0.007	0.006	0.080	0.273	0.093	0.096	0.158	5.585	0.785	0.091	0.037	-4396.535
21	6	212	188	0.4834	0.102	0.518	0.050	0.010	0.040	0.101	0.510	0.169	0.107	0.125	3.156	0.108	0.039	0.211	-2076.755
21	6	276	180	0.6941	0.189	0.152	0.063	0.000	0.007	0.068	0.320	0.086	0.000	0.183	4.574	0.635	0.036	0.057	-1975.091
21	6	291	208	0.6701	0.215	0.389	0.015	0.011	0.021	0.088	0.374	0.037	0.136	0.166	6.081	0.648	0.089	0.037	-2335.865
21	6	364	269	0.6210	0.188	0.327	0.012	0.009	0.015	0.045	0.376	0.100	0.103	0.170	6.180	0.222	0.154	0.036	-3022.384
21	6	407	267	0.4775	0.044	0.138	0.019	0.002	0.013	0.022	0.268	0.108	0.098	0.100	3.262	0.660	0.041	0.062	-2882.131
21	6	485	240	0.4663	0.075	0.090	0.004	0.008	0.004	0.034	0.206	0.083	0.056	0.025	3.211	0.703	0.029	0.030	-3087.421
21	6	946	527	0.5874	0.087	0.204	0.036	0.013	0.022	0.057	0.351	0.109	0.100	0.150	4.886	0.795	0.058	0.057	-7316.630
21	6	173	169	0.4613	0.224	1.328	0.004	0.000	0.018	0.044	0.623	0.536	0.323	0.253	2.547	0.104	0.220	0.101	-2082.665
21	6	254	121	0.3990	0.026	0.090	0.021	0.000	0.009	0.000	0.108	0.049	0.027	0.042	1.474	0.482	0.000	0.030	-1436.248
21	6	274	170	0.5460	0.033	0.262	0.022	0.009	0.006	0.038	0.228	0.061	0.069	0.087	4.196	0.684	0.035	0.000	-1863.162
21	6	282	206	0.5471	0.125	0.401	0.038	0.007	0.023	0.065	0.378	0.094	0.121	0.168	3.548	0.682	0.048	0.044	-2334.530
21	6	311	219	0.4090	0.094	0.197	0.029	0.000	0.000	0.062	0.554	0.148	0.070	0.116	4.073	0.814	0.125	0.073	-2446.816
21	6	232	181	0.5126	0.158	0.250	0.044	0.000	0.009	0.050	0.424	0.126	0.091	0.132	2.066	0.528	0.080	0.050	-1880.412
21	6	428	245	0.4547	0.086	0.093	0.012	0.000	0.002	0.027	0.459	0.070	0.177	0.079	4.036	0.967	0.032	0.029	-2897.582
21	6	399	286	0.4121	0.148	0.212	0.021	0.008	0.006	0.022	0.565	0.138	0.152	0.099	2.724	0.465	0.116	0.110	-3361.408
21	6	1133	445	0.5303	0.043	0.068	0.015	0.003	0.000	0.025	0.277	0.061	0.071	0.088	2.683	0.979	0.021	0.059	-7301.023
21	6	612	259	0.4133	0.044	0.100	0.016	0.000	0.000	0.025	0.454	0.096	0.073	0.039	2.586	0.831	0.015	0.014	-3866.414
21	6	422	204	0.4616	0.034	0.092	0.020	0.000	0.000	0.001	0.153	0.090	0.240	0.056	3.251	0.800	0.017	0.023	-2681.428
21	6	347	170	0.5059	0.014	0.134	0.018	0.000	0.006	0.009	0.156	0.053	0.054	0.050	2.513	0.727	0.000	0.018	-2081.804
21	6	433	276	0.5787	0.106	0.228	0.014	0.005	0.002	0.055	0.323	0.057	0.089	0.107	3.857	0.723	0.062	0.061	-3189.975
21	6	520	311	0.5855	0.085	0.344	0.042	0.002	0.006	0.048	0.427	0.097	0.126	0.092	3.293	0.732	0.119	0.045	-4072.564
21	6	291	181	0.6290	0.001	0.360	0.007	0.018	0.017	0.074	0.455	0.071	0.129	0.089	5.623	0.792	0.032	0.009	-2074.488
21	6	197	166	0.6255	0.129	0.486	0.034	0.021	0.022	0.087	0.488	0.169	0.190	0.111	2.802	0.364	0.195	0.044	-1895.390
21	6	313	217	0.6491	0.207	0.235	0.022	0.019	0.019	0.106	0.488	0.123	0.053	0.246	4.079	0.838	0.085	0.029	-2493.341
21	6	370	241	0.4530	0.085	0.193	0.018	0.005	0.000	0.036	0.330	0.168	0.068	0.157	2.410	0.671	0.014	0.089	-2863.446
21	6	257	211	0.5666	0.233	0.633	0.026	0.000	0.004	0.047	0.440	0.049	0.192	0.240	3.016	0.496	0.119	0.091	-2415.631
21	6	377	226	0.4693	0.097	0.056	0.023	0.006	0.008	0.031	0.228	0.152	0.065	0.038	2.352	0.690	0.015	0.086	-2591.572
21	6	308	233	0.3965	0.159	0.194	0.044	0.007	0.013	0.054	0.586	0.142	0.108	0.185	2.761	0.311	0.065	0.095	-2715.325
21	6	788	527	0.4838	0.408	0.232	0.050	0.007	0.012	0.089	0.438	0.086	0.082	0.413	3.760	0.768	0.162	0.124	-7178.631
21	6	377	270	0.5272	0.141	0.227	0.026	0.001	0.010	0.094	0.499	0.090	0.131	0.133	4.519	0.631	0.109	0.056	-3122.838
21	6	253	184	0.5065	0.219	0.102	0.039	0.000	0.025	0.064	0.408	0.109	0.073	0.133	3.350	0.935	0.036	0.047	-1875.195
21	6	482	391	0.5660	0.237	0.388	0.061	0.013	0.006	0.092	0.781	0.129	0.168	0.266	3.273	0.421	0.188	0.080	-4808.549
21	6	803	371	0.4235	0.067	0.086	0.017	0.008	0.004	0.027	0.274	0.099	0.155	0.028	3.513	0.794	0.054	0.034	-5469.263
21	6	1144	453	0.4618	0.074	0.094	0.014	0.003	0.003	0.020	0.246	0.092	0.093	0.054	3.148	0.880	0.058	0.039	-7536.525
21	6	317	208	0.4253	0.117	0.079	0.022	0.004	0.003	0.034	0.381	0.121	0.107	0.057	3.369	0.425	0.050	0.072	-2321.084
21	6	350	220	0.5271	0.157	0.194	0.009	0.015	0.008	0.046	0.265	0.139	0.047	0.159	2.647	0.984	0.016	0.020	-2430.599
21	6	380	259	0.6034	0.218	0.362	0.049	0.008	0.000	0.052	0.567	0.095	0.182	0.180	2.950	0.756	0.106	0.038	-3211.959
21	6	140	132	0.4563	0.091	1.019	0.017	0.020	0.023	0.074	0.540	0.278	0.144	0.130	2.165	0.000	0.000	0.415	-1541.498
21	6	144	139	0.4854	0.112	1.366	0.040	0.030	0.005	0.105	0.627	0.192	0.049	0.115	3.920	0.235	0.301	0.020	-1511.369
21	6	1072	521	0.6187	0.159	0.191	0.031	0.004	0.006	0.037	0.325	0.063	0.084	0.156	4.119	0.821	0.058	0.040	-7824.136
21	6	728	485	0.4244	0.072	0.166	0.017	0.004	0.007	0.043	0.419	0.143	0.196	0.088	3.523	0.637	0.244	0.154	-5871.414
21	6	270	154	0.4725	0.023	0.117	0.019	0.004	0.008	0.013	0.267	0.074	0.014	0.072	1.224	0.603	0.035	0.028	-1739.245
21	6	360	180	0.4125	0.074	0.134	0.015	0.008	0.006	0.016	0.203	0.043	0.066	0.000	3.345	0.748	0.000	0.027	-2219.189
21	6	843	468	0.4320	0.132	0.182	0.019	0.003	0.006	0.044	0.337	0.144	0.109	0.067	4.393	0.682	0.088	0.103	-6550.804
21	6	413	206	0.6326	0.105	0.156	0.015	0.000	0.005	0.035	0.171	0.067	0.033	0.085	4.843	0.789	0.016	0.019	-2576.076
21	6	454	265	0.6016	0.107	0.369	0.020	0.004	0.005	0.025	0.212	0.075	0.080	0.115	2.881	0.769	0.050	0.014	-3245.442
21	6	411	324	0.4324	0.220	0.276	0.024	0.007	0.014	0.084	0.555	0.154	0.140	0.202	3.176	0.567	0.287	0.162	-3832.174
21	6	1514	503	0.6443	0.072	0.087	0.017	0.008	0.007	0.033	0.262	0.087	0.049	0.067	3.506	0.746	0.150	0.000	-9587.963
21	6	709	428	0.5299	0.179	0.182	0.035	0.007	0.009	0.043	0.320	0.069	0.146	0.136	3.322	0.595	0.083	0.093	-5711.365
21	6	783	459	0.4946	0.142	0.233	0.035	0.005	0.011	0.032	0.358	0.104	0.103	0.143	2.832	0.724	0.092	0.065	-6250.547
21	6	297	270	0.4467	0.206	0.638	0.061	0.017	0.018	0.091	0.483	0.078	0.283	0.276	2.653	0.224	0.187	0.191	-3191.821
21	6	545	198	0.5522	0.002	0.044	0.011	0.010	0.010	0.017	0.178	0.017	0.052	0.075	2.864	0.937	0.020	0.023	-3054.974
21	6	183	129	0.5498	0.067	0.294	0.027	0.010	0.019	0.021	0.134	0.032	0.008	0.123	4.373	0.251	0.029	0.002	-1253.345
21	6	1075	554	0.4649	0.113	0.182	0.018	0.006	0.006	0.037	0.261	0.090	0.107	0.124	3.061	0.804	0.055	0.065	-7957.217
21	6	585	410	0.5106	0.182	0.317	0.044	0.007	0.002	0.059	0.388	0.164	0.111	0.230	2.876	0.563	0.179	0.080	-5271.002
21	6	219	168	0.6593	0.238	0.447	0.024	0.014	0.030	0.030	0.541	0.109	0.060	0.226	5.744	0.400	0.083	0.061	-1882.910
21	6	640	356	0.5264	0.118	0.272	0.027	0.003	0.008	0.029	0.288	0.119	0.082	0.179	3.301	0.787	0.095	0.025	-4798.807
21	6	450	286	0.5571	0.123	0.215	0.029	0.014	0.009	0.037	0.315	0.030	0.172	0.097	5.389	0.614	0.062	0.039	-3389.882
21	6	151	138	0.6195	0.125	0.502	0.051	0.000	0.007	0.092	0.655	0.069	0.266	0.128	5.404	0.000	0.000	0.115	-1408.309
21	6	416	261	0.5858	0.193	0.628	0.000	0.017	0.013	0.129	0.299	0.094	0.062	0.202	5.164	0.870	0.046	0.018	-3167.016
21	6	635	332	0.4898	0.084	0.159	0.027	0.010	0.013	0.040	0.222	0.065	0.104	0.084	3.731	0.809	0.038	0.035	-4412.655
21	6	1238	436	0.5341	0.036	0.096	0.016	0.006	0.005	0.025	0.224	0.059	0.078	0.114	2.830	0.911	0.009	0.006	-7624.215
21	6	316	202	0.4348	0.095	0.168	0.005	0.000	0.003	0.042	0.321	0.092	0.130	0.106	2.307	0.309	0.056	0.031	-2369.835
21	6	2047	1119	0.5130	0.184	0.233	0.060	0.010	0.011	0.076	0.480	0.121	0.115	0.194	2.861	0.897	0.103	0.078	-17511.723
21	6	147	107	0.5926	0.072	0.149	0.021	0.007	0.014	0.042	0.482	0.072	0.000	0.110	3.055	0.560	0.081	0.042	-1082.124
21	6	654	376	0.4625	0.119	0.212	0.039	0.009	0.004	0.016	0.360	0.076	0.129	0.120	2.639	0.601	0.084	0.027	-5040.149
21	6	291	258	0.4514	0.237	0.603	0.025	0.003	0.011	0.100	0.494	0.198	0.124	0.182	3.232	0.334	0.187	0.131	-2943.591
21	6	456	248	0.4565	0.064	0.192	0.027	0.009	0.005	0.031	0.238	0.122	0.057	0.052	3.077	0.726	0.150	0.000	-3204.827
21	6	907	433	0.6163	0.248	0.163	0.042	0.002	0.008	0.084	0.264	0.078	0.122	0.252	4.832	0.896	0.044	0.025	-6380.533
21	6	299	273	0.4692	0.189	0.528	0.041	0.005	0.022	0.101	0.636	0.197	0.205	0.143	3.347	0.044	0.028	0.256	-3128.752
21	6	276	186	0.6187	0.163	0.228	0.034	0.040	0.018	0.121	0.417	0.077	0.149	0.171	3.018	0.663	0.097	0.073	-2326.394
21	6	834	422	0.6330	0.101	0.175	0.029	0.011	0.014	0.052	0.384	0.092	0.097	0.121	4.363	0.897	0.050	0.023	-5921.968
21	6	448	324	0.4786	0.190	0.157	0.047	0.006	0.015	0.032	0.478	0.130	0.189	0.227	2.742	0.593	0.109	0.114	-3991.953
21	6	299	208	0.4768	0.150	0.353	0.046	0.003	0.007	0.045	0.308	0.135	0.062	0.088	3.710	0.629	0.042	0.039	-2282.648
21	6	759	324	0.4559	0.062	0.084	0.011	0.006	0.008	0.025	0.340	0.153	0.060	0.047	4.071	0.834	0.002	0.030	-4981.747
21	6	547	291	0.3941	0.125	0.214	0.021	0.002	0.002	0.021	0.281	0.233	0.000	0.044	3.353	0.793	0.141	0.063	-3713.398
21	6	1534	845	0.4927	0.165	0.263	0.030	0.009	0.009	0.030	0.414	0.126	0.137	0.245	3.273	0.834	0.074	0.084	-12694.220
21	6	156	122	0.5579	0.223	0.491	0.014	0.000	0.000	0.030	0.251	0.099	0.027	0.210	2.061	0.434	0.018	0.013	-1189.996
21	6	443	276	0.3938	0.171	0.290	0.028	0.002	0.005	0.038	0.345	0.060	0.075	0.201	2.980	0.623	0.144	0.113	-3536.898
21	6	245	142	0.5859	0.067	0.175	0.041	0.004	0.000	0.019	0.158	0.066	0.045	0.074	3.930	0.464	0.019	0.011	-1572.334
21	6	421	250	0.4400	0.096	0.145	0.014	0.010	0.005	0.021	0.179	0.096	0.103	0.103	3.612	0.613	0.097	0.077	-3010.747
21	6	382	249	0.6259	0.132	0.346	0.030	0.003	0.008	0.041	0.243	0.089	0.063	0.160	3.257	0.662	0.101	0.048	-2923.154
21	6	277	227	0.6815	0.252	0.403	0.053	0.014	0.023	0.115	0.998	0.254	0.073	0.251	3.215	0.509	0.186	0.098	-2750.222
21	6	458	177	0.5104	0.013	0.078	0.010	0.000	0.000	0.010	0.137	0.048	0.029	0.042	1.912	0.690	0.052	0.014	-2596.499
21	6	901	537	0.3962	0.113	0.193	0.013	0.016	0.010	0.043	0.500	0.099	0.084	0.074	3.679	0.603	0.187	0.079	-7071.623
21	6	524	302	0.5235	0.091	0.187	0.036	0.008	0.008	0.043	0.397	0.102	0.103	0.135	3.624	0.756	0.057	0.031	-3879.230
21	6	158	142	0.6247	0.220	0.660	0.027	0.012	0.007	0.101	0.436	0.139	0.078	0.308	4.464	0.320	0.021	0.122	-1439.271
21	6	1117	623	0.4221	0.083	0.160	0.030	0.005	0.007	0.033	0.409	0.173	0.183	0.087	3.518	0.623	0.200	0.072	-9054.916
21	6	540	294	0.6013	0.032	0.199	0.015	0.003	0.004	0.043	0.312	0.077	0.088	0.066	3.868	0.889	0.027	0.043	-3695.167
21	6	353	200	0.4995	0.024	0.101	0.019	0.009	0.005	0.042	0.259	0.080	0.091	0.108	1.761	0.152	0.006	0.044	-2430.541
21	6	314	208	0.6259	0.146	0.292	0.032	0.010	0.003	0.082	0.301	0.077	0.099	0.140	5.135	0.703	0.083	0.055	-2422.219
21	6	709	351	0.4800	0.059	0.090	0.006	0.002	0.009	0.042	0.187	0.108	0.064	0.116	3.396	0.901	0.032	0.028	-4601.755
21	6	368	173	0.5553	0.111	0.047	0.009	0.006	0.003	0.020	0.161	0.042	0.046	0.066	7.096	0.442	0.021	0.015	-2176.658
21	6	466	363	0.4625	0.165	0.293	0.041	0.010	0.012	0.048	0.631	0.158	0.185	0.188	2.784	0.518	0.144	0.121	-4410.062
21	6	545	319	0.6932	0.171	0.217	0.020	0.004	0.017	0.117	0.504	0.063	0.159	0.139	5.679	0.871	0.047	0.028	-4110.587
21	6	344	243	0.6110	0.203	0.300	0.037	0.020	0.003	0.064	0.295	0.050	0.114	0.228	4.025	0.676	0.096	0.062	-2754.394
21	6	809	571	0.6052	0.248	0.354	0.055	0.023	0.007	0.086	0.711	0.154	0.148	0.280	5.174	0.681	0.214	0.060	-7080.829
21	6	560	324	0.5836	0.083	0.394	0.025	0.005	0.008	0.054	0.248	0.073	0.065	0.145	3.662	0.802	0.063	0.023	-4149.698
21	6	441	243	0.4691	0.030	0.185	0.016	0.006	0.009	0.049	0.228	0.030	0.086	0.064	3.366	0.713	0.035	0.012	-2909.172
21	6	889	368	0.5784	0.093	0.138	0.023	0.007	0.003	0.023	0.185	0.075	0.069	0.081	3.155	0.846	0.025	0.010	-5693.322
21	6	283	196	0.5807	0.041	0.312	0.085	0.003	0.008	0.067	0.312	0.047	0.090	0.132	5.115	0.411	0.083	0.042	-2238.839
21	6	321	196	0.4297	0.090	0.234	0.041	0.003	0.003	0.008	0.218	0.043	0.119	0.082	2.701	0.789	0.032	0.047	-2253.824
21	6	1141	533	0.4629	0.130	0.140	0.031	0.005	0.007	0.026	0.298	0.077	0.097	0.100	2.737	0.945	0.053	0.051	-8216.488
21	6	253	134	0.7191	0.055	0.159	0.000	0.000	0.004	0.090	0.228	0.014	0.082	0.067	9.430	0.830	0.026	0.051	-1558.179
21	6	778	380	0.4720	0.035	0.164	0.018	0.004	0.004	0.038	0.271	0.129	0.084	0.051	2.421	0.716	0.054	0.069	-5551.690
21	6	920	415	0.5463	0.083	0.075	0.017	0.008	0.006	0.034	0.266	0.068	0.092	0.097	3.303	0.813	0.017	0.027	-6073.976
21	6	334	220	0.5469	0.213	0.366	0.020	0.000	0.003	0.021	0.290	0.029	0.067	0.134	2.183	0.779	0.062	0.034	-2484.210
21	6	295	210	0.4767	0.116	0.304	0.029	0.000	0.014	0.039	0.234	0.158	0.150	0.088	3.057	0.633	0.052	0.033	-2308.428
21	6	521	337	0.4616	0.137	0.277	0.008	0.021	0.000	0.068	0.456	0.116	0.110	0.096	3.128	0.618	0.070	0.072	-4265.630
21	6	398	181	0.6676	0.057	0.147	0.012	0.003	0.003	0.031	0.184	0.052	0.037	0.057	4.616	0.820	0.021	0.028	-2400.165
21	6	478	333	0.4487	0.164	0.445	0.041	0.026	0.005	0.033	0.428	0.122	0.094	0.182	2.398	0.707	0.138	0.057	-4169.802
21	6	231	134	0.5368	0.012	0.199	0.009	0.009	0.000	0.016	0.175	0.055	0.062	0.041	3.025	0.533	0.024	0.018	-1431.489
21	6	311	235	0.4777	0.158	0.275	0.054	0.006	0.003	0.034	0.414	0.124	0.079	0.144	2.520	0.600	0.148	0.097	-2646.686
21	6	373	302	0.4123	0.252	0.475	0.020	0.005	0.015	0.023	0.624	0.068	0.166	0.202	2.711	0.373	0.201	0.062	-3501.623
21	6	210	155	0.4851	0.083	0.374	0.027	0.010	0.000	0.018	0.258	0.066	0.066	0.017	3.867	0.441	0.063	0.007	-1486.962
21	6	141	123	0.5736	0.232	0.674	0.048	0.015	0.000	0.201	0.562	0.034	0.107	0.206	1.761	0.411	0.072	0.119	-1381.375
21	6	189	138	0.5232	0.132	0.234	0.024	0.000	0.000	0.019	0.372	0.092	0.022	0.121	3.826	0.505	0.025	0.056	-1334.499
21	6	419	241	0.5666	0.164	0.144	0.042	0.007	0.007	0.023	0.377	0.075	0.094	0.086	3.974	0.927	0.073	0.044	-3041.695
21	6	228	196	0.6258	0.197	0.675	0.045	0.000	0.005	0.054	0.467	0.107	0.129	0.134	3.797	0.244	0.116	0.085	-2146.329
21	6	230	147	0.4638	0.112	0.049	0.025	0.009	0.000	0.007	0.287	0.111	0.085	0.097	2.827	0.344	0.023	0.100	-1598.458
21	6	652	361	0.6221	0.155	0.115	0.028	0.008	0.011	0.035	0.382	0.120	0.116	0.176	4.877	0.803	0.027	0.046	-4855.044
21	6	358	237	0.6279	0.094	0.189	0.038	0.003	0.008	0.043	0.408	0.088	0.056	0.167	4.996	0.614	0.033	0.077	-2648.145
21	6	373	321	0.4782	0.200	0.660	0.046	0.016	0.011	0.065	0.684	0.117	0.177	0.135	2.643	0.425	0.272	0.080	-3835.607
21	6	879	467	0.5275	0.084	0.204	0.020	0.005	0.011	0.060	0.372	0.099	0.143	0.095	4.085	0.846	0.090	0.056	-6710.855
21	6	391	194	0.6416	0.050	0.232	0.023	0.003	0.003	0.026	0.175	0.030	0.072	0.083	3.464	0.773	0.017	0.018	-2422.407
21	6	429	255	0.5585	0.186	0.124	0.010	0.007	0.005	0.030	0.227	0.116	0.150	0.238	3.849	0.818	0.039	0.010	-3015.375
21	6	206	116	0.5771	0.025	0.281	0.000	0.000	0.000	0.063	0.127	0.066	0.018	0.060	7.496	0.651	0.042	0.012	-1245.992
21	6	338	247	0.5779	0.284	1.031	0.066	0.026	0.021	0.043	0.681	0.088	0.115	0.319	4.072	0.695	0.125	0.043	-3047.077
21	6	362	125	0.4824	0.035	0.026	0.012	0.003	0.003	0.009	0.046	0.013	0.037	0.013	2.745	0.795	0.053	0.000	-1834.716
21	6	844	430	0.4671	0.057	0.159	0.021	0.003	0.001	0.043	0.327	0.073	0.080	0.098	3.380	0.348	0.228	0.000	-6030.387
21	6	225	151	0.4481	0.068	0.186	0.026	0.014	0.000	0.021	0.253	0.084	0.147	0.102	3.379	0.385	0.189	0.007	-1708.718
21	6	291	201	0.5603	0.157	0.240	0.025	0.017	0.008	0.030	0.385	0.097	0.058	0.182	2.792	0.665	0.100	0.074	-2357.453
21	6	239	141	0.4591	0.020	0.237	0.017	0.000	0.009	0.000	0.264	0.064	0.078	0.005	2.737	0.655	0.047	0.007	-1534.369
21	6	618	341	0.4819	0.090	0.172	0.030	0.015	0.008	0.029	0.302	0.125	0.164	0.119	2.836	0.808	0.026	0.030	-4519.332
21	6	251	166	0.5055	0.066	0.141	0.033	0.000	0.009	0.031	0.153	0.064	0.136	0.052	3.663	0.418	0.027	0.068	-1712.604
21	6	375	216	0.4825	0.080	0.241	0.021	0.006	0.005	0.030	0.214	0.080	0.095	0.050	2.211	0.750	0.024	0.017	-2528.409
21	6	269	167	0.5261	0.137	0.079	0.026	0.008	0.004	0.035	0.298	0.068	0.119	0.072	3.520	0.933	0.067	0.036	-1842.762
21	6	1098	454	0.4433	0.097	0.217	0.010	0.004	0.005	0.032	0.150	0.068	0.070	0.074	2.267	0.806	0.077	0.008	-7364.842
21	6	219	150	0.4315	0.068	0.125	0.000	0.019	0.000	0.053	0.284	0.077	0.086	0.114	2.028	0.605	0.079	0.000	-1505.566
21	6	555	302	0.5151	0.091	0.148	0.022	0.011	0.005	0.030	0.247	0.141	0.080	0.082	3.186	0.694	0.015	0.062	-3979.068
21	6	329	240	0.5130	0.107	0.338	0.025	0.006	0.023	0.070	0.499	0.187	0.127	0.190	3.059	0.542	0.167	0.050	-2877.909
21	6	503	269	0.6175	0.080	0.185	0.039	0.005	0.008	0.016	0.479	0.045	0.057	0.086	2.770	0.819	0.036	0.013	-3380.738
21	6	140	132	0.5978	0.586	2.274	0.160	0.000	0.023	0.150	0.775	0.251	0.193	0.616	3.720	0.529	0.157	0.123	-1647.062
21	6	202	127	0.4659	0.000	0.253	0.005	0.000	0.015	0.005	0.156	0.047	0.073	0.066	2.627	0.520	0.022	0.020	-1304.369
21	6	294	212	0.5607	0.115	0.164	0.058	0.000	0.003	0.040	0.487	0.082	0.083	0.106	2.364	0.752	0.038	0.062	-2265.501
21	6	220	181	0.4593	0.180	0.272	0.028	0.005	0.018	0.080	0.429	0.165	0.064	0.115	2.014	0.479	0.048	0.117	-1934.636
21	6	296	130	0.5212	0.005	0.083	0.014	0.007	0.007	0.007	0.165	0.023	0.045	0.046	2.010	0.769	0.012	0.008	-1666.649
21	6	762	435	0.4464	0.119	0.171	0.015	0.007	0.006	0.023	0.429	0.194	0.115	0.077	4.185	0.780	0.121	0.096	-6034.090
21	6	877	532	0.5611	0.127	0.225	0.042	0.013	0.008	0.051	0.310	0.129	0.125	0.187	3.050	0.739	0.082	0.073	-7157.749
21	6	499	308	0.6027	0.066	0.249	0.039	0.011	0.000	0.023	0.385	0.089	0.070	0.060	3.108	0.859	0.039	0.030	-3554.523
21	6	367	213	0.4499	0.056	0.206	0.015	0.000	0.009	0.035	0.259	0.069	0.086	0.048	3.687	0.533	0.041	0.040	-2539.354
21	6	325	262	0.4275	0.134	0.322	0.030	0.006	0.006	0.048	0.534	0.167	0.177	0.143	3.554	0.563	0.087	0.093	-2840.736
21	6	639	306	0.5347	0.156	0.175	0.006	0.016	0.006	0.018	0.201	0.097	0.098	0.171	4.385	0.904	0.018	0.009	-4255.735
21	6	362	215	0.4786	0.054	0.275	0.012	0.009	0.003	0.066	0.309	0.107	0.117	0.104	2.510	0.752	0.038	0.026	-2655.026
21	6	375	221	0.4402	0.027	0.443	0.016	0.003	0.000	0.015	0.202	0.047	0.050	0.079	2.253	0.729	0.027	0.013	-2587.619
21	6	437	290	0.4405	0.160	0.270	0.024	0.010	0.005	0.068	0.350	0.034	0.120	0.178	2.530	0.698	0.054	0.061	-3472.742
21	6	249	156	0.4067	0.079	0.122	0.012	0.011	0.009	0.022	0.214	0.088	0.045	0.077	2.959	0.462	0.000	0.078	-1651.533
21	6	314	219	0.6354	0.101	0.480	0.042	0.014	0.009	0.109	0.504	0.067	0.140	0.075	8.017	0.771	0.049	0.055	-2531.060
21	6	412	308	0.5006	0.067	0.396	0.027	0.005	0.007	0.024	0.353	0.109	0.140	0.127	2.715	0.594	0.095	0.098	-3470.531
21	6	437	162	0.6323	0.040	0.138	0.011	0.000	0.000	0.019	0.135	0.019	0.044	0.013	3.853	0.823	0.014	0.015	-2408.965
21	6	274	222	0.4543	0.335	0.659	0.021	0.004	0.000	0.032	0.290	0.138	0.105	0.291	2.399	0.686	0.091	0.078	-2446.540
21	6	155	141	0.5748	0.098	0.859	0.000	0.013	0.000	0.158	0.432	0.037	0.223	0.101	2.487	0.277	0.119	0.100	-1514.459
21	6	486	305	0.5162	0.159	0.270	0.008	0.002	0.004	0.060	0.339	0.068	0.112	0.184	3.507	0.777	0.033	0.028	-3626.126
21	6	574	409	0.4996	0.173	0.340	0.027	0.011	0.010	0.040	0.499	0.111	0.261	0.168	3.245	0.687	0.096	0.059	-5014.591
21	6	1322	692	0.4163	0.166	0.163	0.024	0.006	0.008	0.055	0.365	0.118	0.148	0.126	3.292	0.737	0.176	0.075	-10737.257
21	6	216	177	0.5622	0.089	0.435	0.028	0.008	0.011	0.072	0.424	0.128	0.141	0.120	3.866	0.474	0.103	0.094	-1902.313
21	6	777	357	0.4477	0.060	0.096	0.005	0.004	0.012	0.027	0.204	0.095	0.078	0.074	3.488	0.803	0.076	0.036	-5120.343
21	6	568	337	0.5849	0.143	0.179	0.019	0.000	0.013	0.032	0.297	0.072	0.059	0.165	4.329	0.709	0.068	0.102	-4233.898
21	6	845	412	0.4872	0.090	0.163	0.018	0.007	0.005	0.037	0.351	0.071	0.094	0.065	2.765	0.862	0.063	0.036	-5972.209
21	6	443	212	0.5197	0.056	0.134	0.021	0.004	0.013	0.031	0.196	0.061	0.080	0.087	2.277	0.780	0.068	0.024	-2914.158
21	6	577	260	0.4478	0.060	0.073	0.020	0.007	0.000	0.022	0.246	0.078	0.074	0.095	3.793	0.572	0.023	0.048	-3785.032
21	6	783	452	0.4504	0.080	0.246	0.011	0.011	0.006	0.056	0.390	0.164	0.110	0.139	3.098	0.762	0.112	0.071	-6307.236
21	6	430	222	0.5948	0.000	0.026	0.037	0.003	0.015	0.052	0.449	0.065	0.099	0.398	4.422	0.701	0.054	0.030	-3059.299
21	6	323	242	0.5760	0.476	0.229	0.044	0.009	0.027	0.046	0.900	0.170	0.163	0.482	5.851	0.573	0.167	0.050	-2995.562
21	6	483	209	0.3825	0.007	0.080	0.016	0.000	0.002	0.011	0.233	0.065	0.084	0.050	3.947	0.466	0.004	0.040	-2928.477
21	6	324	240	0.4814	0.209	0.433	0.000	0.000	0.123	0.073	0.402	0.120	0.062	0.125	2.910	0.571	0.095	0.029	-2644.434
21	6	306	216	0.5909	0.093	0.392	0.021	0.004	0.003	0.041	0.276	0.177	0.096	0.113	3.427	0.642	0.094	0.053	-2432.829
21	6	157	128	0.5318	0.035	0.346	0.070	0.000	0.007	0.066	0.306	0.033	0.082	0.062	3.669	0.501	0.028	0.100	-1193.477
21	6	208	131	0.5662	0.026	0.202	0.013	0.010	0.004	0.023	0.146	0.035	0.047	0.069	2.538	0.762	0.051	0.004	-1289.005
21	6	257	159	0.6169	0.088	0.084	0.045	0.003	0.020	0.011	0.378	0.082	0.024	0.116	2.389	0.986	0.014	0.065	-1782.909
21	6	695	437	0.5634	0.132	0.216	0.029	0.017	0.008	0.035	0.308	0.131	0.150	0.125	3.858	0.729	0.079	0.089	-5569.407
21	6	736	281	0.4220	0.073	0.094	0.014	0.003	0.011	0.019	0.169	0.046	0.051	0.014	3.622	0.727	0.046	0.056	-4542.112
21	6	511	301	0.5838	0.134	0.070	0.025	0.014	0.004	0.018	0.234	0.085	0.118	0.101	3.879	0.721	0.137	0.086	-3684.146
21	6	372	107	0.6640	0.038	0.039	0.014	0.003	0.000	0.000	0.064	0.020	0.008	0.006	9.560	0.891	0.021	0.014	-1729.955
21	6	495	221	0.5882	0.078	0.102	0.050	0.009	0.004	0.022	0.272	0.052	0.012	0.128	4.670	0.994	0.006	0.011	-2963.303
21	6	444	266	0.5884	0.083	0.343	0.028	0.023	0.004	0.049	0.466	0.035	0.075	0.033	4.111	0.839	0.050	0.024	-3170.071
21	6	576	362	0.4111	0.089	0.373	0.000	0.046	0.016	0.043	0.308	0.233	0.061	0.122	2.893	0.415	0.426	0.021	-4577.735
21	6	320	207	0.5498	0.009	0.811	0.051	0.006	0.003	0.040	0.251	0.125	0.124	0.008	1.540	0.780	0.059	0.006	-2475.425
21	6	142	115	0.5160	2.143	0.000	0.000	0.023	0.006	0.076	0.997	0.062	0.058	2.096	3.832	0.922	0.074	0.042	-1219.731
21	6	273	165	0.6066	0.033	0.067	0.036	0.007	0.004	0.014	0.388	0.009	0.072	0.027	4.217	0.249	0.008	0.107	-1725.157
21	6	324	228	0.5025	0.109	0.248	0.044	0.000	0.044	0.005	0.296	0.077	0.069	0.133	2.356	0.569	0.182	0.000	-2484.208
21	6	638	293	0.4414	0.047	0.110	0.019	0.003	0.005	0.027	0.360	0.113	0.099	0.042	1.962	0.813	0.023	0.022	-4212.324
21	6	629	275	0.4819	0.039	0.096	0.013	0.000	0.003	0.018	0.186	0.049	0.065	0.093	2.927	0.745	0.052	0.011	-3931.667
21	6	333	217	0.5755	0.122	0.277	0.017	0.011	0.005	0.024	0.361	0.115	0.145	0.080	3.220	0.683	0.087	0.039	-2535.523
21	6	516	284	0.4639	0.037	0.165	0.010	0.017	0.014	0.029	0.291	0.078	0.067	0.119	3.363	0.718	0.282	0.069	-3747.385
21	6	684	288	0.4353	0.005	0.073	0.013	0.003	0.003	0.027	0.209	0.116	0.084	0.097	3.084	0.840	0.038	0.023	-4369.335
21	6	375	313	0.4785	0.114	0.533	0.044	0.019	0.015	0.068	0.619	0.128	0.199	0.147	3.113	0.369	0.350	0.094	-3722.843
21	6	311	218	0.5006	0.071	0.287	0.032	0.007	0.019	0.118	0.439	0.052	0.163	0.128	2.584	0.673	0.031	0.027	-2476.304
21	6	456	255	0.5535	0.087	0.202	0.050	0.009	0.002	0.036	0.297	0.130	0.078	0.127	7.246	0.759	0.117	0.019	-3236.185
21	6	378	262	0.6128	0.067	0.496	0.078	0.011	0.009	0.034	0.524	0.119	0.122	0.075	3.145	0.679	0.114	0.052	-3229.219
21	6	229	187	0.5853	0.110	0.504	0.031	0.000	0.000	0.064	0.469	0.129	0.137	0.077	4.045	0.694	0.074	0.061	-1881.134
21	6	321	223	0.4273	0.099	0.221	0.034	0.006	0.003	0.035	0.279	0.116	0.071	0.025	3.281	0.699	0.081	0.089	-2357.765
21	6	457	281	0.6188	0.076	0.344	0.035	0.000	0.007	0.052	0.314	0.046	0.052	0.132	4.189	0.826	0.017	0.016	-3212.652
21	6	384	265	0.5035	0.130	0.170	0.086	0.005	0.010	0.038	0.362	0.092	0.092	0.117	2.817	0.706	0.087	0.087	-3075.452
21	6	609	365	0.4595	0.087	0.232	0.023	0.002	0.003	0.019	0.307	0.249	0.117	0.133	3.269	0.679	0.196	0.032	-4372.077
21	6	330	226	0.4212	0.051	0.291	0.056	0.006	0.004	0.047	0.353	0.115	0.109	0.087	3.688	0.276	0.079	0.024	-2658.877
21	6	810	323	0.4216	0.073	0.111	0.015	0.002	0.007	0.021	0.204	0.053	0.135	0.006	2.948	0.820	0.009	0.039	-5104.566
21	6	193	117	0.3831	0.009	0.159	0.000	0.000	0.005	0.005	0.216	0.098	0.037	0.059	3.578	0.560	0.054	0.014	-1199.695
21	6	388	269	0.5231	0.127	0.239	0.036	0.013	0.018	0.029	0.318	0.113	0.091	0.152	3.969	0.453	0.061	0.137	-3190.422
21	6	531	279	0.4589	0.072	0.126	0.017	0.002	0.002	0.032	0.250	0.136	0.070	0.027	2.770	0.776	0.033	0.037	-3535.132
21	6	592	226	0.4766	0.044	0.083	0.012	0.008	0.004	0.029	0.188	0.039	0.051	0.027	2.504	0.825	0.021	0.005	-3555.162
21	6	367	227	0.5623	0.116	0.187	0.017	0.011	0.003	0.051	0.249	0.133	0.062	0.106	4.099	0.592	0.039	0.043	-2647.653
21	6	391	154	0.5537	0.009	0.107	0.029	0.003	0.005	0.016	0.138	0.019	0.030	0.019	3.562	0.616	0.042	0.004	-2218.134
21	6	691	299	0.4792	0.029	0.084	0.018	0.005	0.007	0.018	0.172	0.078	0.077	0.065	4.040	0.747	0.001	0.064	-4355.134
21	6	234	147	0.5921	0.110	0.072	0.011	0.000	0.021	0.042	0.347	0.118	0.000	0.110	4.249	0.751	0.042	0.027	-1559.843
21	6	253	140	0.4504	0.033	0.053	0.012	0.000	0.000	0.030	0.291	0.133	0.076	0.040	3.622	0.969	0.031	0.021	-1572.260
21	6	459	375	0.5979	0.204	0.688	0.095	0.002	0.005	0.119	0.619	0.147	0.196	0.213	3.253	0.538	0.303	0.131	-4763.693
21	6	1148	584	0.4564	0.080	0.150	0.028	0.007	0.006	0.035	0.424	0.148	0.091	0.079	3.689	0.709	0.037	0.102	-8747.979
21	6	383	316	0.5717	0.268	0.506	0.058	0.006	0.025	0.070	0.506	0.134	0.139	0.238	4.587	0.522	0.326	0.070	-3658.468
21	6	690	383	0.6043	0.092	0.286	0.019	0.011	0.010	0.048	0.337	0.079	0.110	0.146	4.805	0.817	0.093	0.034	-5186.406
21	6	546	277	0.4935	0.087	0.072	0.015	0.013	0.004	0.023	0.338	0.101	0.112	0.116	2.695	0.954	0.024	0.051	-3809.692
21	6	495	368	0.4344	0.214	0.185	0.049	0.013	0.006	0.091	0.735	0.161	0.205	0.192	3.368	0.676	0.186	0.077	-4562.071
21	6	122	82	0.5501	0.151	0.260	0.000	0.009	0.000	0.000	0.187	0.015	0.105	0.186	3.451	0.121	0.015	0.074	-812.270
21	6	329	261	0.5563	0.180	0.308	0.053	0.006	0.016	0.050	0.475	0.174	0.124	0.123	3.903	0.492	0.069	0.128	-2932.040
21	6	358	194	0.6196	0.073	0.250	0.009	0.000	0.003	0.047	0.212	0.075	0.036	0.078	4.191	0.693	0.030	0.019	-2392.466
21	6	611	396	0.4971	0.102	0.268	0.010	0.008	0.003	0.047	0.300	0.187	0.150	0.151	3.242	0.709	0.090	0.083	-4970.678
21	6	479	314	0.4539	0.130	0.212	0.025	0.002	0.007	0.037	0.967	0.061	0.265	0.137	2.863	0.700	0.104	0.048	-4031.954
21	6	430	225	0.6176	0.083	0.175	0.006	0.013	0.010	0.041	0.322	0.051	0.076	0.032	3.490	0.695	0.076	0.029	-2925.596
21	6	1029	416	0.4854	0.092	0.114	0.019	0.003	0.006	0.022	0.278	0.059	0.054	0.035	2.700	0.880	0.044	0.021	-6760.736
21	6	1927	738	0.4771	0.067	0.116	0.016	0.004	0.007	0.032	0.416	0.119	0.079	0.075	3.034	0.872	0.064	0.045	-13874.533
21	6	682	403	0.4919	0.088	0.243	0.047	0.010	0.013	0.059	0.243	0.069	0.101	0.141	3.027	0.782	0.047	0.069	-5292.266
21	6	600	348	0.6608	0.196	0.177	0.025	0.008	0.016	0.080	0.384	0.095	0.083	0.202	4.363	0.789	0.071	0.043	-4565.123
21	6	677	294	0.4710	0.098	0.093	0.019	0.000	0.006	0.022	0.255	0.053	0.047	0.027	3.027	0.809	0.018	0.009	-4166.390
21	6	696	305	0.4183	0.090	0.104	0.013	0.006	0.006	0.020	0.215	0.094	0.101	0.035	3.200	0.841	0.028	0.031	-4506.323
21	6	519	320	0.5022	0.088	0.369	0.046	0.010	0.006	0.036	0.382	0.088	0.103	0.098	2.951	0.821	0.021	0.024	-3959.113
21	6	925	542	0.5611	0.189	0.263	0.041	0.010	0.009	0.048	0.343	0.093	0.137	0.187	4.143	0.710	0.061	0.051	-7450.827
21	6	566	176	0.4507	0.062	0.026	0.012	0.000	0.002	0.006	0.088	0.049	0.034	0.000	4.065	0.000	0.000	0.051	-3056.566
21	6	768	313	0.5596	0.041	0.125	0.015	0.006	0.007	0.023	0.157	0.028	0.080	0.054	3.658	0.769	0.038	0.037	-4801.449
21	6	210	144	0.6103	0.089	0.455	0.011	0.005	0.005	0.041	0.614	0.007	0.077	0.010	2.551	0.759	0.033	0.034	-1529.409
21	6	457	322	0.6546	0.139	0.468	0.036	0.008	0.014	0.080	0.786	0.158	0.076	0.075	3.278	0.803	0.115	0.046	-3987.367
21	6	819	485	0.5092	0.091	0.170	0.035	0.009	0.002	0.043	0.399	0.066	0.116	0.156	3.568	0.738	0.180	0.066	-6429.713
21	6	502	322	0.4542	0.098	0.123	0.016	0.004	0.002	0.038	0.287	0.139	0.084	0.100	2.632	0.560	0.086	0.112	-3760.634
21	6	349	231	0.5487	0.092	0.304	0.031	0.006	0.006	0.026	0.385	0.094	0.062	0.060	3.952	0.572	0.123	0.063	-2689.342
21	6	288	217	0.5815	0.195	0.659	0.118	0.023	0.006	0.061	0.696	0.091	0.101	0.236	4.628	0.609	0.125	0.043	-2629.214
21	6	242	181	0.5556	0.071	0.671	0.077	0.012	0.000	0.009	0.335	0.085	0.132	0.068	5.127	0.598	0.113	0.042	-2008.135
21	6	1164	622	0.5093	0.142	0.142	0.027	0.005	0.013	0.042	0.366	0.121	0.103	0.058	2.805	0.769	0.088	0.062	-8821.540
21	6	400	249	0.3948	0.082	0.148	0.035	0.003	0.000	0.039	0.312	0.105	0.100	0.077	3.805	0.340	0.040	0.150	-3019.621
21	6	212	159	0.4421	0.096	0.385	0.006	0.010	0.005	0.046	0.433	0.127	0.076	0.089	3.067	0.567	0.129	0.047	-1711.415
21	6	386	182	0.4761	0.024	0.131	0.011	0.000	0.005	0.022	0.204	0.051	0.064	0.027	3.337	0.681	0.047	0.000	-2384.366
21	6	396	235	0.6009	0.171	0.067	0.013	0.000	0.003	0.046	0.272	0.150	0.174	0.177	4.232	0.720	0.040	0.053	-2879.504
21	6	377	247	0.5878	0.204	0.154	0.027	0.011	0.008	0.045	0.359	0.063	0.096	0.121	3.490	0.756	0.075	0.070	-2907.346
21	6	391	171	0.4041	0.101	0.097	0.008	0.000	0.003	0.019	0.181	0.059	0.048	0.038	2.510	0.706	0.030	0.000	-2331.715
21	6	334	218	0.4665	0.161	0.023	0.013	0.000	0.003	0.037	0.609	0.183	0.060	0.094	3.856	0.000	0.000	0.034	-2312.752
21	6	314	204	0.5650	0.038	0.279	0.016	0.006	0.004	0.040	0.258	0.098	0.078	0.070	3.250	0.633	0.065	0.054	-2278.587
21	6	237	213	0.4354	0.285	0.493	0.014	0.000	0.022	0.098	0.431	0.095	0.168	0.189	3.028	0.359	0.235	0.212	-2306.260
21	6	357	238	0.5213	0.084	0.372	0.039	0.012	0.020	0.037	0.459	0.111	0.153	0.093	3.229	0.699	0.155	0.032	-2941.871
21	6	449	328	0.5349	0.115	0.309	0.070	0.002	0.005	0.037	0.430	0.116	0.110	0.151	2.727	0.652	0.151	0.127	-3915.825
21	6	519	357	0.4107	0.130	0.268	0.017	0.004	0.006	0.047	0.544	0.154	0.125	0.092	3.437	0.402	0.136	0.102	-4483.840
21	6	443	191	0.6212	0.054	0.070	0.022	0.012	0.002	0.016	0.127	0.075	0.039	0.058	5.100	0.339	0.086	0.011	-2741.493
21	6	354	143	0.5725	0.030	0.085	0.000	0.006	0.003	0.012	0.063	0.011	0.021	0.000	1.931	0.721	0.000	0.027	-1842.892
21	6	455	337	0.4322	0.087	0.284	0.043	0.014	0.005	0.046	0.540	0.102	0.141	0.163	3.132	0.478	0.101	0.097	-3984.909
21	6	242	222	0.4323	0.077	0.856	0.048	0.013	0.013	0.019	0.961	0.161	0.156	0.117	2.937	0.161	0.353	0.000	-2538.171
21	6	851	479	0.4961	0.178	0.198	0.023	0.005	0.005	0.039	0.308	0.084	0.132	0.189	3.795	0.742	0.160	0.051	-6702.834
21	6	828	440	0.4659	0.102	0.159	0.024	0.005	0.005	0.052	0.244	0.083	0.080	0.181	2.781	0.784	0.066	0.060	-6144.795
21	6	422	263	0.5952	0.152	0.249	0.014	0.011	0.006	0.065	0.451	0.103	0.061	0.124	4.978	0.712	0.090	0.048	-3236.601
21	6	410	288	0.5305	0.137	0.252	0.015	0.005	0.002	0.052	0.322	0.223	0.115	0.118	3.465	0.587	0.201	0.076	-3494.434
21	6	308	259	0.5976	0.253	0.542	0.084	0.040	0.011	0.056	0.609	0.140	0.248	0.247	3.929	0.489	0.235	0.104	-3165.974
21	6	491	331	0.5763	0.192	0.176	0.022	0.006	0.007	0.038	0.392	0.126	0.097	0.169	3.722	0.707	0.161	0.075	-3926.435
21	6	883	341	0.5108	0.072	0.092	0.012	0.000	0.001	0.017	0.181	0.097	0.072	0.059	3.907	0.840	0.009	0.011	-5393.573
21	6	263	178	0.4800	0.063	0.193	0.006	0.000	0.008	0.010	0.562	0.213	0.096	0.054	3.211	0.678	0.081	0.022	-1939.206
21	6	297	183	0.4433	0.051	0.204	0.024	0.007	0.010	0.011	0.157	0.087	0.072	0.087	3.103	0.660	0.016	0.024	-2004.667
21	6	618	351	0.5175	0.110	0.217	0.029	0.009	0.008	0.056	0.281	0.108	0.084	0.084	2.703	0.740	0.049	0.060	-4694.826
21	6	689	384	0.5223	0.160	0.187	0.016	0.007	0.007	0.023	0.247	0.116	0.129	0.151	3.316	0.709	0.098	0.059	-5310.945
21	6	620	407	0.4374	0.139	0.160	0.024	0.008	0.008	0.033	0.414	0.122	0.104	0.190	3.698	0.346	0.098	0.154	-5225.900
21	6	691	465	0.5490	0.106	0.229	0.018	0.012	0.014	0.047	0.460	0.149	0.149	0.147	2.328	0.604	0.102	0.109	-6032.931
21	6	228	97	0.6187	0.000	0.000	0.008	0.000	0.000	0.000	0.029	0.009	0.018	0.092	2.658	0.748	0.252	0.000	-1093.459
21	6	763	463	0.6268	0.156	0.218	0.033	0.019	0.005	0.057	0.426	0.109	0.135	0.143	4.887	0.714	0.101	0.067	-6087.529
21	6	105	87	0.5178	0.133	0.340	0.025	0.048	0.000	0.066	0.209	0.000	0.061	0.150	9.096	0.000	0.000	0.042	-789.392
21	6	214	149	0.4782	0.025	0.061	0.025	0.014	0.010	0.004	0.217	0.125	0.106	0.077	4.574	0.637	0.040	0.070	-1441.129
21	6	304	225	0.5049	0.159	0.281	0.014	0.014	0.007	0.031	0.347	0.062	0.122	0.135	2.834	0.665	0.099	0.045	-2408.262
21	6	175	150	0.4863	0.160	0.506	0.031	0.018	0.005	0.066	0.341	0.067	0.263	0.178	2.928	0.317	0.127	0.033	-1636.436
21	6	446	317	0.5710	0.259	0.282	0.004	0.010	0.005	0.070	0.479	0.084	0.121	0.247	3.615	0.617	0.151	0.065	-3830.588
21	6	512	276	0.4502	0.056	0.148	0.031	0.008	0.010	0.004	0.337	0.070	0.165	0.123	4.930	0.659	0.085	0.040	-3687.497
21	6	133	119	0.6023	0.367	0.656	0.077	0.000	0.025	0.169	0.622	0.169	0.016	0.318	3.257	0.295	0.118	0.079	-1353.795
21	6	421	240	0.6003	0.071	0.238	0.015	0.000	0.015	0.050	0.229	0.063	0.137	0.085	6.518	0.825	0.043	0.033	-2862.113
21	6	264	171	0.5502	0.107	0.280	0.012	0.000	0.004	0.060	0.305	0.080	0.125	0.037	3.029	0.676	0.063	0.022	-1938.969
21	6	1224	542	0.5075	0.073	0.104	0.018	0.003	0.001	0.035	0.230	0.093	0.085	0.084	3.874	0.754	0.059	0.071	-8229.228
21	6	788	335	0.5376	0.088	0.133	0.017	0.005	0.005	0.022	0.226	0.050	0.086	0.063	3.624	0.854	0.036	0.009	-5011.320
21	6	583	382	0.5413	0.141	0.122	0.016	0.009	0.007	0.037	0.453	0.190	0.198	0.187	4.056	0.603	0.068	0.069	-4766.539
21	6	223	171	0.6847	0.221	0.072	0.069	0.008	0.025	0.079	0.645	0.081	0.122	0.208	3.425	0.000	0.000	0.062	-1851.242
21	6	138	130	0.6090	0.234	0.623	0.099	0.007	0.008	0.001	0.689	0.292	0.180	0.208	5.223	0.584	0.183	0.206	-1393.421
21	6	261	169	0.5338	0.081	0.166	0.017	0.008	0.004	0.019	0.290	0.056	0.065	0.114	2.476	0.375	0.025	0.037	-1854.318
21	6	783	477	0.4366	0.159	0.303	0.016	0.005	0.004	0.028	0.326	0.099	0.111	0.117	2.883	0.513	0.116	0.089	-6354.858
21	6	396	237	0.5563	0.124	0.121	0.022	0.010	0.011	0.018	0.316	0.061	0.081	0.198	3.618	0.676	0.022	0.039	-2804.628
21	6	376	176	0.4992	0.057	0.164	0.000	0.003	0.000	0.016	0.123	0.075	0.036	0.030	3.074	0.683	0.036	0.000	-2270.899
21	6	445	292	0.6648	0.202	0.414	0.029	0.005	0.012	0.060	0.889	0.106	0.120	0.224	5.539	0.747	0.129	0.033	-3730.213
21	6	472	196	0.4557	0.017	0.124	0.013	0.007	0.000	0.025	0.106	0.031	0.044	0.074	3.522	0.690	0.040	0.015	-2814.363
21	6	274	211	0.5217	0.132	0.354	0.024	0.011	0.004	0.084	0.366	0.082	0.095	0.149	2.671	0.477	0.086	0.134	-2383.047
21	6	636	259	0.5874	0.074	0.076	0.015	0.000	0.003	0.024	0.171	0.048	0.083	0.034	4.712	0.819	0.010	0.040	-3871.363
21	6	189	149	0.5144	0.084	0.581	0.000	0.011	0.005	0.050	0.511	0.037	0.103	0.080	2.876	0.576	0.024	0.087	-1508.738
21	6	515	322	0.4691	0.064	0.174	0.025	0.010	0.015	0.034	0.407	0.136	0.124	0.120	3.138	0.572	0.078	0.070	-4062.853
21	6	1142	439	0.4592	0.063	0.118	0.019	0.006	0.004	0.027	0.207	0.060	0.070	0.055	3.499	0.724	0.086	0.063	-7553.643
21	6	381	242	0.5336	0.050	0.293	0.009	0.009	0.003	0.042	0.256	0.078	0.047	0.079	4.034	0.658	0.081	0.018	-2725.050
21	6	348	151	0.5255	0.036	0.095	0.007	0.000	0.000	0.023	0.077	0.057	0.037	0.000	2.487	0.776	0.000	0.097	-1966.176
21	6	337	241	0.6045	0.113	0.307	0.036	0.010	0.016	0.050	0.434	0.157	0.046	0.138	2.901	0.541	0.126	0.048	-2767.828
21	6	669	411	0.6422	0.108	0.467	0.064	0.011	0.002	0.055	0.538	0.075	0.090	0.123	3.746	0.859	0.079	0.020	-5242.319
21	6	298	242	0.5240	0.187	0.511	0.039	0.009	0.018	0.058	0.498	0.074	0.126	0.200	3.027	0.592	0.192	0.075	-2717.593
21	6	452	314	0.5248	0.123	0.291	0.050	0.009	0.004	0.053	0.330	0.116	0.097	0.087	3.587	0.502	0.286	0.125	-3796.863
21	6	363	210	0.6279	0.137	0.079	0.019	0.014	0.003	0.030	0.288	0.037	0.077	0.112	3.377	0.981	0.019	0.058	-2456.770
21	6	657	345	0.5121	0.141	0.115	0.025	0.006	0.003	0.034	0.237	0.080	0.076	0.163	3.315	0.779	0.056	0.039	-4675.761
21	6	183	140	0.5085	0.093	0.240	0.077	0.003	0.024	0.000	0.298	0.060	0.201	0.126	2.861	0.498	0.051	0.100	-1436.321
21	6	320	196	0.5510	0.083	0.289	0.011	0.010	0.006	0.033	0.212	0.059	0.070	0.101	5.221	0.680	0.032	0.011	-2156.139
21	6	407	139	0.4968	0.004	0.083	0.000	0.003	0.000	0.010	0.089	0.030	0.062	0.011	2.938	0.690	0.106	0.000	-2185.248
21	6	880	415	0.4457	0.074	0.105	0.010	0.009	0.009	0.027	0.204	0.073	0.073	0.077	2.512	0.826	0.023	0.061	-5862.927
21	6	380	270	0.5167	0.141	0.261	0.032	0.013	0.005	0.041	0.639	0.137	0.119	0.131	3.507	0.743	0.035	0.061	-3124.418
21	6	497	337	0.6042	0.104	0.519	0.052	0.000	0.000	0.041	0.404	0.118	0.132	0.098	3.887	0.643	0.205	0.051	-4171.244
21	6	339	197	0.5138	0.064	0.070	0.013	0.006	0.000	0.052	0.342	0.084	0.023	0.126	5.804	0.965	0.035	0.058	-2254.594
21	6	1055	684	0.4077	0.111	0.214	0.031	0.005	0.006	0.037	0.516	0.141	0.169	0.112	3.796	0.601	0.166	0.112	-8883.128
21	6	159	123	0.4400	0.073	0.150	0.032	0.006	0.000	0.022	0.380	0.034	0.069	0.043	1.649	0.069	0.002	0.053	-1071.787
21	6	214	171	0.6500	0.145	0.509	0.085	0.017	0.030	0.075	0.263	0.075	0.057	0.152	4.277	0.633	0.033	0.049	-1741.420
21	6	459	195	0.4994	0.010	0.127	0.007	0.007	0.000	0.013	0.149	0.048	0.042	0.032	2.934	0.804	0.019	0.033	-2688.759
21	6	497	250	0.6230	0.089	0.294	0.015	0.009	0.012	0.073	0.264	0.117	0.019	0.089	5.867	0.876	0.021	0.007	-3155.690
21	6	470	352	0.6544	0.396	0.228	0.065	0.016	0.000	0.056	0.805	0.111	0.083	0.349	4.074	0.842	0.078	0.073	-3973.174
21	6	527	344	0.4399	0.140	0.282	0.011	0.012	0.004	0.062	0.411	0.143	0.246	0.095	3.153	0.615	0.178	0.028	-4414.034
21	6	333	170	0.4326	0.009	0.112	0.020	0.006	0.003	0.015	0.165	0.077	0.067	0.039	7.279	0.510	0.023	0.065	-2036.658
21	6	603	390	0.4462	0.145	0.242	0.038	0.016	0.008	0.031	0.434	0.078	0.174	0.113	3.174	0.620	0.187	0.064	-5069.901
21	6	402	298	0.6438	0.186	0.401	0.029	0.004	0.014	0.125	0.668	0.212	0.113	0.162	3.646	0.729	0.090	0.109	-3704.657
21	6	381	321	0.6377	0.108	0.751	0.064	0.016	0.015	0.079	1.026	0.222	0.226	0.097	3.122	0.622	0.200	0.067	-3875.478
21	6	342	222	0.4566	0.115	0.083	0.016	0.006	0.000	0.030	0.311	0.137	0.129	0.092	2.006	0.784	0.026	0.063	-2487.928
21	6	449	291	0.5496	0.100	0.327	0.011	0.002	0.005	0.038	0.293	0.148	0.119	0.121	3.379	0.726	0.140	0.076	-3625.466
21	6	623	263	0.4516	0.031	0.093	0.010	0.002	0.000	0.027	0.188	0.097	0.070	0.026	2.634	0.765	0.029	0.020	-3837.944
21	6	304	198	0.6057	0.103	0.308	0.088	0.000	0.011	0.082	0.203	0.054	0.084	0.160	4.540	0.684	0.064	0.042	-2316.495
21	6	281	198	0.6321	0.143	0.367	0.019	0.009	0.039	0.048	0.295	0.090	0.042	0.091	5.001	0.204	0.151	0.000	-2296.113
21	6	251	172	0.5358	0.113	0.130	0.017	0.000	0.004	0.032	0.385	0.038	0.122	0.082	2.921	0.419	0.030	0.019	-1769.633
21	6	437	308	0.4211	0.104	0.256	0.022	0.005	0.009	0.048	0.459	0.192	0.167	0.100	2.921	0.587	0.100	0.074	-3707.152
21	6	278	225	0.6254	0.233	0.394	0.047	0.015	0.000	0.053	0.383	0.131	0.129	0.161	3.869	0.521	0.164	0.088	-2492.067
21	6	326	189	0.3838	0.055	0.185	0.039	0.003	0.000	0.009	0.210	0.150	0.071	0.070	2.595	0.752	0.041	0.011	-2161.340
21	6	329	275	0.5431	0.171	0.671	0.087	0.012	0.013	0.079	1.302	0.278	0.171	0.203	3.242	0.607	0.163	0.096	-3418.645
21	6	680	268	0.5345	0.050	0.108	0.008	0.003	0.006	0.021	0.155	0.071	0.034	0.056	4.574	0.773	0.070	0.030	-4216.795
21	6	192	170	0.5111	0.160	0.552	0.020	0.000	0.011	0.029	0.331	0.093	0.115	0.160	3.320	0.479	0.062	0.124	-1671.860
21	6	661	316	0.4504	0.085	0.165	0.015	0.006	0.005	0.029	0.285	0.131	0.034	0.094	2.429	0.834	0.024	0.013	-4412.953
21	6	300	203	0.5822	0.078	0.214	0.045	0.000	0.007	0.030	0.204	0.097	0.072	0.149	3.160	0.395	0.089	0.030	-2239.653
21	6	334	236	0.5797	0.045	0.303	0.044	0.015	0.007	0.059	0.422	0.116	0.096	0.103	2.724	0.615	0.101	0.031	-2716.918
21	6	209	161	0.6197	0.178	0.213	0.027	0.000	0.005	0.060	0.469	0.134	0.077	0.159	2.868	0.285	0.020	0.121	-1723.148
21	6	583	333	0.4268	0.070	0.125	0.015	0.007	0.005	0.017	0.314	0.143	0.188	0.037	2.577	0.773	0.128	0.094	-4392.706
21	6	918	505	0.6350	0.105	0.227	0.061	0.011	0.021	0.050	0.358	0.100	0.090	0.162	4.707	0.757	0.126	0.067	-7382.157
21	6	352	157	0.6649	0.034	0.067	0.010	0.003	0.006	0.035	0.326	0.012	0.062	0.057	2.975	0.907	0.029	0.023	-2030.299
21	6	1107	585	0.4897	0.232	0.168	0.032	0.009	0.008	0.026	0.368	0.122	0.124	0.210	3.408	0.900	0.045	0.043	-8597.909
21	6	564	337	0.4005	0.098	0.161	0.012	0.011	0.005	0.049	0.451	0.137	0.142	0.103	3.473	0.705	0.129	0.065	-4456.259
21	6	454	283	0.4906	0.163	0.178	0.013	0.001	0.006	0.042	0.262	0.073	0.119	0.175	3.418	0.607	0.084	0.061	-3464.448
21	6	425	255	0.6060	0.289	0.327	0.011	0.005	0.000	0.065	0.203	0.031	0.066	0.225	2.604	0.837	0.027	0.045	-3096.388
21	6	1176	471	0.4820	0.097	0.083	0.011	0.004	0.004	0.019	0.239	0.093	0.068	0.026	3.653	0.958	0.042	0.096	-7745.931
21	6	531	344	0.5293	0.080	0.240	0.027	0.011	0.006	0.031	0.488	0.099	0.101	0.117	4.067	0.812	0.093	0.056	-4095.526
21	6	541	288	0.4041	0.067	0.185	0.018	0.002	0.008	0.044	0.236	0.097	0.079	0.023	3.211	0.722	0.049	0.050	-3741.851
21	6	323	280	0.4793	0.201	0.205	0.048	0.009	0.026	0.086	0.769	0.163	0.240	0.133	4.632	0.000	0.000	0.161	-3202.036
21	6	482	340	0.6681	0.316	0.419	0.047	0.011	0.018	0.068	0.554	0.168	0.070	0.308	6.090	0.747	0.118	0.054	-4147.190
21	6	280	224	0.6191	0.243	0.370	0.057	0.004	0.003	0.065	0.364	0.119	0.123	0.215	4.499	0.586	0.126	0.097	-2438.974
21	6	989	594	0.5347	0.166	0.164	0.030	0.008	0.008	0.047	0.390	0.092	0.116	0.162	5.638	0.572	0.207	0.108	-7824.979
21	6	304	220	0.5662	0.048	0.129	0.011	0.004	0.009	0.062	0.414	0.193	0.192	0.119	2.750	0.706	0.083	0.070	-2459.950
21	6	415	234	0.4962	0.107	0.111	0.017	0.003	0.007	0.026	0.289	0.109	0.076	0.067	2.368	0.667	0.017	0.049	-2838.093
21	6	338	251	0.4434	0.083	0.678	0.018	0.022	0.031	0.036	0.562	0.128	0.074	0.101	3.309	0.392	0.371	0.012	-3118.691
21	6	386	168	0.6407	0.025	0.126	0.049	0.005	0.000	0.006	0.224	0.114	0.004	0.041	5.618	0.796	0.045	0.001	-2256.123
21	6	285	191	0.5582	0.109	0.323	0.051	0.004	0.007	0.016	0.230	0.095	0.079	0.057	4.231	0.681	0.070	0.029	-2055.112
21	6	346	304	0.5547	0.188	0.894	0.047	0.015	0.012	0.076	0.765	0.159	0.080	0.205	4.026	0.436	0.325	0.034	-3506.550
21	6	1643	1008	0.3830	0.191	0.163	0.032	0.009	0.007	0.051	0.552	0.148	0.155	0.156	3.009	0.674	0.230	0.148	-14470.270
21	6	434	322	0.5462	0.179	0.216	0.000	0.017	0.007	0.040	0.478	0.135	0.158	0.166	4.411	0.733	0.199	0.150	-3682.634
21	6	297	195	0.5039	0.122	0.066	0.003	0.007	0.003	0.042	0.312	0.148	0.165	0.112	2.758	0.943	0.057	0.014	-2095.702
21	6	293	226	0.5651	0.464	0.262	0.002	0.026	0.014	0.106	0.409	0.136	0.099	0.448	4.607	0.407	0.150	0.047	-2634.633
21	6	490	318	0.5271	0.079	0.290	0.036	0.006	0.019	0.063	0.415	0.101	0.128	0.122	3.290	0.741	0.100	0.050	-3990.662
21	6	427	252	0.5058	0.087	0.213	0.046	0.014	0.010	0.019	0.225	0.075	0.050	0.100	3.438	0.650	0.067	0.022	-3029.287
21	6	417	241	0.5631	0.082	0.175	0.027	0.014	0.008	0.059	0.294	0.042	0.111	0.089	3.797	0.784	0.063	0.051	-3020.922
21	6	496	200	0.5280	0.087	0.097	0.004	0.000	0.004	0.008	0.084	0.048	0.054	0.023	3.566	0.745	0.014	0.005	-2824.415
21	6	777	413	0.5996	0.114	0.231	0.042	0.012	0.009	0.056	0.332	0.109	0.080	0.136	5.210	0.848	0.078	0.031	-5746.077
21	6	636	274	0.4383	0.059	0.094	0.019	0.002	0.004	0.030	0.223	0.035	0.077	0.086	3.301	0.765	0.044	0.008	-4045.690
21	6	363	273	0.6005	0.142	0.456	0.062	0.003	0.005	0.086	0.552	0.170	0.096	0.091	3.480	0.628	0.126	0.057	-3212.992
21	6	160	115	0.5240	0.003	0.232	0.000	0.000	0.000	0.013	0.281	0.116	0.041	0.067	3.265	0.450	0.101	0.000	-1095.854
21	6	404	249	0.6216	0.096	0.347	0.001	0.002	0.008	0.030	0.149	0.119	0.091	0.136	4.631	0.694	0.044	0.028	-2925.976
21	6	470	312	0.4789	0.079	0.238	0.014	0.009	0.000	0.024	0.421	0.094	0.172	0.158	3.245	0.711	0.100	0.043	-3667.260
21	6	451	298	0.4281	0.077	0.158	0.020	0.005	0.007	0.015	0.483	0.142	0.110	0.113	3.231	0.689	0.057	0.141	-3572.263
21	6	247	213	0.5315	0.206	0.370	0.027	0.006	0.028	0.082	0.625	0.113	0.178	0.187	4.120	0.199	0.088	0.075	-2361.816
21	6	327	199	0.5885	0.135	0.259	0.017	0.013	0.012	0.021	0.291	0.057	0.166	0.156	4.660	0.804	0.052	0.023	-2351.667
21	6	264	213	0.4608	0.109	0.332	0.059	0.008	0.008	0.060	0.495	0.187	0.114	0.174	3.004	0.577	0.093	0.106	-2365.533
21	6	302	121	0.4487	0.046	0.072	0.003	0.003	0.000	0.010	0.132	0.008	0.023	0.007	3.945	0.000	0.000	0.038	-1645.475
21	6	553	332	0.6154	0.074	0.254	0.019	0.011	0.002	0.049	0.392	0.079	0.111	0.080	4.555	0.804	0.058	0.037	-3984.698
21	6	254	219	0.5147	0.238	0.533	0.048	0.012	0.017	0.071	0.612	0.075	0.164	0.210	4.374	0.256	0.161	0.105	-2504.763
21	6	317	188	0.6579	0.019	0.430	0.030	0.004	0.003	0.098	0.396	0.055	0.061	0.082	7.744	0.803	0.087	0.019	-2227.577
21	6	200	155	0.3974	0.056	0.509	0.019	0.000	0.000	0.119	0.508	0.139	0.152	0.026	4.765	0.478	0.310	0.018	-1682.360
21	6	285	209	0.5500	0.097	0.227	0.029	0.004	0.007	0.052	0.352	0.096	0.105	0.058	4.069	0.327	0.055	0.072	-2215.287
21	6	543	317	0.6081	0.108	0.161	0.032	0.006	0.008	0.045	0.357	0.071	0.075	0.164	3.785	0.674	0.084	0.041	-4010.625
21	6	365	242	0.5327	0.105	0.232	0.017	0.006	0.006	0.024	0.221	0.107	0.085	0.072	3.445	0.633	0.075	0.091	-2701.726
21	6	306	205	0.6914	0.092	0.298	0.041	0.010	0.018	0.046	0.376	0.109	0.122	0.085	3.655	0.763	0.070	0.057	-2356.473
21	6	332	260	0.6294	0.191	0.552	0.000	0.093	0.054	0.098	0.581	0.096	0.138	0.162	5.107	0.569	0.203	0.061	-3039.311
21	6	353	241	0.5270	0.088	0.222	0.001	0.006	0.006	0.041	0.425	0.116	0.098	0.148	3.104	0.679	0.069	0.070	-2778.444
21	6	349	184	0.4582	0.038	0.422	0.032	0.000	0.006	0.006	0.178	0.023	0.011	0.006	2.464	0.591	0.157	0.000	-2306.953
21	6	738	495	0.4686	0.068	0.103	0.028	0.004	0.006	0.033	0.656	0.129	0.247	0.105	3.784	0.757	0.154	0.136	-6167.457
21	6	591	433	0.4189	0.119	0.298	0.021	0.034	0.003	0.047	0.588	0.216	0.118	0.117	3.574	0.717	0.205	0.209	-5239.272
21	6	385	295	0.5140	0.164	0.249	0.046	0.005	0.008	0.044	0.313	0.226	0.171	0.139	3.749	0.352	0.083	0.178	-3461.600
21	6	282	193	0.4525	0.231	0.228	0.014	0.011	0.000	0.027	0.560	0.065	0.081	0.183	2.948	0.471	0.020	0.055	-2156.058
21	6	197	168	0.4716	0.107	0.348	0.063	0.035	0.000	0.021	0.748	0.143	0.093	0.051	3.913	0.448	0.168	0.051	-1748.738
21	6	287	235	0.6041	0.337	0.328	0.071	0.015	0.013	0.055	0.412	0.134	0.106	0.302	3.030	0.523	0.046	0.144	-2678.911
21	6	269	224	0.5143	0.172	0.294	0.012	0.012	0.008	0.043	0.349	0.129	0.123	0.170	4.289	0.198	0.050	0.180	-2309.216
21	6	244	165	0.6947	0.091	0.203	0.007	0.012	0.006	0.024	0.502	0.045	0.166	0.169	5.952	0.696	0.084	0.024	-1728.754
21	6	953	595	0.4048	0.137	0.224	0.022	0.015	0.012	0.024	0.335	0.121	0.194	0.125	3.804	0.563	0.297	0.080	-7896.980
21	6	302	188	0.6786	0.110	0.334	0.035	0.007	0.010	0.033	0.194	0.060	0.058	0.118	3.869	0.740	0.000	0.088	-2133.482
21	6	312	243	0.4556	0.142	0.338	0.013	0.006	0.010	0.093	0.495	0.175	0.142	0.114	4.027	0.216	0.235	0.000	-2886.665
21	6	319	193	0.4598	0.058	0.104	0.013	0.006	0.011	0.015	0.281	0.069	0.162	0.098	2.993	0.560	0.028	0.021	-2193.330
21	6	616	268	0.4636	0.041	0.106	0.012	0.000	0.010	0.018	0.206	0.046	0.035	0.042	5.479	0.515	0.021	0.046	-3768.807
21	6	429	334	0.4088	0.345	0.276	0.040	0.008	0.007	0.029	0.527	0.115	0.162	0.276	3.948	0.520	0.162	0.107	-3926.582
21	6	548	261	0.4048	0.078	0.106	0.011	0.001	0.004	0.024	0.211	0.111	0.061	0.057	2.665	0.847	0.025	0.038	-3530.292
21	6	315	213	0.7384	0.120	0.382	0.086	0.033	0.006	0.060	0.314	0.118	0.171	0.141	4.504	0.747	0.074	0.066	-2578.697
21	6	491	286	0.5012	0.068	0.225	0.030	0.015	0.002	0.048	0.214	0.067	0.107	0.076	4.179	0.643	0.117	0.048	-3602.265
21	6	654	249	0.4209	0.006	0.098	0.011	0.002	0.000	0.019	0.168	0.046	0.126	0.050	2.589	0.838	0.029	0.017	-3884.295
21	6	481	188	0.4697	0.029	0.070	0.013	0.002	0.000	0.008	0.152	0.053	0.033	0.055	1.864	0.719	0.042	0.004	-2810.592
21	6	341	266	0.5383	0.139	0.405	0.029	0.017	0.019	0.059	0.461	0.145	0.084	0.204	2.998	0.602	0.109	0.084	-3059.540
21	6	144	116	0.5154	0.170	0.514	0.056	0.000	0.022	0.033	0.147	0.025	0.221	0.163	3.971	0.315	0.129	0.003	-1201.587
21	6	137	124	0.4886	0.311	0.173	0.026	0.008	0.000	0.019	0.940	0.127	0.215	0.360	3.687	0.000	0.000	0.119	-1284.575
21	6	987	545	0.4990	0.218	0.209	0.026	0.005	0.006	0.043	0.422	0.104	0.091	0.135	2.277	0.896	0.080	0.074	-7807.698
21	6	150	125	0.4731	0.127	0.182	0.011	0.027	0.000	0.016	0.378	0.144	0.066	0.050	10.501	0.000	0.000	0.062	-1075.501
21	6	252	180	0.4081	0.096	0.367	0.034	0.004	0.000	0.019	0.290	0.042	0.052	0.112	5.384	0.442	0.020	0.141	-1883.970
21	6	579	372	0.4553	0.105	0.262	0.023	0.007	0.008	0.023	0.323	0.111	0.116	0.095	3.392	0.628	0.215	0.036	-4484.148
21	6	254	193	0.4541	0.042	0.430	0.012	0.008	0.004	0.043	0.407	0.145	0.145	0.094	2.496	0.705	0.050	0.059	-2058.177
21	6	1442	645	0.5172	0.107	0.157	0.025	0.009	0.007	0.033	0.340	0.115	0.099	0.077	3.089	0.798	0.070	0.061	-10629.984
21	6	175	154	0.4018	0.132	0.900	0.018	0.012	0.012	0.050	0.532	0.108	0.231	0.200	4.050	0.293	0.320	0.071	-1646.690
21	6	226	151	0.4811	0.106	0.295	0.015	0.000	0.000	0.012	0.161	0.167	0.081	0.039	3.790	0.642	0.048	0.000	-1559.437
21	6	378	293	0.6505	0.253	0.729	0.074	0.016	0.029	0.108	0.881	0.129	0.138	0.286	6.584	0.785	0.094	0.064	-3527.557
21	6	187	163	0.4911	0.149	1.307	0.000	0.006	0.011	0.085	0.209	0.134	0.066	0.152	2.525	0.611	0.100	0.054	-1711.647
21	6	202	153	0.5897	0.155	0.506	0.047	0.011	0.005	0.028	0.341	0.088	0.064	0.098	4.916	0.430	0.054	0.127	-1648.517
21	6	172	123	0.4880	0.180	0.091	0.028	0.006	0.006	0.015	0.319	0.096	0.133	0.093	1.533	0.000	0.000	0.030	-1252.549
21	6	148	129	0.6115	0.221	0.132	0.033	0.057	0.000	0.030	0.640	0.154	0.099	0.268	3.260	0.000	0.000	0.117	-1353.456
21	6	601	393	0.4316	0.095	0.271	0.038	0.020	0.014	0.068	0.314	0.123	0.141	0.143	2.858	0.680	0.126	0.098	-5069.509
21	6	154	135	0.4539	0.136	0.792	0.017	0.000	0.007	0.121	0.377	0.238	0.134	0.092	2.783	0.433	0.250	0.000	-1455.705
21	6	111	78	0.5811	0.044	0.245	0.000	0.000	0.000	0.009	0.125	0.019	0.027	0.089	6.819	0.199	0.014	0.043	-670.095
21	6	241	176	0.4417	0.119	0.400	0.010	0.000	0.000	0.041	0.385	0.090	0.092	0.068	3.432	0.461	0.108	0.075	-1963.725
21	6	312	249	0.5834	0.086	0.275	0.010	0.003	0.000	0.034	0.514	0.167	0.206	0.137	5.362	0.183	0.363	0.000	-2742.217
21	6	145	128	0.6500	0.683	1.499	0.008	0.014	0.018	0.115	0.393	0.083	0.100	0.634	4.197	0.551	0.113	0.066	-1421.842
21	6	312	246	0.7233	0.321	0.839	0.057	0.000	0.030	0.065	1.145	0.123	0.108	0.261	9.743	0.732	0.132	0.044	-2724.166
21	6	232	164	0.6010	0.135	0.250	0.003	0.004	0.014	0.029	0.584	0.066	0.072	0.098	2.749	0.673	0.084	0.026	-1737.163
21	6	422	257	0.5817	0.097	0.308	0.043	0.002	0.003	0.036	0.297	0.039	0.084	0.144	3.890	0.774	0.049	0.024	-3024.098
