1	6	435	276	0.4995	0.091	0.287	0.026	0.009	0.002	0.059	0.273	0.062	0.116	0.131	4.534	0.699	0.232	0.045	12.664	-3367.709
21	6	236	144	0.4294	0.002	0.110	0.047	0.005	0.000	0.055	0.201	0.039	0.118	0.066	2.603	0.748	0.025	0.032	2.681	-1548.390
21	6	286	183	0.4543	0.155	0.454	0.009	0.004	0.004	0.027	0.492	0.046	0.046	0.190	2.085	0.812	0.094	0.006	4.105	-2041.280
21	6	866	346	0.5400	0.079	0.108	0.020	0.001	0.004	0.026	0.165	0.034	0.052	0.103	4.371	0.914	0.047	0.017	6.567	-5367.907
21	6	273	187	0.4326	0.078	0.198	0.020	0.008	0.000	0.031	0.433	0.118	0.176	0.137	4.826	0.753	0.115	0.048	1.271	-2104.068
21	6	306	257	0.6384	0.191	0.475	0.061	0.023	0.015	0.059	0.629	0.163	0.175	0.184	4.433	0.683	0.127	0.170	6.605	-2980.921
21	6	787	387	0.4516	0.044	0.085	0.008	0.005	0.003	0.019	0.365	0.084	0.113	0.076	3.755	0.800	0.058	0.088	2.500	-5477.116
21	6	695	359	0.4834	0.032	0.187	0.010	0.004	0.005	0.019	0.406	0.117	0.095	0.110	3.668	0.896	0.043	0.039	3.646	-4957.674
21	6	878	551	0.3841	0.134	0.222	0.030	0.009	0.004	0.052	0.689	0.134	0.184	0.142	3.404	0.589	0.339	0.105	8.090	-7764.526
21	6	335	253	0.4723	0.156	0.638	0.035	0.009	0.013	0.061	0.327	0.205	0.000	0.168	2.961	0.622	0.135	0.076	8.840	-2764.286
21	6	330	189	0.4543	0.040	0.202	0.007	0.010	0.003	0.043	0.337	0.059	0.095	0.059	2.846	0.811	0.066	0.026	3.848	-2292.380
21	6	318	157	0.4175	0.013	0.125	0.000	0.003	0.003	0.017	0.122	0.102	0.037	0.070	3.513	0.819	0.041	0.018	5.322	-1906.264
21	6	1543	627	0.5595	0.094	0.161	0.025	0.007	0.005	0.029	0.284	0.066	0.087	0.104	3.288	0.956	0.032	0.027	5.869	-10444.148
21	6	467	247	0.6075	0.071	0.136	0.019	0.015	0.003	0.037	0.293	0.079	0.070	0.079	5.563	0.917	0.061	0.063	10.369	-3184.787
21	6	305	245	0.4080	0.134	0.624	0.027	0.020	0.031	0.017	0.523	0.084	0.169	0.114	3.164	0.698	0.100	0.087	6.025	-2662.699
21	6	294	192	0.5610	0.092	0.393	0.037	0.007	0.004	0.025	0.248	0.109	0.062	0.088	2.854	0.729	0.021	0.042	3.249	-2209.160
21	6	465	348	0.4040	0.170	0.322	0.054	0.004	0.013	0.014	0.742	0.223	0.186	0.155	2.790	0.510	0.358	0.072	9.688	-4266.147
21	6	300	178	0.5620	0.099	0.065	0.026	0.010	0.000	0.026	0.300	0.099	0.090	0.097	3.889	0.941	0.059	0.060	1.000	-2088.002
21	6	186	153	0.5589	0.221	0.498	0.102	0.005	0.006	0.099	0.816	0.051	0.176	0.147	6.815	0.687	0.178	0.048	1.944	-1657.275
21	6	509	330	0.6288	0.171	0.412	0.044	0.011	0.008	0.041	0.343	0.071	0.072	0.159	4.407	0.791	0.125	0.081	9.542	-4003.564
21	6	173	130	0.4561	0.087	0.094	0.049	0.006	0.000	0.038	0.567	0.170	0.000	0.069	3.304	0.598	0.050	0.013	3.972	-1209.863
21	6	474	295	0.5531	0.051	0.222	0.031	0.009	0.002	0.033	0.349	0.151	0.139	0.037	3.193	0.777	0.187	0.111	18.337	-3677.793
21	6	381	250	0.4847	0.095	0.201	0.018	0.013	0.008	0.033	0.330	0.042	0.109	0.115	3.195	0.782	0.074	0.075	3.833	-2864.331
21	6	448	257	0.4656	0.087	0.083	0.019	0.002	0.002	0.022	0.449	0.201	0.092	0.110	3.297	0.922	0.069	0.035	1.000	-3220.401
21	6	798	329	0.5190	0.066	0.181	0.014	0.003	0.004	0.032	0.225	0.094	0.051	0.070	4.040	0.908	0.059	0.031	6.357	-5015.115
21	6	200	126	0.5669	0.043	0.650	0.003	0.000	0.000	0.024	0.282	0.067	0.106	0.026	3.780	0.725	0.111	0.000	3.219	-1373.952
21	6	401	276	0.6446	0.175	0.223	0.032	0.023	0.019	0.104	0.370	0.151	0.127	0.194	4.409	0.808	0.091	0.068	1.000	-3344.788
21	6	940	588	0.4563	0.145	0.202	0.033	0.008	0.008	0.037	0.605	0.138	0.107	0.132	3.524	0.801	0.124	0.093	3.980	-7904.967
21	6	308	189	0.4434	0.048	0.130	0.023	0.000	0.010	0.011	0.316	0.018	0.200	0.053	4.525	0.538	0.079	0.035	1.953	-2164.521
21	6	317	196	0.4318	0.044	0.272	0.015	0.002	0.007	0.021	0.281	0.089	0.059	0.034	1.821	0.836	0.042	0.029	4.517	-2173.240
21	6	371	192	0.5368	0.076	0.116	0.010	0.008	0.003	0.032	0.189	0.038	0.056	0.057	3.027	0.771	0.027	0.023	4.320	-2391.131
21	6	972	454	0.4204	0.081	0.109	0.023	0.010	0.004	0.033	0.308	0.087	0.048	0.103	4.169	0.769	0.139	0.080	3.509	-6864.140
21	6	385	241	0.4461	0.069	0.105	0.020	0.004	0.007	0.048	0.592	0.104	0.155	0.034	3.388	0.913	0.087	0.072	1.000	-2861.343
21	6	562	311	0.4239	0.154	0.093	0.033	0.005	0.004	0.029	0.234	0.091	0.127	0.080	3.185	0.845	0.138	0.051	4.616	-4055.599
21	6	439	335	0.5128	0.167	0.355	0.037	0.017	0.010	0.073	0.695	0.154	0.131	0.164	3.081	0.457	0.437	0.026	8.385	-4225.467
21	6	144	64	0.6620	0.000	0.042	0.014	0.000	0.000	0.007	0.051	0.043	0.006	0.000	6.100	0.000	0.000	0.123	1.116	-677.989
21	6	476	311	0.6094	0.281	0.364	0.068	0.022	0.002	0.062	0.699	0.101	0.164	0.248	8.409	0.915	0.085	0.041	1.000	-3825.244
21	6	344	192	0.4244	0.052	0.172	0.032	0.012	0.000	0.029	0.219	0.069	0.163	0.065	3.629	0.676	0.203	0.029	5.710	-2465.361
21	6	220	162	0.5976	0.138	0.319	0.067	0.000	0.009	0.027	0.227	0.042	0.105	0.121	5.332	0.603	0.083	0.076	7.336	-1670.272
21	6	2057	675	0.5123	0.153	0.148	0.022	0.005	0.007	0.029	0.224	0.087	0.093	0.119	2.116	0.980	0.013	0.007	6.119	-13294.936
21	6	316	269	0.4012	0.132	0.657	0.040	0.013	0.013	0.051	0.597	0.149	0.176	0.212	3.492	0.508	0.243	0.138	6.887	-3097.169
21	6	256	192	0.5561	0.210	0.270	0.020	0.008	0.000	0.074	0.498	0.143	0.049	0.197	4.119	0.686	0.169	0.081	6.194	-2146.088
21	6	309	222	0.5354	0.169	0.183	0.022	0.010	0.003	0.047	0.321	0.077	0.066	0.166	3.290	0.832	0.043	0.075	1.191	-2345.319
21	6	206	177	0.5620	0.360	1.211	0.023	0.031	0.000	0.044	0.893	0.146	0.123	0.312	5.415	0.715	0.050	0.086	20.294	-1923.823
21	6	578	439	0.5330	0.209	0.537	0.054	0.010	0.018	0.077	0.510	0.153	0.173	0.167	3.498	0.772	0.093	0.140	4.647	-5562.291
21	6	115	101	0.6821	0.597	18.158	0.143	0.000	0.009	0.000	0.187	0.000	0.210	0.601	9.251	0.451	0.117	0.063	22.926	-1107.494
21	6	252	238	0.6188	0.502	1.574	0.078	0.029	0.010	0.101	0.770	0.091	0.268	0.447	5.464	0.411	0.286	0.176	9.137	-2666.366
21	6	949	407	0.5658	0.160	0.259	0.024	0.010	0.009	0.027	0.226	0.090	0.070	0.110	2.972	0.926	0.034	0.020	4.185	-6472.955
21	6	209	173	0.6064	0.146	0.204	0.000	0.019	0.005	0.113	0.477	0.074	0.140	0.107	3.925	0.504	0.049	0.124	2.325	-1757.533
21	6	449	284	0.6338	0.194	0.170	0.011	0.015	0.017	0.065	0.483	0.070	0.103	0.109	3.883	0.770	0.026	0.047	2.909	-3395.900
21	6	626	348	0.6487	0.102	0.419	0.042	0.003	0.018	0.065	0.253	0.035	0.062	0.145	5.143	0.885	0.043	0.031	6.586	-4488.954
21	6	732	417	0.4573	0.095	0.201	0.025	0.007	0.006	0.010	0.328	0.131	0.159	0.105	3.637	0.839	0.121	0.063	9.371	-5549.447
21	6	181	122	0.6203	0.345	0.000	0.000	0.000	0.005	0.057	0.457	0.039	0.103	0.319	5.331	0.710	0.136	0.043	3.435	-1338.830
21	6	1027	407	0.5466	0.051	0.109	0.021	0.007	0.002	0.029	0.232	0.063	0.071	0.082	3.135	0.981	0.019	0.031	1.000	-6607.970
21	6	159	118	0.4287	0.073	0.254	0.020	0.007	0.000	0.021	0.227	0.044	0.109	0.027	3.950	0.717	0.022	0.058	4.877	-1100.241
21	6	314	183	0.4529	0.168	0.141	0.007	0.000	0.003	0.013	0.208	0.042	0.147	0.164	3.206	0.800	0.041	0.010	3.506	-2116.613
21	6	174	138	0.4563	0.089	0.248	0.030	0.006	0.000	0.030	0.353	0.043	0.140	0.076	2.677	0.708	0.104	0.246	13.619	-1359.186
21	6	310	240	0.4370	0.114	0.552	0.026	0.012	0.020	0.041	0.394	0.137	0.180	0.120	4.127	0.645	0.194	0.205	18.879	-2760.647
21	6	445	312	0.5856	0.138	0.406	0.027	0.002	0.008	0.068	0.305	0.103	0.065	0.165	6.315	0.676	0.211	0.102	11.742	-3613.133
21	6	191	134	0.6193	0.151	0.088	0.010	0.000	0.016	0.086	0.307	0.109	0.077	0.208	4.995	0.890	0.110	0.053	1.000	-1408.008
21	6	305	246	0.5530	0.235	0.683	0.038	0.013	0.024	0.058	0.529	0.052	0.139	0.216	4.000	0.670	0.173	0.042	5.659	-2745.161
21	6	602	322	0.6494	0.144	0.265	0.015	0.006	0.006	0.079	0.277	0.093	0.096	0.186	5.748	0.846	0.091	0.040	4.364	-4393.165
21	6	212	188	0.4834	0.105	0.569	0.049	0.011	0.040	0.102	0.514	0.166	0.109	0.133	3.270	0.505	0.149	0.225	4.477	-2073.151
21	6	276	180	0.6941	0.227	0.153	0.063	0.000	0.007	0.069	0.325	0.086	0.000	0.149	4.594	0.785	0.043	0.057	2.543	-1974.693
21	6	291	208	0.6701	0.164	0.441	0.011	0.011	0.021	0.092	0.390	0.046	0.126	0.226	6.482	0.776	0.079	0.047	6.854	-2328.838
21	6	364	269	0.6210	0.179	0.429	0.012	0.009	0.015	0.044	0.389	0.102	0.102	0.185	6.767	0.504	0.299	0.059	10.476	-3014.880
21	6	407	267	0.4775	0.061	0.151	0.019	0.002	0.013	0.022	0.267	0.107	0.099	0.085	3.360	0.881	0.037	0.072	7.367	-2879.212
21	6	485	240	0.4663	0.025	0.092	0.004	0.008	0.004	0.034	0.206	0.082	0.057	0.075	3.238	0.841	0.034	0.030	2.414	-3087.256
21	6	946	527	0.5874	0.104	0.239	0.036	0.013	0.022	0.057	0.353	0.109	0.100	0.139	5.098	0.888	0.061	0.060	7.265	-7307.108
21	6	173	169	0.4613	0.295	2.636	0.009	0.000	0.018	0.039	0.577	0.536	0.326	0.283	3.093	0.176	0.417	0.089	33.381	-2061.799
21	6	254	121	0.3990	0.018	0.096	0.021	0.000	0.009	0.000	0.108	0.049	0.026	0.050	1.533	0.854	0.000	0.031	6.137	-1434.574
21	6	274	170	0.5460	0.071	0.290	0.022	0.009	0.006	0.038	0.230	0.060	0.070	0.056	4.516	0.829	0.042	0.000	6.087	-1856.395
21	6	282	206	0.5471	0.189	0.612	0.041	0.007	0.023	0.062	0.403	0.096	0.119	0.128	4.140	0.817	0.044	0.051	26.632	-2314.143
21	6	311	219	0.4090	0.125	0.197	0.029	0.000	0.000	0.062	0.554	0.148	0.070	0.085	4.077	0.823	0.125	0.073	1.300	-2446.807
21	6	232	181	0.5126	0.185	0.254	0.045	0.000	0.009	0.050	0.439	0.120	0.097	0.125	2.189	0.708	0.095	0.053	7.810	-1876.238
21	6	428	245	0.4547	0.089	0.093	0.012	0.000	0.002	0.027	0.459	0.070	0.177	0.075	4.036	0.967	0.032	0.029	1.000	-2897.582
21	6	399	286	0.4121	0.126	0.226	0.021	0.008	0.006	0.022	0.568	0.139	0.152	0.125	2.781	0.643	0.154	0.112	3.880	-3359.447
21	6	1133	445	0.5303	0.105	0.068	0.015	0.003	0.000	0.025	0.277	0.061	0.071	0.026	2.683	0.979	0.021	0.059	1.000	-7301.023
21	6	612	259	0.4133	0.028	0.105	0.016	0.000	0.000	0.025	0.457	0.096	0.073	0.058	2.665	0.928	0.016	0.014	4.775	-3864.794
21	6	422	204	0.4616	0.012	0.093	0.020	0.000	0.000	0.001	0.154	0.090	0.240	0.078	3.280	0.893	0.019	0.023	2.458	-2681.105
21	6	347	170	0.5059	0.016	0.136	0.018	0.000	0.006	0.009	0.157	0.053	0.054	0.049	2.555	0.845	0.001	0.018	2.101	-2081.403
21	6	433	276	0.5787	0.093	0.255	0.015	0.005	0.002	0.054	0.324	0.056	0.090	0.125	4.020	0.846	0.066	0.066	4.887	-3186.185
21	6	520	311	0.5855	0.087	0.378	0.042	0.002	0.006	0.048	0.426	0.098	0.124	0.096	3.406	0.795	0.114	0.051	4.275	-4067.244
21	6	291	181	0.6290	0.079	0.383	0.010	0.018	0.017	0.071	0.448	0.070	0.130	0.040	5.950	0.846	0.034	0.009	3.876	-2070.092
21	6	197	166	0.6255	0.098	0.513	0.035	0.021	0.022	0.086	0.487	0.163	0.195	0.145	2.873	0.483	0.236	0.055	2.727	-1894.144
21	6	313	217	0.6491	0.231	0.280	0.022	0.019	0.019	0.106	0.503	0.124	0.052	0.226	4.211	0.877	0.089	0.029	7.602	-2490.463
21	6	370	241	0.4530	0.113	0.201	0.018	0.005	0.000	0.036	0.337	0.170	0.066	0.137	2.492	0.875	0.017	0.089	5.954	-2859.425
21	6	257	211	0.5666	0.274	0.827	0.027	0.000	0.004	0.046	0.477	0.051	0.191	0.225	3.396	0.655	0.138	0.096	10.105	-2400.027
21	6	377	226	0.4693	0.108	0.056	0.023	0.006	0.008	0.031	0.228	0.152	0.065	0.027	2.352	0.690	0.015	0.086	1.000	-2591.572
21	6	308	233	0.3965	0.176	0.196	0.044	0.007	0.013	0.054	0.590	0.142	0.108	0.172	2.799	0.588	0.119	0.097	3.052	-2714.789
21	6	788	527	0.4838	0.375	0.234	0.050	0.007	0.012	0.089	0.438	0.086	0.082	0.445	3.765	0.798	0.167	0.125	2.112	-7178.515
21	6	377	270	0.5272	0.173	0.229	0.026	0.001	0.010	0.094	0.499	0.090	0.131	0.102	4.532	0.717	0.122	0.058	1.795	-3122.687
21	6	253	184	0.5065	0.179	0.102	0.039	0.000	0.025	0.064	0.408	0.109	0.073	0.173	3.350	0.935	0.036	0.047	1.000	-1875.195
21	6	482	391	0.5660	0.247	0.418	0.062	0.013	0.006	0.091	0.785	0.129	0.169	0.268	3.335	0.569	0.240	0.084	4.519	-4804.212
21	6	803	371	0.4235	0.050	0.089	0.017	0.008	0.004	0.027	0.275	0.099	0.155	0.046	3.560	0.904	0.060	0.035	6.286	-5466.766
21	6	1144	453	0.4618	0.066	0.095	0.014	0.003	0.003	0.020	0.246	0.092	0.093	0.062	3.156	0.913	0.059	0.040	2.511	-7536.320
21	6	317	208	0.4253	0.108	0.080	0.022	0.004	0.003	0.035	0.384	0.121	0.107	0.070	3.410	0.789	0.092	0.072	6.277	-2320.366
21	6	350	220	0.5271	0.315	0.194	0.009	0.015	0.008	0.046	0.265	0.139	0.047	0.001	2.647	0.984	0.016	0.020	1.000	-2430.599
21	6	380	259	0.6034	0.187	0.405	0.049	0.008	0.000	0.052	0.573	0.097	0.180	0.218	3.088	0.813	0.114	0.039	4.379	-3208.984
21	6	140	132	0.4563	0.142	1.369	0.029	0.020	0.023	0.062	0.532	0.284	0.140	0.110	2.453	0.404	0.101	0.407	14.714	-1527.699
21	6	144	139	0.4854	0.115	1.613	0.032	0.030	0.006	0.113	0.601	0.186	0.055	0.152	4.345	0.347	0.263	0.122	5.740	-1504.236
21	6	1072	521	0.6187	0.137	0.209	0.031	0.004	0.006	0.036	0.330	0.063	0.084	0.180	4.222	0.899	0.057	0.043	6.763	-7814.974
21	6	728	485	0.4244	0.100	0.177	0.017	0.004	0.007	0.043	0.418	0.143	0.196	0.062	3.563	0.713	0.263	0.160	7.569	-5869.353
21	6	270	154	0.4725	0.023	0.118	0.019	0.004	0.008	0.013	0.267	0.074	0.014	0.072	1.229	0.681	0.040	0.028	1.384	-1739.200
21	6	360	180	0.4125	0.045	0.147	0.015	0.008	0.007	0.016	0.203	0.043	0.067	0.033	3.612	0.918	0.000	0.028	5.623	-2216.577
21	6	843	468	0.4320	0.101	0.196	0.020	0.003	0.006	0.044	0.337	0.144	0.109	0.099	4.484	0.820	0.100	0.107	4.443	-6547.831
21	6	413	206	0.6326	0.111	0.156	0.015	0.000	0.005	0.035	0.171	0.067	0.033	0.079	4.843	0.789	0.016	0.019	1.000	-2576.076
21	6	454	265	0.6016	0.126	1.754	0.020	0.004	0.005	0.025	0.216	0.074	0.080	0.108	3.781	0.865	0.041	0.024	56.099	-3220.887
21	6	411	324	0.4324	0.237	0.349	0.027	0.007	0.014	0.082	0.554	0.155	0.140	0.202	3.313	0.659	0.260	0.186	21.849	-3816.867
21	6	1514	503	0.6443	0.060	0.093	0.017	0.008	0.007	0.032	0.263	0.086	0.049	0.081	3.561	0.821	0.162	0.002	13.879	-9585.424
21	6	709	428	0.5299	0.133	0.189	0.035	0.007	0.009	0.043	0.322	0.069	0.146	0.183	3.367	0.766	0.105	0.095	3.232	-5709.669
21	6	783	459	0.4946	0.162	0.240	0.035	0.005	0.011	0.033	0.359	0.104	0.103	0.127	2.880	0.810	0.098	0.067	3.209	-6248.039
21	6	297	270	0.4467	0.250	0.928	0.062	0.017	0.018	0.091	0.487	0.080	0.283	0.239	2.970	0.445	0.342	0.223	10.825	-3180.593
21	6	545	198	0.5522	0.065	0.044	0.011	0.010	0.010	0.017	0.178	0.017	0.052	0.012	2.864	0.937	0.020	0.023	1.000	-3054.974
21	6	183	129	0.5498	0.123	0.343	0.027	0.010	0.019	0.022	0.139	0.033	0.008	0.071	4.801	0.642	0.065	0.009	6.171	-1249.495
21	6	1075	554	0.4649	0.125	0.204	0.018	0.006	0.006	0.037	0.262	0.090	0.107	0.114	3.169	0.904	0.058	0.070	8.830	-7945.092
21	6	585	410	0.5106	0.196	0.352	0.044	0.007	0.002	0.059	0.391	0.162	0.112	0.222	2.975	0.697	0.204	0.089	6.325	-5263.857
21	6	219	168	0.6593	0.214	0.483	0.025	0.014	0.030	0.030	0.568	0.098	0.071	0.257	5.925	0.580	0.099	0.067	7.872	-1877.632
21	6	640	356	0.5264	0.169	0.290	0.027	0.003	0.008	0.029	0.292	0.119	0.082	0.133	3.381	0.841	0.093	0.028	4.057	-4794.634
21	6	450	286	0.5571	0.128	0.235	0.029	0.014	0.009	0.037	0.317	0.029	0.172	0.098	5.575	0.775	0.072	0.042	4.045	-3387.434
21	6	151	138	0.6195	0.115	0.494	0.054	0.000	0.007	0.089	0.649	0.068	0.268	0.158	5.679	0.210	0.063	0.120	7.790	-1403.432
21	6	416	261	0.5858	0.157	0.725	0.000	0.017	0.013	0.129	0.303	0.096	0.060	0.241	5.406	0.891	0.044	0.020	3.172	-3164.111
21	6	635	332	0.4898	0.087	0.174	0.027	0.010	0.013	0.040	0.224	0.064	0.105	0.085	3.908	0.913	0.039	0.037	8.166	-4405.143
21	6	1238	436	0.5341	0.067	0.097	0.016	0.006	0.005	0.025	0.225	0.059	0.078	0.084	2.846	0.944	0.010	0.006	2.063	-7623.868
21	6	316	202	0.4348	0.094	0.167	0.006	0.000	0.003	0.042	0.321	0.094	0.128	0.110	2.339	0.511	0.091	0.032	2.163	-2369.361
21	6	2047	1119	0.5130	0.209	0.233	0.060	0.010	0.011	0.076	0.480	0.121	0.115	0.170	2.861	0.897	0.103	0.078	1.000	-17511.723
21	6	147	107	0.5926	0.111	0.163	0.021	0.007	0.014	0.042	0.486	0.072	0.000	0.082	3.112	0.787	0.114	0.041	10.764	-1079.612
21	6	654	376	0.4625	0.137	0.217	0.038	0.009	0.004	0.017	0.365	0.076	0.130	0.115	2.728	0.777	0.103	0.028	6.086	-5032.163
21	6	291	258	0.4514	0.237	0.896	0.025	0.003	0.011	0.100	0.497	0.198	0.126	0.193	3.729	0.541	0.282	0.162	10.273	-2935.183
21	6	456	248	0.4565	0.060	0.215	0.028	0.009	0.005	0.031	0.238	0.123	0.055	0.063	3.283	0.791	0.156	0.003	8.026	-3200.728
21	6	907	433	0.6163	0.210	0.174	0.042	0.002	0.008	0.084	0.264	0.078	0.122	0.288	4.901	0.925	0.044	0.025	2.805	-6379.835
21	6	299	273	0.4692	0.141	0.601	0.041	0.005	0.022	0.101	0.640	0.198	0.204	0.207	3.600	0.460	0.239	0.291	6.272	-3122.493
21	6	276	186	0.6187	0.199	0.234	0.034	0.040	0.018	0.121	0.423	0.078	0.148	0.141	3.045	0.756	0.106	0.073	3.237	-2325.165
21	6	834	422	0.6330	0.106	0.232	0.029	0.011	0.014	0.052	0.385	0.092	0.096	0.118	4.582	0.934	0.051	0.025	12.849	-5917.376
21	6	448	324	0.4786	0.227	0.158	0.047	0.006	0.015	0.032	0.481	0.130	0.190	0.194	2.769	0.745	0.132	0.115	3.576	-3990.851
21	6	299	208	0.4768	0.123	0.433	0.045	0.003	0.007	0.047	0.315	0.137	0.060	0.124	4.071	0.804	0.043	0.045	6.508	-2276.218
21	6	759	324	0.4559	0.019	0.085	0.011	0.006	0.008	0.025	0.340	0.153	0.060	0.090	4.107	0.931	0.003	0.030	3.054	-4981.146
21	6	547	291	0.3941	0.080	0.217	0.021	0.002	0.002	0.021	0.281	0.234	0.000	0.092	3.402	0.822	0.138	0.065	3.152	-3712.614
21	6	1534	845	0.4927	0.212	0.296	0.029	0.009	0.009	0.030	0.413	0.126	0.137	0.200	3.351	0.901	0.073	0.090	8.724	-12681.927
21	6	156	122	0.5579	0.207	0.490	0.013	0.000	0.000	0.030	0.261	0.102	0.025	0.234	2.125	0.568	0.024	0.013	2.195	-1189.154
21	6	443	276	0.3938	0.175	0.343	0.027	0.002	0.005	0.038	0.348	0.060	0.075	0.200	3.276	0.748	0.153	0.126	7.934	-3530.027
21	6	245	142	0.5859	0.059	0.183	0.040	0.004	0.000	0.020	0.160	0.066	0.046	0.086	4.044	0.793	0.021	0.019	4.610	-1570.797
21	6	421	250	0.4400	0.124	0.148	0.014	0.010	0.005	0.021	0.180	0.096	0.103	0.075	3.657	0.749	0.114	0.079	2.755	-3009.969
21	6	382	249	0.6259	0.120	0.513	0.030	0.003	0.008	0.041	0.255	0.086	0.066	0.178	3.663	0.769	0.108	0.053	9.297	-2912.260
21	6	277	227	0.6815	0.285	0.458	0.056	0.013	0.023	0.113	1.014	0.249	0.077	0.233	3.307	0.633	0.213	0.102	5.768	-2746.631
21	6	458	177	0.5104	0.003	0.082	0.010	0.000	0.000	0.010	0.137	0.048	0.029	0.052	1.933	0.853	0.061	0.016	3.773	-2596.082
21	6	901	537	0.3962	0.093	0.210	0.014	0.016	0.010	0.043	0.499	0.099	0.084	0.097	3.774	0.712	0.200	0.087	5.602	-7067.790
21	6	524	302	0.5235	0.088	0.188	0.036	0.008	0.008	0.043	0.400	0.101	0.104	0.143	3.674	0.823	0.061	0.031	2.149	-3878.608
21	6	158	142	0.6247	0.253	0.710	0.032	0.012	0.008	0.096	0.455	0.137	0.080	0.276	4.589	0.521	0.030	0.124	2.995	-1437.821
21	6	1117	623	0.4221	0.104	0.172	0.030	0.005	0.007	0.033	0.409	0.172	0.184	0.069	3.598	0.724	0.222	0.077	7.830	-9048.989
21	6	540	294	0.6013	0.048	0.311	0.016	0.003	0.004	0.042	0.305	0.076	0.087	0.051	4.107	0.958	0.019	0.054	17.592	-3688.627
21	6	353	200	0.4995	0.071	0.101	0.019	0.009	0.005	0.042	0.259	0.080	0.091	0.062	1.761	0.152	0.006	0.044	1.000	-2430.541
21	6	314	208	0.6259	0.194	0.343	0.035	0.010	0.003	0.079	0.314	0.075	0.101	0.103	5.510	0.797	0.074	0.059	7.872	-2415.394
21	6	709	351	0.4800	0.081	0.090	0.006	0.002	0.009	0.042	0.187	0.108	0.064	0.095	3.398	0.901	0.032	0.028	1.000	-4601.756
21	6	368	173	0.5553	0.104	0.047	0.009	0.006	0.003	0.020	0.161	0.042	0.046	0.073	7.096	0.442	0.021	0.015	1.000	-2176.658
21	6	466	363	0.4625	0.182	0.331	0.042	0.010	0.012	0.047	0.634	0.159	0.185	0.193	2.933	0.705	0.165	0.133	10.532	-4402.493
21	6	545	319	0.6932	0.169	0.281	0.022	0.004	0.017	0.115	0.508	0.064	0.158	0.142	5.918	0.917	0.047	0.029	6.948	-4108.225
21	6	344	243	0.6110	0.229	0.342	0.037	0.020	0.003	0.064	0.305	0.050	0.114	0.201	4.187	0.769	0.098	0.066	4.449	-2751.888
21	6	809	571	0.6052	0.274	0.383	0.055	0.023	0.007	0.085	0.717	0.154	0.148	0.261	5.301	0.725	0.222	0.062	4.691	-7078.187
21	6	560	324	0.5836	0.115	1.208	0.024	0.005	0.008	0.055	0.257	0.075	0.063	0.121	4.233	0.876	0.055	0.031	40.992	-4120.551
21	6	441	243	0.4691	0.075	0.200	0.017	0.006	0.009	0.049	0.228	0.031	0.085	0.024	3.589	0.864	0.040	0.014	5.065	-2904.782
21	6	889	368	0.5784	0.091	0.159	0.023	0.006	0.003	0.023	0.189	0.076	0.069	0.087	3.316	0.933	0.027	0.011	8.476	-5683.775
21	6	283	196	0.5807	0.098	0.330	0.086	0.003	0.008	0.066	0.312	0.048	0.090	0.083	5.348	0.620	0.118	0.047	3.242	-2236.724
21	6	321	196	0.4297	0.086	0.307	0.040	0.003	0.003	0.009	0.218	0.045	0.116	0.093	3.149	0.917	0.027	0.059	12.700	-2243.339
21	6	1141	533	0.4629	0.157	0.140	0.031	0.005	0.007	0.026	0.298	0.077	0.097	0.073	2.737	0.945	0.053	0.051	1.000	-8216.488
21	6	253	134	0.7191	0.045	0.204	0.000	0.000	0.004	0.090	0.232	0.014	0.083	0.079	10.034	0.908	0.028	0.052	5.402	-1555.983
21	6	778	380	0.4720	0.064	0.172	0.018	0.004	0.004	0.038	0.271	0.128	0.084	0.023	2.460	0.852	0.059	0.073	3.897	-5548.230
21	6	920	415	0.5463	0.063	0.075	0.017	0.008	0.006	0.034	0.268	0.069	0.091	0.119	3.322	0.928	0.019	0.027	4.583	-6072.481
21	6	334	220	0.5469	0.154	0.391	0.020	0.000	0.003	0.021	0.298	0.028	0.067	0.189	2.277	0.841	0.059	0.039	3.427	-2481.122
21	6	295	210	0.4767	0.113	0.349	0.030	0.000	0.014	0.038	0.239	0.157	0.152	0.101	3.309	0.809	0.059	0.038	8.765	-2297.098
21	6	521	337	0.4616	0.125	0.285	0.007	0.021	0.000	0.068	0.460	0.117	0.110	0.111	3.193	0.745	0.083	0.073	2.526	-4264.143
21	6	398	181	0.6676	0.031	0.150	0.012	0.003	0.003	0.031	0.185	0.052	0.037	0.083	4.659	0.864	0.022	0.028	1.600	-2399.989
21	6	478	333	0.4487	0.205	0.683	0.042	0.026	0.004	0.031	0.436	0.124	0.093	0.157	2.656	0.773	0.136	0.066	16.014	-4149.258
21	6	231	134	0.5368	0.034	0.202	0.009	0.009	0.000	0.016	0.175	0.055	0.062	0.020	3.052	0.648	0.028	0.019	1.620	-1431.276
21	6	311	235	0.4777	0.134	0.305	0.053	0.006	0.003	0.035	0.419	0.125	0.078	0.174	2.572	0.740	0.154	0.110	7.315	-2641.585
21	6	373	302	0.4123	0.242	0.631	0.018	0.005	0.015	0.024	0.641	0.069	0.165	0.235	2.943	0.542	0.267	0.071	13.048	-3485.311
21	6	210	155	0.4851	0.050	0.417	0.026	0.010	0.000	0.020	0.260	0.068	0.064	0.062	4.557	0.666	0.084	0.015	8.696	-1477.897
21	6	141	123	0.5736	0.266	0.757	0.053	0.015	0.000	0.196	0.576	0.038	0.103	0.199	1.834	0.553	0.090	0.119	3.777	-1378.914
21	6	189	138	0.5232	0.121	0.249	0.024	0.000	0.000	0.019	0.377	0.093	0.021	0.138	3.956	0.732	0.034	0.056	3.320	-1333.572
21	6	419	241	0.5666	0.122	0.144	0.042	0.007	0.007	0.023	0.377	0.075	0.094	0.129	3.974	0.927	0.073	0.044	1.000	-3041.695
21	6	228	196	0.6258	0.192	0.890	0.051	0.000	0.005	0.049	0.474	0.104	0.132	0.162	4.250	0.467	0.179	0.106	8.874	-2134.561
21	6	230	147	0.4638	0.118	0.047	0.025	0.009	0.000	0.007	0.289	0.112	0.085	0.092	2.846	0.592	0.040	0.099	2.243	-1598.359
21	6	652	361	0.6221	0.136	0.120	0.028	0.008	0.011	0.035	0.384	0.120	0.116	0.198	4.937	0.901	0.031	0.046	3.336	-4854.513
21	6	358	237	0.6279	0.145	0.189	0.038	0.003	0.008	0.043	0.409	0.088	0.056	0.116	4.998	0.631	0.033	0.077	1.072	-2648.142
21	6	373	321	0.4782	0.169	1.059	0.047	0.016	0.011	0.064	0.687	0.112	0.182	0.180	3.024	0.537	0.300	0.114	13.861	-3817.840
21	6	879	467	0.5275	0.087	0.208	0.020	0.005	0.011	0.059	0.372	0.099	0.143	0.095	4.133	0.880	0.091	0.057	4.341	-6707.849
21	6	391	194	0.6416	0.093	0.259	0.023	0.003	0.003	0.027	0.185	0.029	0.074	0.043	3.712	0.862	0.015	0.020	4.670	-2417.059
21	6	429	255	0.5585	0.201	0.119	0.011	0.007	0.005	0.030	0.235	0.117	0.150	0.229	3.896	0.902	0.038	0.011	5.086	-3013.934
21	6	206	116	0.5771	0.048	0.296	0.000	0.000	0.000	0.063	0.128	0.064	0.019	0.041	7.971	0.739	0.041	0.016	2.470	-1244.880
21	6	338	247	0.5779	0.280	1.349	0.065	0.026	0.022	0.044	0.659	0.088	0.114	0.317	4.257	0.720	0.122	0.050	5.859	-3039.162
21	6	362	125	0.4824	0.047	0.026	0.012	0.003	0.003	0.009	0.046	0.013	0.037	0.000	2.753	0.857	0.057	0.000	1.859	-1834.694
21	6	844	430	0.4671	0.079	0.180	0.021	0.002	0.001	0.043	0.328	0.073	0.080	0.078	3.527	0.532	0.348	0.000	7.482	-6025.371
21	6	225	151	0.4481	0.080	0.208	0.026	0.014	0.000	0.021	0.256	0.084	0.148	0.096	3.542	0.588	0.264	0.017	7.506	-1706.009
21	6	291	201	0.5603	0.154	0.268	0.026	0.017	0.008	0.029	0.390	0.094	0.061	0.193	2.860	0.808	0.105	0.082	7.261	-2353.295
21	6	239	141	0.4591	0.028	0.251	0.017	0.000	0.009	0.000	0.263	0.063	0.079	0.002	2.932	0.786	0.053	0.009	3.329	-1532.707
21	6	618	341	0.4819	0.116	0.179	0.030	0.015	0.008	0.029	0.309	0.123	0.167	0.107	3.016	0.911	0.025	0.032	8.386	-4511.050
21	6	251	166	0.5055	0.096	0.146	0.033	0.000	0.009	0.031	0.154	0.064	0.136	0.022	3.765	0.742	0.048	0.067	3.692	-1711.504
21	6	375	216	0.4825	0.075	0.241	0.021	0.006	0.005	0.030	0.214	0.081	0.094	0.060	2.269	0.819	0.026	0.018	1.973	-2527.560
21	6	269	167	0.5261	0.164	0.079	0.026	0.008	0.004	0.035	0.298	0.068	0.119	0.045	3.520	0.933	0.067	0.036	1.000	-1842.762
21	6	1098	454	0.4433	0.097	0.773	0.010	0.004	0.005	0.031	0.155	0.070	0.068	0.079	2.881	0.889	0.065	0.020	74.368	-7300.976
21	6	219	150	0.4315	0.084	0.124	0.000	0.019	0.000	0.053	0.287	0.077	0.086	0.101	2.044	0.737	0.095	0.000	2.656	-1505.254
21	6	555	302	0.5151	0.117	0.170	0.022	0.011	0.005	0.030	0.248	0.141	0.081	0.064	3.318	0.913	0.019	0.063	10.525	-3969.532
21	6	329	240	0.5130	0.190	0.369	0.025	0.005	0.024	0.070	0.501	0.186	0.128	0.133	3.188	0.665	0.198	0.051	7.075	-2870.668
21	6	503	269	0.6175	0.063	0.186	0.039	0.005	0.008	0.016	0.480	0.045	0.058	0.108	2.805	0.884	0.038	0.013	2.693	-3379.866
21	6	140	132	0.5978	0.506	26.158	0.138	0.000	0.023	0.175	0.947	0.249	0.195	0.581	4.972	0.491	0.119	0.156	999.000	-1622.335
21	6	202	127	0.4659	0.034	0.294	0.005	0.000	0.016	0.005	0.160	0.047	0.072	0.036	3.076	0.802	0.000	0.044	9.314	-1297.057
21	6	294	212	0.5607	0.095	0.164	0.058	0.000	0.003	0.040	0.487	0.082	0.083	0.126	2.364	0.752	0.038	0.062	1.000	-2265.501
21	6	220	181	0.4593	0.163	0.273	0.028	0.005	0.018	0.079	0.431	0.164	0.065	0.136	2.035	0.654	0.064	0.117	2.238	-1933.983
21	6	296	130	0.5212	0.028	0.092	0.014	0.007	0.007	0.007	0.165	0.023	0.045	0.028	2.104	0.940	0.014	0.009	14.510	-1661.015
21	6	762	435	0.4464	0.138	0.180	0.015	0.007	0.006	0.023	0.428	0.194	0.115	0.060	4.227	0.852	0.118	0.103	7.270	-6030.915
21	6	877	532	0.5611	0.185	0.277	0.043	0.012	0.008	0.050	0.315	0.131	0.124	0.135	3.193	0.854	0.089	0.078	10.555	-7140.482
21	6	499	308	0.6027	0.025	0.312	0.038	0.011	0.000	0.023	0.385	0.089	0.070	0.111	3.291	0.921	0.039	0.032	9.659	-3544.494
21	6	367	213	0.4499	0.055	0.209	0.015	0.000	0.009	0.035	0.260	0.070	0.085	0.051	3.741	0.688	0.052	0.041	1.917	-2538.924
21	6	325	262	0.4275	0.157	0.391	0.029	0.006	0.006	0.049	0.543	0.167	0.179	0.143	3.983	0.761	0.114	0.098	11.848	-2829.639
21	6	639	306	0.5347	0.188	0.180	0.006	0.016	0.006	0.018	0.205	0.097	0.098	0.144	4.512	0.946	0.017	0.010	4.061	-4253.613
21	6	362	215	0.4786	0.117	0.299	0.013	0.009	0.003	0.066	0.311	0.105	0.118	0.052	2.696	0.861	0.046	0.026	5.271	-2648.618
21	6	375	221	0.4402	0.079	0.618	0.016	0.003	0.000	0.015	0.202	0.045	0.052	0.037	2.669	0.843	0.029	0.017	8.288	-2569.645
21	6	437	290	0.4405	0.201	0.281	0.024	0.010	0.005	0.068	0.358	0.033	0.120	0.141	2.651	0.814	0.064	0.063	3.600	-3469.847
21	6	249	156	0.4067	0.062	0.126	0.012	0.011	0.010	0.023	0.226	0.089	0.044	0.104	3.128	0.848	0.019	0.065	9.089	-1648.135
21	6	314	219	0.6354	0.093	0.589	0.044	0.014	0.009	0.108	0.495	0.068	0.139	0.089	8.485	0.852	0.049	0.061	4.090	-2528.119
21	6	412	308	0.5006	0.105	0.484	0.027	0.005	0.007	0.025	0.350	0.112	0.137	0.100	2.960	0.758	0.104	0.112	6.899	-3458.922
21	6	437	162	0.6323	0.051	0.145	0.011	0.000	0.000	0.019	0.135	0.019	0.044	0.002	3.937	0.888	0.014	0.016	2.254	-2408.231
21	6	274	222	0.4543	0.296	0.987	0.023	0.004	0.000	0.029	0.334	0.140	0.103	0.320	2.852	0.786	0.063	0.103	12.970	-2428.795
21	6	155	141	0.5748	0.087	1.092	0.005	0.013	0.000	0.153	0.431	0.041	0.219	0.128	2.759	0.494	0.191	0.118	5.851	-1507.289
21	6	486	305	0.5162	0.174	0.273	0.009	0.002	0.004	0.058	0.345	0.070	0.110	0.179	3.606	0.875	0.030	0.031	4.779	-3620.892
21	6	574	409	0.4996	0.194	0.355	0.026	0.011	0.010	0.040	0.501	0.109	0.263	0.153	3.312	0.779	0.106	0.061	2.898	-5012.647
21	6	1322	692	0.4163	0.127	0.167	0.024	0.006	0.008	0.055	0.365	0.118	0.148	0.167	3.320	0.781	0.182	0.077	4.011	-10736.061
21	6	216	177	0.5622	0.122	0.502	0.029	0.008	0.011	0.071	0.430	0.127	0.142	0.099	4.182	0.673	0.138	0.099	5.691	-1896.853
21	6	777	357	0.4477	0.026	0.102	0.005	0.004	0.012	0.027	0.205	0.095	0.078	0.110	3.559	0.889	0.083	0.037	8.912	-5116.931
21	6	568	337	0.5849	0.156	0.201	0.019	0.000	0.013	0.032	0.298	0.071	0.060	0.154	4.545	0.856	0.076	0.108	6.820	-4229.590
21	6	845	412	0.4872	0.067	0.169	0.018	0.007	0.005	0.038	0.350	0.071	0.094	0.089	2.791	0.910	0.065	0.037	4.552	-5970.600
21	6	443	212	0.5197	0.056	0.142	0.021	0.003	0.013	0.032	0.199	0.062	0.078	0.091	2.394	0.878	0.066	0.029	6.981	-2909.442
21	6	577	260	0.4478	0.088	0.073	0.020	0.007	0.000	0.022	0.247	0.078	0.074	0.068	3.817	0.730	0.032	0.047	1.807	-3784.842
21	6	783	452	0.4504	0.134	0.280	0.012	0.011	0.006	0.055	0.391	0.163	0.110	0.087	3.215	0.846	0.115	0.079	7.938	-6300.646
21	6	430	222	0.5948	0.225	0.026	0.037	0.003	0.015	0.052	0.449	0.065	0.099	0.174	4.422	0.701	0.054	0.030	1.000	-3059.299
21	6	323	242	0.5760	0.492	0.223	0.044	0.009	0.027	0.047	0.914	0.171	0.161	0.478	5.880	0.676	0.188	0.051	5.918	-2994.337
21	6	483	209	0.3825	0.007	0.080	0.016	0.000	0.002	0.011	0.233	0.065	0.084	0.049	3.947	0.466	0.004	0.040	1.000	-2928.477
21	6	324	240	0.4814	0.206	0.459	0.000	0.000	0.127	0.073	0.407	0.116	0.066	0.157	3.150	0.708	0.112	0.032	5.649	-2637.168
21	6	306	216	0.5909	0.152	0.511	0.022	0.004	0.003	0.040	0.279	0.177	0.096	0.061	3.718	0.773	0.110	0.059	7.911	-2421.000
21	6	157	128	0.5318	0.073	0.459	0.072	0.000	0.007	0.066	0.311	0.034	0.081	0.040	4.353	0.780	0.037	0.106	12.352	-1184.403
21	6	208	131	0.5662	0.014	0.211	0.013	0.010	0.004	0.023	0.146	0.035	0.047	0.082	2.586	0.829	0.053	0.006	2.438	-1288.267
21	6	257	159	0.6169	0.057	0.084	0.045	0.003	0.020	0.011	0.378	0.082	0.024	0.147	2.389	0.986	0.014	0.065	1.000	-1782.909
21	6	695	437	0.5634	0.148	0.236	0.029	0.017	0.008	0.035	0.308	0.131	0.150	0.109	3.940	0.837	0.082	0.094	4.047	-5565.918
21	6	736	281	0.4220	0.032	0.100	0.014	0.003	0.011	0.019	0.169	0.046	0.051	0.055	3.719	0.883	0.055	0.057	5.006	-4540.318
21	6	511	301	0.5838	0.130	0.072	0.025	0.014	0.004	0.018	0.234	0.085	0.118	0.106	3.892	0.824	0.150	0.088	8.003	-3683.453
21	6	372	107	0.6640	0.035	0.043	0.014	0.003	0.000	0.000	0.064	0.020	0.008	0.009	9.732	0.958	0.020	0.015	7.059	-1729.062
21	6	495	221	0.5882	0.074	0.102	0.050	0.009	0.004	0.022	0.272	0.052	0.012	0.132	4.670	0.994	0.006	0.011	1.000	-2963.303
21	6	444	266	0.5884	0.050	0.368	0.028	0.023	0.004	0.049	0.462	0.034	0.075	0.076	4.235	0.879	0.046	0.026	3.178	-3167.692
21	6	576	362	0.4111	0.112	0.443	0.000	0.046	0.018	0.042	0.301	0.245	0.076	0.107	3.119	0.483	0.373	0.070	10.320	-4562.893
21	6	320	207	0.5498	0.002	31.890	0.048	0.006	0.003	0.042	0.205	0.134	0.117	0.072	2.290	0.807	0.030	0.022	630.474	-2421.661
21	6	142	115	0.5160	2.147	0.000	0.000	0.023	0.006	0.076	0.997	0.062	0.058	2.091	3.832	0.827	0.066	0.042	3.096	-1219.731
21	6	273	165	0.6066	0.053	0.067	0.036	0.007	0.004	0.014	0.388	0.009	0.072	0.007	4.217	0.250	0.008	0.107	1.000	-1725.157
21	6	324	228	0.5025	0.112	0.251	0.044	0.000	0.044	0.005	0.296	0.077	0.069	0.132	2.379	0.637	0.204	0.000	1.915	-2483.882
21	6	638	293	0.4414	0.032	0.111	0.019	0.003	0.005	0.027	0.360	0.113	0.099	0.058	1.987	0.891	0.026	0.022	2.484	-4211.658
21	6	629	275	0.4819	0.033	0.097	0.013	0.000	0.003	0.018	0.187	0.050	0.064	0.100	2.960	0.862	0.059	0.012	3.234	-3930.822
21	6	333	217	0.5755	0.104	0.303	0.017	0.011	0.005	0.025	0.365	0.111	0.151	0.109	3.351	0.777	0.096	0.040	4.299	-2531.993
21	6	516	284	0.4639	0.092	0.162	0.010	0.017	0.014	0.029	0.292	0.078	0.067	0.066	3.371	0.697	0.262	0.064	2.158	-3747.076
21	6	684	288	0.4353	0.076	0.076	0.013	0.003	0.003	0.027	0.210	0.116	0.084	0.027	3.103	0.924	0.041	0.024	4.916	-4368.574
21	6	375	313	0.4785	0.133	1.661	0.046	0.018	0.015	0.067	0.604	0.126	0.201	0.163	3.851	0.455	0.401	0.136	62.452	-3681.920
21	6	311	218	0.5006	0.135	0.294	0.033	0.007	0.019	0.118	0.437	0.054	0.162	0.075	2.655	0.782	0.033	0.028	2.599	-2475.017
21	6	456	255	0.5535	0.106	0.229	0.049	0.009	0.002	0.037	0.301	0.129	0.079	0.116	7.560	0.826	0.116	0.022	8.187	-3229.269
21	6	378	262	0.6128	0.078	1.879	0.075	0.011	0.009	0.037	0.520	0.118	0.124	0.099	4.147	0.768	0.102	0.066	46.201	-3193.864
21	6	229	187	0.5853	0.113	0.583	0.031	0.000	0.000	0.064	0.467	0.131	0.136	0.099	4.356	0.788	0.071	0.067	5.143	-1876.046
21	6	321	223	0.4273	0.053	0.249	0.034	0.006	0.003	0.035	0.279	0.116	0.071	0.075	3.414	0.836	0.093	0.094	6.805	-2354.498
21	6	457	281	0.6188	0.128	0.493	0.036	0.000	0.007	0.051	0.318	0.046	0.051	0.094	4.945	0.905	0.017	0.019	7.139	-3204.914
21	6	384	265	0.5035	0.147	0.186	0.086	0.005	0.010	0.039	0.364	0.091	0.093	0.107	2.907	0.843	0.101	0.089	8.126	-3071.388
21	6	609	365	0.4595	0.112	0.235	0.023	0.002	0.003	0.019	0.307	0.250	0.118	0.110	3.298	0.730	0.202	0.036	2.673	-4371.388
21	6	330	226	0.4212	0.102	0.327	0.056	0.005	0.004	0.048	0.356	0.113	0.110	0.045	3.949	0.581	0.163	0.026	5.569	-2653.646
21	6	810	323	0.4216	0.008	0.117	0.015	0.002	0.007	0.021	0.204	0.053	0.135	0.071	3.025	0.930	0.007	0.041	3.830	-5102.919
21	6	193	117	0.3831	0.006	0.171	0.000	0.000	0.005	0.005	0.217	0.096	0.040	0.059	3.649	0.761	0.047	0.031	4.413	-1198.474
21	6	388	269	0.5231	0.126	0.267	0.035	0.013	0.018	0.030	0.323	0.113	0.091	0.158	4.147	0.756	0.103	0.137	6.612	-3185.287
21	6	531	279	0.4589	0.052	0.126	0.017	0.002	0.002	0.032	0.250	0.136	0.070	0.047	2.774	0.801	0.034	0.037	1.182	-3535.120
21	6	592	226	0.4766	0.020	0.098	0.012	0.008	0.004	0.029	0.189	0.039	0.051	0.051	2.703	0.949	0.020	0.008	14.389	-3549.009
21	6	367	227	0.5623	0.122	0.197	0.017	0.011	0.003	0.050	0.254	0.133	0.062	0.107	4.229	0.781	0.051	0.043	3.775	-2645.763
21	6	391	154	0.5537	0.018	0.110	0.029	0.003	0.005	0.016	0.138	0.019	0.030	0.010	3.635	0.791	0.052	0.007	2.689	-2217.572
21	6	691	299	0.4792	0.040	0.085	0.018	0.005	0.007	0.018	0.172	0.077	0.077	0.055	4.077	0.903	0.001	0.064	2.984	-4354.602
21	6	234	147	0.5921	0.000	0.072	0.011	0.000	0.021	0.042	0.347	0.118	0.000	0.220	4.249	0.751	0.042	0.027	1.000	-1559.843
21	6	253	140	0.4504	0.008	0.053	0.012	0.000	0.000	0.030	0.291	0.133	0.076	0.065	3.622	0.969	0.031	0.021	1.000	-1572.260
21	6	459	375	0.5979	0.257	1.329	0.096	0.002	0.005	0.118	0.619	0.148	0.195	0.180	3.568	0.596	0.301	0.147	16.543	-4749.188
21	6	1148	584	0.4564	0.075	0.152	0.028	0.007	0.006	0.035	0.423	0.148	0.091	0.087	3.724	0.854	0.042	0.104	3.038	-8745.857
21	6	383	316	0.5717	0.258	0.883	0.059	0.006	0.025	0.069	0.519	0.136	0.138	0.270	5.256	0.587	0.307	0.090	18.593	-3645.814
21	6	690	383	0.6043	0.095	0.359	0.019	0.011	0.010	0.048	0.340	0.080	0.108	0.147	5.095	0.869	0.090	0.039	8.560	-5179.961
21	6	546	277	0.4935	0.092	0.072	0.015	0.013	0.004	0.023	0.338	0.101	0.112	0.111	2.695	0.954	0.024	0.051	1.000	-3809.692
21	6	495	368	0.4344	0.230	0.185	0.049	0.013	0.006	0.091	0.735	0.161	0.205	0.176	3.368	0.676	0.186	0.077	1.000	-4562.071
21	6	122	82	0.5501	0.201	0.257	0.000	0.009	0.000	0.000	0.192	0.015	0.105	0.138	3.489	0.195	0.024	0.074	1.413	-812.217
21	6	329	261	0.5563	0.191	0.338	0.054	0.006	0.016	0.049	0.478	0.172	0.126	0.124	4.060	0.740	0.089	0.135	6.143	-2926.822
21	6	358	194	0.6196	0.038	0.256	0.009	0.000	0.003	0.047	0.212	0.074	0.036	0.115	4.231	0.765	0.030	0.020	1.757	-2391.888
21	6	611	396	0.4971	0.109	0.299	0.010	0.008	0.003	0.047	0.304	0.187	0.151	0.149	3.401	0.827	0.094	0.089	6.062	-4963.428
21	6	479	314	0.4539	0.129	0.204	0.025	0.002	0.007	0.037	0.970	0.061	0.265	0.152	2.910	0.793	0.114	0.049	3.703	-4030.196
21	6	430	225	0.6176	0.058	0.182	0.006	0.013	0.010	0.041	0.324	0.050	0.076	0.059	3.551	0.795	0.085	0.030	2.897	-2924.315
21	6	1029	416	0.4854	0.090	0.120	0.019	0.003	0.006	0.022	0.278	0.059	0.054	0.038	2.744	0.935	0.045	0.022	6.721	-6757.377
21	6	1927	738	0.4771	0.059	0.119	0.016	0.004	0.007	0.032	0.416	0.119	0.079	0.084	3.051	0.917	0.066	0.046	4.962	-13871.972
21	6	682	403	0.4919	0.091	0.262	0.047	0.010	0.013	0.059	0.243	0.070	0.101	0.140	3.117	0.881	0.048	0.073	4.300	-5288.367
21	6	600	348	0.6608	0.190	0.182	0.026	0.007	0.016	0.080	0.390	0.095	0.083	0.215	4.429	0.862	0.076	0.043	4.458	-4562.773
21	6	677	294	0.4710	0.060	0.092	0.019	0.000	0.006	0.022	0.255	0.053	0.047	0.065	3.048	0.885	0.019	0.009	2.107	-4166.050
21	6	696	305	0.4183	0.064	0.107	0.013	0.006	0.006	0.020	0.215	0.095	0.100	0.062	3.234	0.923	0.031	0.031	4.090	-4505.120
21	6	519	320	0.5022	0.139	0.456	0.047	0.010	0.006	0.036	0.384	0.090	0.101	0.067	3.237	0.906	0.016	0.029	9.144	-3940.080
21	6	925	542	0.5611	0.190	0.269	0.041	0.010	0.009	0.049	0.350	0.094	0.135	0.195	4.230	0.811	0.068	0.052	3.337	-7445.810
21	6	566	176	0.4507	0.000	0.026	0.012	0.000	0.002	0.006	0.088	0.049	0.034	0.062	4.061	0.033	0.000	0.051	1.000	-3056.565
21	6	768	313	0.5596	0.036	0.139	0.015	0.006	0.007	0.023	0.157	0.028	0.080	0.060	3.886	0.906	0.041	0.041	7.229	-4795.220
21	6	210	144	0.6103	0.084	0.503	0.012	0.005	0.005	0.040	0.599	0.007	0.077	0.029	2.674	0.818	0.037	0.036	2.996	-1526.768
21	6	457	322	0.6546	0.141	0.573	0.036	0.008	0.014	0.080	0.778	0.157	0.077	0.088	3.398	0.841	0.113	0.049	6.695	-3982.609
21	6	819	485	0.5092	0.100	0.178	0.035	0.009	0.002	0.043	0.400	0.066	0.116	0.150	3.593	0.794	0.176	0.070	8.711	-6424.255
21	6	502	322	0.4542	0.097	0.137	0.016	0.004	0.002	0.038	0.289	0.138	0.084	0.103	2.667	0.815	0.113	0.119	8.928	-3756.584
21	6	349	231	0.5487	0.079	0.440	0.032	0.006	0.006	0.025	0.392	0.094	0.063	0.085	4.489	0.768	0.123	0.086	16.226	-2673.816
21	6	288	217	0.5815	0.236	0.687	0.115	0.023	0.006	0.064	0.702	0.086	0.106	0.212	4.792	0.660	0.128	0.046	2.374	-2627.485
21	6	242	181	0.5556	0.096	1.054	0.072	0.012	0.000	0.015	0.332	0.087	0.130	0.051	6.261	0.726	0.101	0.067	9.360	-1996.619
21	6	1164	622	0.5093	0.082	0.152	0.027	0.005	0.013	0.042	0.368	0.121	0.104	0.124	2.870	0.869	0.093	0.064	9.791	-8809.277
21	6	400	249	0.3948	0.058	0.164	0.036	0.003	0.000	0.039	0.315	0.105	0.100	0.107	3.985	0.756	0.092	0.146	9.246	-3014.598
21	6	212	159	0.4421	0.095	0.451	0.007	0.010	0.005	0.045	0.434	0.127	0.077	0.103	3.310	0.701	0.155	0.050	6.707	-1706.866
21	6	386	182	0.4761	0.044	0.138	0.011	0.000	0.005	0.021	0.203	0.050	0.064	0.009	3.456	0.830	0.058	0.000	3.794	-2382.687
21	6	396	235	0.6009	0.143	0.067	0.013	0.000	0.003	0.046	0.272	0.150	0.174	0.205	4.232	0.720	0.040	0.053	1.000	-2879.504
21	6	377	247	0.5878	0.189	0.177	0.027	0.011	0.008	0.045	0.365	0.064	0.095	0.145	3.564	0.879	0.080	0.072	13.852	-2900.337
21	6	391	171	0.4041	0.082	0.097	0.008	0.000	0.003	0.019	0.183	0.059	0.048	0.059	2.581	0.863	0.037	0.000	3.986	-2330.520
21	6	334	218	0.4665	0.000	0.017	0.013	0.000	0.003	0.037	0.613	0.183	0.061	0.260	3.860	0.000	0.000	0.033	999.000	-2312.543
21	6	314	204	0.5650	0.066	0.326	0.017	0.006	0.004	0.039	0.256	0.096	0.080	0.046	3.410	0.781	0.070	0.060	4.384	-2275.541
21	6	237	213	0.4354	0.230	0.678	0.015	0.000	0.022	0.097	0.447	0.087	0.176	0.239	3.441	0.559	0.261	0.268	13.048	-2294.873
21	6	357	238	0.5213	0.053	0.422	0.039	0.012	0.020	0.037	0.459	0.111	0.153	0.127	3.375	0.773	0.167	0.038	5.199	-2938.886
21	6	449	328	0.5349	0.159	0.440	0.069	0.002	0.005	0.038	0.429	0.121	0.104	0.111	2.979	0.774	0.141	0.151	15.056	-3900.014
21	6	519	357	0.4107	0.143	0.321	0.017	0.004	0.006	0.047	0.546	0.155	0.124	0.090	3.666	0.668	0.219	0.113	10.049	-4474.228
21	6	443	191	0.6212	0.034	0.083	0.022	0.012	0.002	0.016	0.130	0.074	0.040	0.082	5.296	0.766	0.173	0.023	34.493	-2733.729
21	6	354	143	0.5725	0.001	0.091	0.000	0.006	0.003	0.012	0.063	0.011	0.021	0.030	2.007	0.919	0.000	0.027	5.036	-1841.363
21	6	455	337	0.4322	0.092	0.329	0.042	0.013	0.005	0.047	0.550	0.103	0.140	0.169	3.383	0.704	0.142	0.101	8.967	-3975.077
21	6	242	222	0.4323	0.141	1.322	0.045	0.013	0.013	0.022	0.931	0.161	0.157	0.137	3.380	0.324	0.327	0.162	29.913	-2514.273
21	6	851	479	0.4961	0.215	0.260	0.023	0.005	0.005	0.038	0.311	0.085	0.131	0.156	3.978	0.814	0.157	0.061	18.448	-6695.119
21	6	828	440	0.4659	0.154	0.161	0.024	0.005	0.005	0.052	0.244	0.083	0.080	0.129	2.806	0.864	0.069	0.062	2.880	-6143.617
21	6	422	263	0.5952	0.146	0.261	0.012	0.011	0.006	0.067	0.455	0.104	0.060	0.138	5.050	0.795	0.096	0.049	3.553	-3234.358
21	6	410	288	0.5305	0.120	0.292	0.015	0.005	0.002	0.052	0.323	0.223	0.115	0.140	3.566	0.716	0.225	0.087	9.699	-3488.179
21	6	308	259	0.5976	0.247	1.079	0.086	0.040	0.012	0.054	0.607	0.137	0.251	0.272	4.508	0.597	0.279	0.122	19.919	-3151.663
21	6	491	331	0.5763	0.189	0.236	0.022	0.006	0.007	0.039	0.395	0.125	0.097	0.175	3.926	0.800	0.172	0.081	18.970	-3921.609
21	6	883	341	0.5108	0.062	0.093	0.012	0.000	0.001	0.017	0.181	0.097	0.072	0.069	3.934	0.916	0.010	0.011	2.364	-5393.041
21	6	263	178	0.4800	0.062	0.202	0.005	0.000	0.008	0.010	0.563	0.210	0.100	0.068	3.418	0.815	0.098	0.022	6.559	-1935.604
21	6	297	183	0.4433	0.049	0.245	0.024	0.007	0.010	0.012	0.160	0.087	0.072	0.094	3.506	0.875	0.020	0.026	8.903	-1997.026
21	6	618	351	0.5175	0.097	0.224	0.029	0.008	0.008	0.057	0.283	0.109	0.083	0.100	2.759	0.846	0.053	0.062	3.305	-4691.962
21	6	689	384	0.5223	0.146	0.192	0.016	0.007	0.007	0.023	0.250	0.117	0.128	0.169	3.383	0.820	0.107	0.062	4.174	-5308.051
21	6	620	407	0.4374	0.164	0.163	0.024	0.008	0.008	0.033	0.414	0.122	0.104	0.164	3.708	0.526	0.143	0.158	1.646	-5225.841
21	6	691	465	0.5490	0.122	0.240	0.018	0.012	0.014	0.047	0.460	0.149	0.149	0.132	2.347	0.754	0.120	0.114	3.146	-6031.089
21	6	228	97	0.6187	0.092	0.000	0.008	0.000	0.000	0.000	0.029	0.009	0.018	0.000	2.658	0.735	0.247	0.000	1.269	-1093.459
21	6	763	463	0.6268	0.156	0.276	0.034	0.019	0.005	0.056	0.426	0.108	0.135	0.146	5.124	0.840	0.106	0.075	9.117	-6080.415
21	6	105	87	0.5178	0.160	0.380	0.027	0.048	0.000	0.065	0.211	0.002	0.059	0.133	9.883	0.453	0.132	0.042	4.559	-788.400
21	6	214	149	0.4782	0.031	0.061	0.025	0.014	0.010	0.004	0.217	0.125	0.106	0.071	4.574	0.637	0.040	0.070	1.000	-1441.129
21	6	304	225	0.5049	0.122	0.295	0.014	0.014	0.007	0.031	0.349	0.062	0.123	0.175	2.884	0.777	0.109	0.049	3.347	-2406.648
21	6	175	150	0.4863	0.176	0.603	0.031	0.018	0.005	0.066	0.359	0.067	0.263	0.164	3.174	0.534	0.187	0.046	10.087	-1627.490
21	6	446	317	0.5710	0.263	0.315	0.004	0.009	0.005	0.069	0.481	0.083	0.121	0.244	3.682	0.743	0.162	0.074	5.711	-3826.921
21	6	512	276	0.4502	0.084	0.160	0.031	0.008	0.010	0.004	0.339	0.070	0.166	0.100	5.069	0.824	0.097	0.043	8.765	-3682.208
21	6	133	119	0.6023	0.340	0.700	0.073	0.000	0.025	0.175	0.639	0.166	0.019	0.346	3.353	0.402	0.151	0.081	2.767	-1352.796
21	6	421	240	0.6003	0.107	0.247	0.015	0.000	0.015	0.050	0.229	0.064	0.137	0.049	6.627	0.870	0.040	0.036	2.139	-2861.483
21	6	264	171	0.5502	0.077	0.310	0.015	0.000	0.004	0.057	0.306	0.084	0.122	0.078	3.213	0.800	0.069	0.025	5.914	-1932.762
21	6	1224	542	0.5075	0.110	0.108	0.018	0.003	0.001	0.035	0.230	0.093	0.085	0.048	3.914	0.882	0.065	0.074	4.694	-8227.818
21	6	788	335	0.5376	0.076	0.137	0.017	0.005	0.005	0.022	0.227	0.050	0.086	0.077	3.695	0.916	0.036	0.011	3.850	-5008.654
21	6	583	382	0.5413	0.176	0.123	0.016	0.009	0.007	0.037	0.461	0.192	0.197	0.161	4.130	0.821	0.089	0.069	8.616	-4763.302
21	6	223	171	0.6847	0.212	0.064	0.069	0.008	0.025	0.079	0.654	0.082	0.122	0.225	3.408	0.568	0.060	0.062	999.000	-1851.129
21	6	138	130	0.6090	0.231	0.652	0.095	0.007	0.008	0.005	0.680	0.282	0.187	0.209	5.226	0.634	0.117	0.226	2.868	-1392.535
21	6	261	169	0.5338	0.117	0.171	0.017	0.008	0.004	0.019	0.293	0.057	0.065	0.082	2.554	0.720	0.042	0.039	4.554	-1852.594
21	6	783	477	0.4366	0.122	0.363	0.017	0.005	0.004	0.027	0.328	0.098	0.112	0.158	3.078	0.718	0.131	0.108	9.107	-6334.916
21	6	396	237	0.5563	0.142	0.122	0.022	0.010	0.011	0.018	0.321	0.061	0.081	0.187	3.681	0.855	0.026	0.039	4.330	-2803.322
21	6	376	176	0.4992	0.044	0.170	0.000	0.003	0.000	0.016	0.124	0.075	0.036	0.043	3.183	0.820	0.042	0.001	2.728	-2269.753
21	6	445	292	0.6648	0.220	0.504	0.029	0.005	0.012	0.060	0.905	0.107	0.120	0.237	5.847	0.792	0.129	0.034	7.223	-3723.810
21	6	472	196	0.4557	0.062	0.131	0.013	0.007	0.000	0.025	0.107	0.031	0.044	0.030	3.683	0.863	0.048	0.016	5.016	-2811.352
21	6	274	211	0.5217	0.136	0.433	0.025	0.011	0.004	0.083	0.367	0.080	0.097	0.152	2.867	0.752	0.113	0.155	8.055	-2375.155
21	6	636	259	0.5874	0.049	0.082	0.015	0.000	0.003	0.024	0.171	0.047	0.083	0.060	4.795	0.957	0.004	0.045	7.777	-3868.456
21	6	189	149	0.5144	0.132	0.652	0.000	0.011	0.005	0.050	0.499	0.034	0.107	0.070	3.226	0.697	0.025	0.094	4.967	-1503.377
21	6	515	322	0.4691	0.095	0.186	0.025	0.010	0.015	0.034	0.411	0.136	0.124	0.097	3.206	0.802	0.104	0.073	9.423	-4055.005
21	6	1142	439	0.4592	0.043	0.131	0.019	0.006	0.004	0.027	0.207	0.059	0.070	0.076	3.586	0.864	0.094	0.069	9.194	-7545.726
21	6	381	242	0.5336	0.049	0.322	0.010	0.009	0.003	0.041	0.256	0.079	0.047	0.084	4.270	0.787	0.093	0.020	4.310	-2720.630
21	6	348	151	0.5255	0.025	0.095	0.007	0.000	0.000	0.023	0.077	0.057	0.037	0.011	2.492	0.813	0.000	0.097	1.204	-1966.172
21	6	337	241	0.6045	0.132	0.338	0.036	0.010	0.016	0.050	0.437	0.156	0.047	0.130	3.021	0.701	0.147	0.055	4.978	-2764.078
21	6	669	411	0.6422	0.160	1.091	0.064	0.012	0.002	0.055	0.542	0.070	0.095	0.092	4.255	0.890	0.061	0.027	27.609	-5219.069
21	6	298	242	0.5240	0.211	0.635	0.039	0.009	0.018	0.059	0.512	0.073	0.127	0.193	3.194	0.700	0.172	0.095	9.610	-2705.495
21	6	452	314	0.5248	0.115	0.339	0.050	0.009	0.004	0.054	0.331	0.117	0.096	0.098	3.775	0.632	0.281	0.160	9.696	-3788.322
21	6	363	210	0.6279	0.094	0.079	0.019	0.014	0.003	0.030	0.288	0.037	0.077	0.154	3.377	0.981	0.019	0.058	1.000	-2456.770
21	6	657	345	0.5121	0.169	0.140	0.025	0.006	0.003	0.034	0.246	0.081	0.076	0.144	3.521	0.909	0.054	0.044	24.024	-4662.318
21	6	183	140	0.5085	0.097	0.254	0.077	0.003	0.024	0.000	0.302	0.061	0.200	0.124	2.969	0.711	0.070	0.102	3.528	-1435.192
21	6	320	196	0.5510	0.088	0.304	0.012	0.010	0.006	0.031	0.214	0.058	0.070	0.101	5.448	0.784	0.034	0.012	2.751	-2154.412
21	6	407	139	0.4968	0.001	0.086	0.000	0.003	0.000	0.010	0.089	0.030	0.062	0.014	3.007	0.803	0.122	0.000	3.990	-2184.545
21	6	880	415	0.4457	0.101	0.109	0.010	0.009	0.009	0.027	0.205	0.073	0.073	0.050	2.543	0.932	0.023	0.064	4.735	-5860.858
21	6	380	270	0.5167	0.127	0.258	0.032	0.013	0.005	0.041	0.641	0.138	0.118	0.157	3.542	0.840	0.038	0.062	2.793	-3122.928
21	6	497	337	0.6042	0.114	5.459	0.049	0.000	0.000	0.045	0.410	0.119	0.133	0.117	5.486	0.705	0.186	0.074	197.239	-4120.713
21	6	339	197	0.5138	0.082	0.070	0.013	0.006	0.000	0.052	0.342	0.084	0.023	0.107	5.804	0.965	0.035	0.058	1.000	-2254.594
21	6	1055	684	0.4077	0.108	0.343	0.031	0.005	0.006	0.037	0.518	0.141	0.168	0.119	4.115	0.750	0.203	0.124	23.859	-8859.331
21	6	159	123	0.4400	0.045	0.150	0.032	0.006	0.000	0.022	0.380	0.034	0.069	0.072	1.654	0.130	0.004	0.053	1.109	-1071.783
21	6	214	171	0.6500	0.179	0.628	0.080	0.019	0.028	0.082	0.280	0.074	0.057	0.123	4.622	0.725	0.033	0.051	6.075	-1735.605
21	6	459	195	0.4994	0.015	0.129	0.007	0.007	0.000	0.013	0.149	0.048	0.042	0.028	2.976	0.888	0.021	0.034	2.371	-2688.177
21	6	497	250	0.6230	0.129	0.305	0.017	0.009	0.012	0.071	0.267	0.117	0.019	0.049	5.901	0.897	0.022	0.008	2.028	-3154.438
21	6	470	352	0.6544	0.353	0.228	0.065	0.016	0.000	0.056	0.805	0.111	0.083	0.392	4.074	0.842	0.078	0.073	1.000	-3973.174
21	6	527	344	0.4399	0.134	0.300	0.012	0.012	0.004	0.061	0.412	0.141	0.249	0.111	3.246	0.708	0.197	0.031	6.830	-4405.123
21	6	333	170	0.4326	0.001	0.112	0.020	0.006	0.003	0.015	0.165	0.077	0.067	0.046	7.279	0.510	0.023	0.065	1.000	-2036.658
21	6	603	390	0.4462	0.150	0.259	0.038	0.016	0.008	0.031	0.436	0.078	0.174	0.111	3.252	0.718	0.205	0.069	5.215	-5065.849
21	6	402	298	0.6438	0.211	0.697	0.028	0.005	0.014	0.125	0.641	0.209	0.112	0.146	4.014	0.841	0.064	0.127	12.481	-3690.991
21	6	381	321	0.6377	0.109	1.156	0.059	0.015	0.016	0.086	1.008	0.223	0.225	0.127	3.436	0.684	0.205	0.076	9.835	-3859.842
21	6	342	222	0.4566	0.091	0.090	0.016	0.006	0.000	0.030	0.312	0.143	0.124	0.119	2.054	0.944	0.015	0.071	15.329	-2484.250
21	6	449	291	0.5496	0.149	0.364	0.011	0.002	0.005	0.037	0.292	0.148	0.119	0.078	3.496	0.807	0.139	0.086	6.334	-3619.957
21	6	623	263	0.4516	0.001	0.097	0.010	0.002	0.000	0.027	0.188	0.096	0.070	0.057	2.701	0.901	0.031	0.022	4.563	-3836.564
21	6	304	198	0.6057	0.166	0.349	0.089	0.000	0.011	0.081	0.203	0.053	0.084	0.102	4.748	0.797	0.067	0.046	3.722	-2314.565
21	6	281	198	0.6321	0.115	0.481	0.021	0.008	0.040	0.047	0.307	0.089	0.043	0.116	5.630	0.442	0.318	0.000	9.386	-2287.169
21	6	251	172	0.5358	0.065	0.127	0.017	0.000	0.004	0.032	0.392	0.037	0.124	0.137	2.960	0.728	0.050	0.020	4.415	-1768.726
21	6	437	308	0.4211	0.100	0.267	0.022	0.005	0.009	0.047	0.461	0.193	0.167	0.111	2.980	0.726	0.120	0.075	3.750	-3703.812
21	6	278	225	0.6254	0.201	0.476	0.048	0.015	0.000	0.053	0.400	0.128	0.132	0.199	4.066	0.673	0.174	0.101	8.293	-2484.431
21	6	326	189	0.3838	0.048	0.185	0.039	0.003	0.000	0.009	0.210	0.151	0.070	0.081	2.662	0.831	0.045	0.011	2.423	-2160.328
21	6	329	275	0.5431	0.249	0.891	0.087	0.011	0.013	0.079	1.312	0.274	0.177	0.169	3.526	0.673	0.177	0.101	9.076	-3409.055
21	6	680	268	0.5345	0.018	0.136	0.009	0.003	0.006	0.021	0.156	0.071	0.034	0.089	4.847	0.896	0.079	0.033	17.947	-4211.786
21	6	192	170	0.5111	0.174	0.833	0.018	0.000	0.011	0.030	0.349	0.095	0.114	0.164	4.074	0.714	0.078	0.138	13.576	-1657.671
21	6	661	316	0.4504	0.081	0.167	0.015	0.006	0.005	0.029	0.286	0.131	0.033	0.100	2.458	0.902	0.025	0.013	2.715	-4411.690
21	6	300	203	0.5822	0.126	0.236	0.046	0.000	0.007	0.030	0.209	0.097	0.073	0.106	3.328	0.673	0.147	0.033	7.186	-2235.311
21	6	334	236	0.5797	0.092	0.329	0.044	0.015	0.007	0.059	0.421	0.116	0.096	0.064	2.834	0.744	0.114	0.034	4.497	-2712.855
21	6	209	161	0.6197	0.152	0.218	0.027	0.000	0.005	0.060	0.481	0.129	0.083	0.197	2.951	0.644	0.037	0.121	5.220	-1722.216
21	6	583	333	0.4268	0.061	0.145	0.015	0.007	0.005	0.017	0.314	0.144	0.186	0.046	2.616	0.849	0.128	0.101	15.533	-4386.897
21	6	918	505	0.6350	0.164	0.279	0.061	0.011	0.021	0.050	0.361	0.101	0.089	0.105	4.900	0.831	0.132	0.071	10.816	-7372.062
21	6	352	157	0.6649	0.030	0.067	0.010	0.003	0.006	0.035	0.326	0.012	0.062	0.061	2.976	0.907	0.029	0.023	1.000	-2030.299
21	6	1107	585	0.4897	0.208	0.176	0.032	0.009	0.008	0.026	0.369	0.123	0.123	0.235	3.440	0.939	0.045	0.045	6.512	-8595.094
21	6	564	337	0.4005	0.060	0.188	0.012	0.011	0.005	0.049	0.452	0.137	0.141	0.142	3.617	0.812	0.147	0.068	8.946	-4452.342
21	6	454	283	0.4906	0.168	0.190	0.013	0.001	0.005	0.042	0.264	0.072	0.119	0.173	3.486	0.793	0.104	0.064	5.091	-3461.868
21	6	425	255	0.6060	0.240	0.356	0.011	0.005	0.000	0.065	0.229	0.032	0.066	0.263	2.651	0.892	0.024	0.047	4.683	-3090.411
21	6	1176	471	0.4820	0.077	0.083	0.011	0.004	0.004	0.019	0.239	0.093	0.068	0.047	3.653	0.958	0.042	0.096	1.000	-7745.931
21	6	531	344	0.5293	0.106	0.278	0.027	0.011	0.006	0.031	0.491	0.099	0.102	0.104	4.288	0.873	0.093	0.060	11.639	-4084.761
21	6	541	288	0.4041	0.077	0.200	0.018	0.002	0.008	0.044	0.237	0.097	0.080	0.017	3.345	0.854	0.053	0.053	4.850	-3737.203
21	6	323	280	0.4793	0.171	0.201	0.048	0.009	0.026	0.086	0.781	0.165	0.239	0.176	4.710	0.388	0.236	0.173	6.556	-3200.692
21	6	482	340	0.6681	0.349	0.559	0.047	0.011	0.018	0.068	0.567	0.169	0.070	0.279	6.434	0.813	0.119	0.058	9.506	-4139.823
21	6	280	224	0.6191	0.255	0.381	0.057	0.004	0.003	0.065	0.371	0.119	0.123	0.207	4.579	0.692	0.140	0.101	2.844	-2437.593
21	6	989	594	0.5347	0.136	0.173	0.030	0.008	0.008	0.047	0.392	0.092	0.116	0.194	5.723	0.703	0.238	0.114	7.285	-7821.373
21	6	304	220	0.5662	0.075	0.129	0.011	0.004	0.009	0.062	0.414	0.193	0.192	0.091	2.750	0.706	0.083	0.070	1.000	-2459.950
21	6	415	234	0.4962	0.114	0.111	0.017	0.003	0.007	0.026	0.289	0.109	0.076	0.060	2.368	0.667	0.017	0.049	1.000	-2838.093
21	6	338	251	0.4434	0.111	0.939	0.018	0.022	0.031	0.035	0.554	0.128	0.074	0.108	3.926	0.440	0.358	0.033	12.255	-3098.512
21	6	386	168	0.6407	0.045	0.149	0.049	0.005	0.000	0.007	0.225	0.115	0.004	0.025	5.892	0.883	0.049	0.002	5.954	-2253.170
21	6	285	191	0.5582	0.109	0.413	0.050	0.004	0.007	0.017	0.233	0.094	0.081	0.061	4.801	0.806	0.078	0.036	5.581	-2051.102
21	6	346	304	0.5547	0.237	1.385	0.051	0.015	0.012	0.072	0.777	0.162	0.079	0.191	4.627	0.522	0.331	0.058	10.611	-3493.527
21	6	1643	1008	0.3830	0.172	0.166	0.031	0.009	0.007	0.051	0.552	0.148	0.155	0.176	3.022	0.722	0.241	0.149	3.942	-14469.386
21	6	434	322	0.5462	0.158	0.217	0.000	0.017	0.007	0.040	0.478	0.135	0.158	0.187	4.416	0.765	0.203	0.152	2.385	-3682.560
21	6	297	195	0.5039	0.122	0.066	0.003	0.007	0.003	0.042	0.312	0.148	0.165	0.112	2.758	0.943	0.057	0.014	1.000	-2095.702
21	6	293	226	0.5651	0.465	0.247	0.002	0.026	0.014	0.106	0.443	0.136	0.100	0.473	4.732	0.570	0.200	0.048	4.560	-2633.201
21	6	490	318	0.5271	0.090	0.322	0.036	0.007	0.019	0.063	0.412	0.103	0.127	0.119	3.416	0.828	0.103	0.056	5.767	-3985.010
21	6	427	252	0.5058	0.096	0.241	0.046	0.014	0.010	0.019	0.229	0.076	0.049	0.098	3.659	0.818	0.076	0.027	6.874	-3022.646
21	6	417	241	0.5631	0.071	0.200	0.027	0.014	0.008	0.059	0.294	0.042	0.111	0.104	3.976	0.886	0.071	0.055	7.471	-3016.597
21	6	496	200	0.5280	0.055	0.109	0.004	0.000	0.004	0.008	0.085	0.048	0.054	0.057	3.850	0.924	0.016	0.007	8.120	-2820.184
21	6	777	413	0.5996	0.134	0.260	0.042	0.012	0.009	0.056	0.331	0.108	0.080	0.115	5.363	0.888	0.079	0.033	4.510	-5743.949
21	6	636	274	0.4383	0.099	0.100	0.019	0.002	0.004	0.030	0.226	0.035	0.077	0.048	3.392	0.901	0.049	0.009	7.375	-4042.348
21	6	363	273	0.6005	0.113	0.595	0.060	0.003	0.005	0.089	0.563	0.174	0.094	0.136	3.766	0.741	0.126	0.068	7.914	-3202.617
21	6	160	115	0.5240	0.053	0.251	0.000	0.000	0.000	0.013	0.282	0.114	0.043	0.020	3.447	0.682	0.133	0.013	5.900	-1093.064
21	6	404	249	0.6216	0.128	0.593	0.003	0.002	0.008	0.028	0.160	0.119	0.093	0.104	5.436	0.862	0.025	0.046	21.731	-2894.817
21	6	470	312	0.4789	0.107	0.265	0.014	0.009	0.000	0.024	0.429	0.094	0.174	0.138	3.434	0.822	0.110	0.046	8.060	-3659.723
21	6	451	298	0.4281	0.053	0.163	0.020	0.005	0.007	0.015	0.483	0.142	0.110	0.138	3.262	0.836	0.067	0.144	2.919	-3571.705
21	6	247	213	0.5315	0.174	0.387	0.025	0.006	0.028	0.084	0.626	0.116	0.176	0.225	4.215	0.426	0.179	0.079	2.829	-2360.792
21	6	327	199	0.5885	0.160	0.259	0.017	0.013	0.012	0.021	0.291	0.057	0.166	0.130	4.660	0.804	0.052	0.023	1.000	-2351.667
21	6	264	213	0.4608	0.124	0.342	0.059	0.008	0.008	0.060	0.500	0.190	0.112	0.162	3.053	0.733	0.095	0.117	3.696	-2363.306
21	6	302	121	0.4487	0.028	0.073	0.003	0.003	0.000	0.010	0.132	0.008	0.023	0.025	3.941	0.068	0.000	0.038	1.000	-1645.482
21	6	553	332	0.6154	0.073	0.300	0.022	0.011	0.002	0.047	0.400	0.081	0.109	0.096	4.931	0.880	0.054	0.042	9.506	-3972.275
21	6	254	219	0.5147	0.241	0.607	0.050	0.012	0.017	0.070	0.633	0.079	0.161	0.234	4.766	0.421	0.219	0.120	9.295	-2497.165
21	6	317	188	0.6579	0.058	0.625	0.030	0.004	0.003	0.098	0.393	0.056	0.059	0.052	8.586	0.843	0.076	0.025	7.500	-2220.195
21	6	200	155	0.3974	0.031	0.569	0.028	0.000	0.000	0.111	0.508	0.138	0.156	0.064	5.153	0.534	0.271	0.047	6.781	-1676.715
21	6	285	209	0.5500	0.088	0.238	0.029	0.004	0.007	0.052	0.355	0.097	0.105	0.073	4.204	0.615	0.104	0.070	3.543	-2213.307
21	6	543	317	0.6081	0.140	0.163	0.032	0.006	0.008	0.045	0.358	0.071	0.075	0.133	3.806	0.765	0.093	0.042	2.009	-4010.386
21	6	365	242	0.5327	0.072	0.271	0.016	0.006	0.006	0.025	0.222	0.107	0.085	0.108	3.654	0.822	0.098	0.095	7.331	-2696.798
21	6	306	205	0.6914	0.112	0.353	0.039	0.010	0.018	0.048	0.381	0.108	0.123	0.067	3.802	0.841	0.070	0.061	4.638	-2353.331
21	6	332	260	0.6294	0.205	0.745	0.000	0.096	0.058	0.097	0.591	0.096	0.137	0.169	5.608	0.655	0.204	0.069	7.853	-3029.793
21	6	353	241	0.5270	0.096	0.245	0.001	0.006	0.006	0.040	0.432	0.117	0.098	0.149	3.257	0.840	0.076	0.075	7.084	-2773.105
21	6	349	184	0.4582	0.031	1.248	0.034	0.000	0.006	0.005	0.169	0.024	0.009	0.030	3.823	0.731	0.132	0.040	47.447	-2265.977
21	6	738	495	0.4686	0.082	0.103	0.028	0.004	0.006	0.033	0.656	0.129	0.247	0.091	3.784	0.757	0.154	0.136	1.000	-6167.457
21	6	591	433	0.4189	0.110	0.317	0.021	0.034	0.003	0.047	0.590	0.217	0.118	0.131	3.637	0.760	0.200	0.210	7.253	-5234.666
21	6	385	295	0.5140	0.157	0.289	0.046	0.005	0.008	0.045	0.314	0.227	0.171	0.157	3.922	0.704	0.165	0.180	8.320	-3456.027
21	6	282	193	0.4525	0.221	0.204	0.015	0.011	0.000	0.027	0.581	0.065	0.081	0.213	2.958	0.702	0.025	0.055	5.636	-2153.832
21	6	197	168	0.4716	0.087	0.345	0.062	0.036	0.000	0.023	0.745	0.144	0.093	0.090	4.004	0.589	0.205	0.057	4.183	-1746.292
21	6	287	235	0.6041	0.331	0.378	0.070	0.015	0.013	0.056	0.432	0.133	0.106	0.319	3.137	0.771	0.055	0.146	8.263	-2673.134
21	6	269	224	0.5143	0.195	0.335	0.012	0.012	0.008	0.043	0.350	0.127	0.125	0.155	4.529	0.661	0.135	0.201	7.700	-2305.187
21	6	244	165	0.6947	0.124	0.203	0.007	0.012	0.006	0.024	0.502	0.045	0.166	0.136	5.952	0.696	0.084	0.024	1.000	-1728.754
21	6	953	595	0.4048	0.128	0.250	0.022	0.015	0.012	0.024	0.336	0.120	0.194	0.137	3.890	0.636	0.311	0.088	7.866	-7891.297
21	6	302	188	0.6786	0.141	0.389	0.034	0.007	0.010	0.034	0.196	0.060	0.058	0.093	4.062	0.850	0.000	0.090	3.229	-2130.864
21	6	312	243	0.4556	0.114	0.397	0.013	0.006	0.011	0.093	0.500	0.179	0.138	0.154	4.350	0.384	0.417	0.000	9.098	-2880.905
21	6	319	193	0.4598	0.056	0.107	0.013	0.005	0.011	0.015	0.283	0.069	0.162	0.102	3.039	0.835	0.040	0.021	5.197	-2192.158
21	6	616	268	0.4636	0.056	0.107	0.012	0.000	0.010	0.018	0.206	0.046	0.035	0.027	5.499	0.633	0.025	0.046	1.411	-3768.740
21	6	429	334	0.4088	0.312	0.282	0.039	0.008	0.007	0.030	0.539	0.116	0.162	0.317	4.010	0.662	0.193	0.109	4.344	-3924.143
21	6	548	261	0.4048	0.045	0.139	0.011	0.001	0.005	0.025	0.212	0.112	0.060	0.092	2.841	0.949	0.023	0.042	18.930	-3521.806
21	6	315	213	0.7384	0.160	0.751	0.085	0.033	0.006	0.062	0.333	0.120	0.171	0.121	4.975	0.816	0.068	0.069	15.258	-2565.497
21	6	491	286	0.5012	0.066	0.240	0.030	0.015	0.002	0.048	0.215	0.067	0.108	0.081	4.315	0.785	0.131	0.054	5.582	-3597.273
21	6	654	249	0.4209	0.053	0.099	0.011	0.002	0.000	0.019	0.168	0.045	0.126	0.003	2.626	0.918	0.030	0.018	3.396	-3883.094
21	6	481	188	0.4697	0.037	0.071	0.013	0.002	0.000	0.008	0.152	0.053	0.033	0.048	1.883	0.847	0.049	0.005	2.673	-2810.274
21	6	341	266	0.5383	0.163	0.537	0.030	0.017	0.020	0.058	0.465	0.146	0.084	0.183	3.323	0.761	0.130	0.096	8.578	-3051.350
21	6	144	116	0.5154	0.182	0.589	0.053	0.000	0.022	0.036	0.157	0.026	0.221	0.159	4.488	0.519	0.197	0.015	5.573	-1197.904
21	6	137	124	0.4886	0.347	0.149	0.026	0.007	0.000	0.019	0.961	0.137	0.206	0.345	3.736	0.359	0.165	0.123	999.000	-1283.409
21	6	987	545	0.4990	0.190	0.215	0.026	0.005	0.006	0.043	0.419	0.104	0.091	0.160	2.278	0.917	0.083	0.076	27.428	-7807.959
21	6	150	125	0.4731	0.109	0.152	0.011	0.027	0.000	0.016	0.395	0.139	0.071	0.094	10.897	0.000	0.000	0.063	4.405	-1074.713
21	6	252	180	0.4081	0.082	0.456	0.033	0.004	0.000	0.020	0.289	0.042	0.052	0.143	6.006	0.767	0.000	0.164	10.274	-1872.969
21	6	579	372	0.4553	0.108	0.312	0.023	0.007	0.008	0.023	0.325	0.110	0.116	0.096	3.627	0.720	0.225	0.047	9.320	-4475.498
21	6	254	193	0.4541	0.084	0.435	0.012	0.008	0.004	0.042	0.404	0.145	0.145	0.057	2.551	0.769	0.055	0.060	1.929	-2057.357
21	6	1442	645	0.5172	0.113	0.164	0.025	0.009	0.007	0.033	0.340	0.114	0.099	0.073	3.138	0.879	0.074	0.064	4.527	-10625.224
21	6	175	154	0.4018	0.205	1.155	0.021	0.012	0.012	0.047	0.551	0.115	0.226	0.146	4.630	0.385	0.315	0.110	10.181	-1636.574
21	6	226	151	0.4811	0.084	0.323	0.015	0.000	0.000	0.012	0.160	0.167	0.083	0.067	4.062	0.781	0.044	0.009	4.179	-1556.928
21	6	378	293	0.6505	0.271	0.895	0.077	0.016	0.029	0.106	0.898	0.131	0.135	0.296	7.018	0.819	0.089	0.066	5.446	-3520.538
21	6	187	163	0.4911	0.139	9.836	0.000	0.006	0.011	0.086	0.208	0.122	0.080	0.186	3.931	0.661	0.071	0.091	101.354	-1675.765
21	6	202	153	0.5897	0.140	0.621	0.045	0.011	0.005	0.029	0.355	0.086	0.066	0.112	5.350	0.665	0.076	0.133	5.205	-1643.455
21	6	172	123	0.4880	0.146	0.086	0.028	0.006	0.006	0.015	0.323	0.096	0.133	0.132	1.545	0.000	0.000	0.031	1.609	-1252.447
21	6	148	129	0.6115	0.257	0.132	0.033	0.057	0.000	0.030	0.640	0.154	0.099	0.232	3.260	0.000	0.000	0.117	1.000	-1353.456
21	6	601	393	0.4316	0.096	0.324	0.037	0.019	0.014	0.069	0.315	0.122	0.142	0.146	2.975	0.806	0.134	0.110	8.976	-5060.797
21	6	154	135	0.4539	0.130	1.047	0.025	0.000	0.007	0.113	0.390	0.241	0.134	0.097	3.279	0.505	0.266	0.015	8.358	-1448.460
21	6	111	78	0.5811	0.090	0.252	0.000	0.000	0.000	0.009	0.127	0.019	0.027	0.045	7.132	0.466	0.034	0.041	2.193	-669.745
21	6	241	176	0.4417	0.084	0.519	0.008	0.000	0.000	0.044	0.387	0.088	0.094	0.119	3.908	0.682	0.144	0.088	10.389	-1952.631
21	6	312	249	0.5834	0.150	0.319	0.010	0.003	0.000	0.034	0.512	0.165	0.208	0.087	5.674	0.317	0.497	0.052	11.805	-2735.064
21	6	145	128	0.6500	0.673	2.211	0.008	0.013	0.018	0.116	0.501	0.081	0.102	0.622	4.959	0.601	0.110	0.071	6.092	-1415.716
21	6	312	246	0.7233	0.287	1.236	0.057	0.000	0.033	0.067	1.165	0.122	0.109	0.319	10.486	0.778	0.117	0.050	9.745	-2713.752
21	6	232	164	0.6010	0.112	0.262	0.004	0.004	0.014	0.028	0.603	0.066	0.072	0.145	2.909	0.783	0.096	0.026	5.708	-1733.953
21	6	422	257	0.5817	0.106	0.346	0.042	0.001	0.003	0.038	0.300	0.042	0.082	0.141	4.137	0.854	0.047	0.027	4.827	-3018.949
