1	6	435	260	0.4980	0.115	0.129	0.025	0.009	0.002	0.063	0.274	0.070	0.114	0.093	3.903	0.751	0.249	0.047	-3267.005
21	6	236	133	0.4266	0.019	0.069	0.046	0.005	0.000	0.033	0.244	0.042	0.098	0.041	1.777	0.901	0.036	0.019	-1471.467
21	6	286	176	0.4616	0.115	0.222	0.010	0.004	0.004	0.026	0.575	0.014	0.059	0.183	1.999	0.899	0.061	0.027	-1944.926
21	6	866	330	0.5383	0.066	0.066	0.016	0.001	0.004	0.030	0.163	0.033	0.052	0.124	4.495	0.901	0.056	0.012	-5257.903
21	6	273	185	0.4300	0.086	0.115	0.029	0.012	0.000	0.039	0.360	0.108	0.156	0.127	3.451	0.835	0.083	0.065	-2066.152
21	6	306	250	0.6362	0.179	0.261	0.054	0.027	0.011	0.064	0.593	0.160	0.175	0.194	4.440	0.572	0.217	0.123	-2880.207
21	6	787	378	0.4511	0.054	0.054	0.011	0.005	0.003	0.018	0.363	0.086	0.106	0.074	3.832	0.834	0.066	0.094	-5405.557
21	6	695	345	0.4828	0.082	0.107	0.008	0.006	0.005	0.021	0.411	0.121	0.099	0.057	3.653	0.947	0.041	0.038	-4806.706
21	6	878	540	0.3845	0.123	0.144	0.030	0.011	0.004	0.053	0.685	0.130	0.184	0.153	3.397	0.507	0.305	0.101	-7652.564
21	6	335	251	0.4628	0.138	0.285	0.048	0.009	0.016	0.053	0.277	0.256	0.037	0.200	2.698	0.369	0.083	0.096	-2707.314
21	6	330	187	0.4341	0.043	0.123	0.003	0.006	0.003	0.039	0.375	0.045	0.085	0.058	2.983	0.738	0.029	0.065	-2229.738
21	6	318	156	0.4175	0.037	0.063	0.000	0.003	0.003	0.017	0.149	0.109	0.023	0.055	3.221	0.712	0.004	0.055	-1880.114
21	6	1543	611	0.5572	0.111	0.125	0.026	0.008	0.005	0.030	0.283	0.063	0.088	0.089	3.319	0.973	0.027	0.026	-10297.918
21	6	467	240	0.6113	0.108	0.077	0.015	0.015	0.002	0.047	0.270	0.078	0.077	0.039	5.771	0.969	0.031	0.063	-3095.415
21	6	305	237	0.3978	0.109	0.292	0.039	0.017	0.031	0.020	0.543	0.077	0.131	0.142	3.063	0.547	0.077	0.088	-2538.534
21	6	294	173	0.5661	0.094	0.170	0.028	0.007	0.004	0.014	0.228	0.099	0.067	0.079	2.808	0.857	0.021	0.046	-2020.972
21	6	465	340	0.4124	0.156	0.143	0.059	0.004	0.015	0.013	0.758	0.230	0.182	0.194	2.774	0.323	0.177	0.092	-4183.069
21	6	300	182	0.5650	0.083	0.064	0.029	0.010	0.000	0.038	0.343	0.128	0.061	0.089	4.287	0.949	0.051	0.056	-2094.809
21	6	186	148	0.5515	0.156	0.242	0.126	0.005	0.012	0.077	0.732	0.048	0.137	0.153	6.324	0.830	0.170	0.088	-1575.678
21	6	509	321	0.6250	0.139	0.180	0.049	0.011	0.006	0.036	0.350	0.082	0.067	0.173	4.124	0.807	0.107	0.091	-3904.589
21	6	173	126	0.4511	0.123	0.011	0.021	0.012	0.000	0.053	0.685	0.187	0.000	0.033	2.983	0.952	0.048	0.034	-1173.248
21	6	474	284	0.5528	0.047	0.102	0.028	0.009	0.002	0.032	0.312	0.158	0.128	0.054	3.169	0.875	0.125	0.140	-3534.430
21	6	381	241	0.4800	0.098	0.118	0.015	0.016	0.008	0.030	0.343	0.040	0.107	0.117	3.324	0.713	0.058	0.076	-2771.997
21	6	448	250	0.4630	0.118	0.072	0.019	0.002	0.002	0.023	0.404	0.138	0.093	0.070	2.845	0.979	0.021	0.042	-3088.685
21	6	798	328	0.5205	0.082	0.112	0.015	0.002	0.004	0.032	0.133	0.187	0.022	0.053	3.513	0.942	0.043	0.038	-4876.171
21	6	200	116	0.5597	0.096	0.158	0.005	0.000	0.000	0.027	0.299	0.066	0.096	0.013	4.414	0.902	0.036	0.036	-1223.392
21	6	401	273	0.6425	0.158	0.169	0.041	0.011	0.020	0.089	0.393	0.157	0.150	0.198	4.626	0.892	0.108	0.072	-3303.283
21	6	940	583	0.4584	0.172	0.147	0.032	0.008	0.008	0.042	0.614	0.132	0.112	0.109	3.404	0.692	0.098	0.094	-7821.610
21	6	308	183	0.4400	0.016	0.075	0.018	0.000	0.010	0.012	0.355	0.015	0.198	0.068	4.606	0.586	0.136	0.009	-2095.491
21	6	317	181	0.4182	0.017	0.119	0.020	0.002	0.010	0.016	0.271	0.117	0.039	0.048	1.933	0.898	0.037	0.044	-2049.668
21	6	371	181	0.5385	0.069	0.054	0.010	0.006	0.003	0.038	0.240	0.029	0.049	0.052	3.331	0.739	0.017	0.032	-2306.589
21	6	972	445	0.4185	0.100	0.085	0.022	0.010	0.004	0.034	0.310	0.085	0.050	0.086	4.110	0.659	0.123	0.078	-6806.203
21	6	385	238	0.4466	0.000	0.083	0.030	0.007	0.009	0.037	0.624	0.090	0.151	0.112	3.577	0.942	0.058	0.067	-2821.444
21	6	562	312	0.4294	0.093	0.073	0.029	0.005	0.004	0.028	0.225	0.090	0.126	0.138	3.405	0.880	0.102	0.072	-3998.329
21	6	439	326	0.5171	0.122	0.197	0.032	0.017	0.006	0.079	0.644	0.145	0.131	0.195	3.262	0.378	0.316	0.035	-4059.024
21	6	144	61	0.6686	0.000	0.021	0.021	0.000	0.000	0.014	0.035	0.014	0.006	0.000	6.474	0.530	0.000	0.113	-651.739
21	6	476	307	0.6117	0.208	0.270	0.071	0.019	0.002	0.057	0.652	0.095	0.158	0.271	7.577	0.938	0.062	0.046	-3755.850
21	6	344	177	0.4193	0.064	0.074	0.045	0.009	0.000	0.032	0.197	0.060	0.144	0.044	3.294	0.731	0.203	0.015	-2307.405
21	6	220	151	0.5984	0.141	0.069	0.041	0.000	0.009	0.021	0.257	0.027	0.106	0.158	4.813	0.000	0.000	0.160	-1552.279
21	6	2057	671	0.5121	0.151	0.128	0.022	0.005	0.007	0.028	0.221	0.090	0.092	0.111	2.115	0.988	0.006	0.009	-13163.224
21	6	316	265	0.3965	0.165	0.339	0.037	0.010	0.010	0.061	0.641	0.188	0.177	0.245	3.788	0.260	0.145	0.102	-3047.519
21	6	256	180	0.5528	0.170	0.142	0.017	0.008	0.000	0.081	0.471	0.130	0.046	0.211	3.886	0.721	0.245	0.073	-2073.969
21	6	309	216	0.5396	0.154	0.144	0.022	0.007	0.003	0.046	0.317	0.064	0.088	0.206	3.059	0.918	0.043	0.080	-2328.964
21	6	206	174	0.5763	0.298	0.313	0.020	0.030	0.000	0.047	0.689	0.096	0.157	0.306	3.965	0.545	0.026	0.084	-1807.280
21	6	578	434	0.5274	0.213	0.365	0.055	0.010	0.027	0.076	0.501	0.171	0.177	0.179	3.434	0.664	0.110	0.127	-5530.627
21	6	115	100	0.6546	0.359	1.125	0.099	0.000	0.009	0.015	0.278	0.023	0.262	0.455	8.075	0.463	0.104	0.107	-1041.349
21	6	252	237	0.6264	0.419	0.564	0.061	0.033	0.024	0.134	0.740	0.089	0.241	0.479	4.849	0.000	0.000	0.150	-2618.792
21	6	949	392	0.5651	0.149	0.173	0.026	0.010	0.009	0.026	0.225	0.085	0.073	0.118	2.977	0.934	0.024	0.021	-6326.747
21	6	209	166	0.5926	0.099	0.148	0.000	0.024	0.005	0.119	0.547	0.068	0.163	0.151	3.957	0.668	0.090	0.092	-1723.081
21	6	449	279	0.6311	0.156	0.118	0.017	0.008	0.026	0.065	0.511	0.075	0.094	0.132	3.534	0.742	0.032	0.047	-3362.064
21	6	626	341	0.6520	0.085	0.230	0.040	0.003	0.019	0.072	0.269	0.039	0.066	0.149	5.433	0.917	0.018	0.048	-4396.814
21	6	732	414	0.4526	0.094	0.128	0.025	0.007	0.006	0.011	0.326	0.126	0.160	0.105	3.491	0.795	0.121	0.068	-5469.898
21	6	181	123	0.6087	0.260	0.000	0.000	0.000	0.006	0.046	0.479	0.053	0.091	0.221	5.451	0.914	0.086	0.061	-1288.696
21	6	1027	405	0.5512	0.126	0.110	0.021	0.008	0.002	0.030	0.236	0.063	0.071	0.000	3.089	0.973	0.027	0.025	-6588.640
21	6	159	112	0.4528	0.063	0.090	0.006	0.013	0.000	0.020	0.225	0.049	0.119	0.084	3.415	0.617	0.027	0.079	-1067.003
21	6	314	175	0.4377	0.156	0.056	0.004	0.000	0.003	0.014	0.235	0.056	0.115	0.154	3.921	0.434	0.008	0.014	-1988.703
21	6	174	132	0.4476	0.122	0.070	0.036	0.006	0.000	0.025	0.364	0.049	0.134	0.082	2.748	0.000	0.000	0.217	-1298.461
21	6	310	236	0.4368	0.122	0.229	0.038	0.012	0.024	0.042	0.409	0.139	0.194	0.126	4.166	0.555	0.320	0.167	-2718.237
21	6	445	304	0.5838	0.126	0.180	0.025	0.002	0.013	0.061	0.334	0.105	0.069	0.185	5.522	0.660	0.168	0.113	-3512.785
21	6	191	135	0.6102	0.169	0.078	0.015	0.000	0.021	0.076	0.286	0.106	0.117	0.135	4.153	0.945	0.055	0.070	-1404.691
21	6	305	236	0.5621	0.204	0.342	0.032	0.014	0.014	0.061	0.494	0.037	0.183	0.263	3.860	0.670	0.161	0.049	-2657.062
21	6	602	311	0.6480	0.140	0.156	0.019	0.006	0.008	0.079	0.261	0.081	0.096	0.166	5.518	0.891	0.079	0.049	-4274.499
21	6	212	179	0.4788	0.095	0.222	0.045	0.015	0.045	0.093	0.421	0.144	0.133	0.152	2.992	0.101	0.092	0.131	-1951.581
21	6	276	176	0.6883	0.170	0.043	0.041	0.000	0.011	0.063	0.369	0.092	0.002	0.208	4.469	0.993	0.007	0.076	-1897.072
21	6	291	202	0.6705	0.149	0.227	0.010	0.007	0.018	0.073	0.423	0.045	0.128	0.244	5.676	0.738	0.078	0.047	-2255.808
21	6	364	259	0.6226	0.168	0.184	0.014	0.009	0.012	0.048	0.398	0.089	0.111	0.188	6.206	0.185	0.126	0.017	-2914.930
21	6	407	247	0.4729	0.056	0.083	0.026	0.002	0.008	0.023	0.239	0.108	0.090	0.074	3.286	0.878	0.019	0.076	-2753.198
21	6	485	227	0.4664	0.059	0.060	0.004	0.008	0.002	0.039	0.197	0.068	0.052	0.034	3.096	0.932	0.021	0.035	-2973.692
21	6	946	512	0.5893	0.160	0.157	0.040	0.010	0.023	0.054	0.358	0.113	0.103	0.077	5.194	0.855	0.065	0.058	-7199.147
21	6	173	168	0.4665	0.275	0.681	0.013	0.000	0.018	0.029	0.666	0.587	0.283	0.313	2.951	0.000	0.000	0.000	-2013.067
21	6	254	116	0.3860	0.056	0.043	0.013	0.000	0.004	0.000	0.142	0.052	0.018	0.008	1.728	0.842	0.050	0.006	-1371.661
21	6	274	163	0.5523	0.069	0.120	0.023	0.008	0.007	0.050	0.209	0.055	0.097	0.045	3.758	0.818	0.059	0.005	-1806.812
21	6	282	201	0.5349	0.137	0.187	0.054	0.006	0.020	0.068	0.474	0.071	0.185	0.121	4.272	0.796	0.074	0.053	-2268.641
21	6	311	212	0.4167	0.081	0.107	0.021	0.000	0.000	0.072	0.574	0.149	0.089	0.111	3.911	0.916	0.084	0.075	-2367.778
21	6	232	175	0.5170	0.197	0.110	0.036	0.000	0.004	0.061	0.394	0.181	0.076	0.174	2.250	0.137	0.021	0.034	-1814.643
21	6	428	238	0.4529	0.109	0.067	0.013	0.000	0.002	0.027	0.434	0.086	0.160	0.057	3.310	0.977	0.023	0.024	-2855.333
21	6	399	271	0.4107	0.075	0.120	0.023	0.010	0.006	0.026	0.536	0.146	0.145	0.152	2.907	0.460	0.099	0.115	-3234.365
21	6	1133	458	0.5308	0.069	0.064	0.016	0.003	0.000	0.027	0.280	0.060	0.076	0.069	2.564	0.971	0.029	0.059	-7366.277
21	6	612	247	0.4193	0.007	0.065	0.019	0.000	0.000	0.031	0.441	0.084	0.078	0.080	2.768	0.935	0.021	0.013	-3801.732
21	6	422	205	0.4548	0.063	0.059	0.020	0.000	0.000	0.000	0.149	0.087	0.230	0.052	3.923	0.910	0.020	0.032	-2646.505
21	6	347	164	0.5035	0.022	0.081	0.021	0.000	0.009	0.012	0.145	0.048	0.064	0.064	2.751	0.947	0.014	0.011	-2021.318
21	6	433	262	0.5776	0.133	0.127	0.019	0.005	0.002	0.056	0.326	0.065	0.086	0.084	4.167	0.930	0.070	0.063	-3067.795
21	6	520	300	0.5808	0.046	0.236	0.030	0.002	0.006	0.055	0.421	0.092	0.137	0.126	3.390	0.812	0.114	0.057	-3956.445
21	6	291	174	0.6204	0.084	0.098	0.011	0.022	0.012	0.070	0.402	0.085	0.092	0.087	5.259	0.931	0.012	0.026	-1973.076
21	6	197	159	0.6243	0.122	0.245	0.045	0.021	0.020	0.093	0.390	0.156	0.180	0.139	3.473	0.548	0.253	0.071	-1790.047
21	6	313	207	0.6436	0.248	0.148	0.026	0.011	0.020	0.086	0.418	0.093	0.087	0.183	3.955	0.892	0.047	0.030	-2362.328
21	6	370	242	0.4551	0.110	0.116	0.015	0.006	0.000	0.041	0.379	0.176	0.056	0.131	2.379	0.745	0.020	0.082	-2812.507
21	6	257	210	0.5696	0.248	0.318	0.028	0.000	0.004	0.062	0.495	0.066	0.157	0.220	3.275	0.476	0.127	0.101	-2325.400
21	6	377	215	0.4587	0.087	0.033	0.020	0.006	0.008	0.028	0.215	0.175	0.042	0.060	2.177	0.979	0.021	0.067	-2512.749
21	6	308	232	0.4120	0.186	0.113	0.034	0.010	0.009	0.047	0.550	0.146	0.120	0.148	2.716	0.374	0.107	0.099	-2657.924
21	6	788	525	0.4867	0.406	0.212	0.053	0.008	0.015	0.089	0.409	0.073	0.085	0.422	3.909	0.840	0.155	0.132	-7093.354
21	6	377	263	0.5358	0.146	0.177	0.024	0.001	0.010	0.082	0.546	0.099	0.125	0.118	4.364	0.763	0.113	0.070	-3088.784
21	6	253	189	0.4935	0.165	0.134	0.029	0.000	0.017	0.064	0.393	0.117	0.088	0.175	3.058	0.933	0.062	0.052	-1909.177
21	6	482	388	0.5640	0.294	0.314	0.053	0.013	0.006	0.088	0.878	0.136	0.168	0.217	3.677	0.481	0.209	0.076	-4730.531
21	6	803	364	0.4197	0.024	0.064	0.019	0.007	0.004	0.027	0.268	0.097	0.164	0.068	3.490	0.878	0.061	0.033	-5395.073
21	6	1144	443	0.4606	0.000	0.078	0.012	0.004	0.003	0.021	0.261	0.089	0.094	0.126	3.296	0.925	0.070	0.035	-7472.299
21	6	317	204	0.4155	0.056	0.058	0.026	0.004	0.003	0.034	0.401	0.118	0.106	0.084	3.697	0.769	0.059	0.091	-2268.319
21	6	350	215	0.5240	0.132	0.187	0.021	0.009	0.015	0.046	0.222	0.119	0.073	0.175	2.665	0.984	0.016	0.026	-2450.595
21	6	380	252	0.6037	0.367	0.211	0.072	0.011	0.000	0.038	0.592	0.089	0.188	0.001	3.231	0.889	0.091	0.047	-3094.424
21	6	140	131	0.4619	0.137	0.540	0.097	0.052	0.022	0.010	0.521	0.247	0.132	0.131	2.780	0.000	0.000	0.332	-1448.411
21	6	144	136	0.5012	0.124	0.725	0.021	0.008	0.006	0.108	0.536	0.247	0.055	0.146	4.292	0.189	0.231	0.012	-1417.589
21	6	1072	508	0.6151	0.169	0.141	0.034	0.004	0.007	0.032	0.313	0.053	0.091	0.146	4.170	0.876	0.037	0.048	-7651.975
21	6	728	475	0.4210	0.088	0.119	0.016	0.003	0.006	0.041	0.465	0.141	0.203	0.089	3.823	0.711	0.289	0.133	-5791.352
21	6	270	152	0.4736	0.047	0.070	0.014	0.004	0.008	0.013	0.280	0.065	0.010	0.054	1.769	0.823	0.009	0.065	-1689.455
21	6	360	166	0.4110	0.010	0.077	0.022	0.008	0.007	0.015	0.206	0.052	0.064	0.079	4.094	0.905	0.024	0.015	-2166.495
21	6	843	464	0.4332	0.082	0.150	0.022	0.005	0.006	0.043	0.364	0.140	0.114	0.119	4.507	0.780	0.112	0.105	-6532.142
21	6	413	194	0.6427	0.055	0.109	0.010	0.000	0.003	0.039	0.171	0.052	0.035	0.139	5.193	0.923	0.005	0.021	-2463.912
21	6	454	261	0.5967	0.143	0.221	0.016	0.004	0.005	0.026	0.210	0.073	0.086	0.100	3.082	0.798	0.038	0.025	-3154.572
21	6	411	318	0.4230	0.177	0.152	0.034	0.007	0.011	0.072	0.577	0.158	0.126	0.234	3.192	0.659	0.341	0.167	-3705.553
21	6	1514	497	0.6432	0.056	0.076	0.015	0.008	0.007	0.032	0.276	0.085	0.055	0.078	3.349	0.811	0.140	0.009	-9510.206
21	6	709	414	0.5269	0.129	0.120	0.033	0.007	0.009	0.042	0.331	0.076	0.137	0.189	3.486	0.754	0.125	0.086	-5575.837
21	6	783	457	0.4909	0.136	0.178	0.038	0.005	0.011	0.032	0.372	0.105	0.115	0.161	2.820	0.735	0.086	0.069	-6217.448
21	6	297	266	0.4442	0.213	0.397	0.066	0.018	0.021	0.090	0.456	0.086	0.265	0.221	3.130	0.198	0.168	0.209	-3036.582
21	6	545	194	0.5552	0.016	0.044	0.008	0.008	0.010	0.016	0.173	0.017	0.046	0.059	3.070	0.971	0.010	0.028	-3011.935
21	6	183	119	0.5501	0.079	0.136	0.018	0.017	0.012	0.022	0.164	0.038	0.007	0.114	4.352	0.572	0.057	0.014	-1182.560
21	6	1075	532	0.4649	0.132	0.126	0.019	0.006	0.006	0.038	0.264	0.091	0.105	0.107	3.245	0.910	0.057	0.066	-7754.837
21	6	585	407	0.5062	0.216	0.239	0.038	0.007	0.002	0.059	0.424	0.159	0.121	0.194	3.234	0.619	0.185	0.093	-5171.913
21	6	219	162	0.6669	0.157	0.226	0.025	0.014	0.024	0.034	0.506	0.104	0.076	0.211	5.934	0.522	0.121	0.077	-1783.834
21	6	640	340	0.5260	0.116	0.169	0.024	0.003	0.008	0.033	0.269	0.119	0.080	0.177	3.190	0.858	0.058	0.035	-4617.310
21	6	450	278	0.5612	0.126	0.167	0.029	0.014	0.009	0.040	0.307	0.046	0.159	0.101	5.961	0.745	0.057	0.051	-3333.011
21	6	151	130	0.5694	0.104	0.190	0.083	0.000	0.007	0.060	0.578	0.048	0.229	0.106	6.465	0.000	0.000	0.104	-1288.524
21	6	416	259	0.5982	0.247	0.451	0.000	0.019	0.016	0.115	0.320	0.118	0.043	0.202	6.091	0.920	0.032	0.027	-3127.274
21	6	635	322	0.4861	0.051	0.113	0.026	0.008	0.012	0.036	0.210	0.069	0.098	0.109	4.047	0.881	0.037	0.037	-4272.960
21	6	1238	428	0.5359	0.097	0.078	0.016	0.005	0.005	0.024	0.226	0.062	0.077	0.062	2.738	0.950	0.013	0.006	-7562.748
21	6	316	193	0.4375	0.100	0.091	0.007	0.000	0.003	0.037	0.317	0.098	0.118	0.092	2.423	0.579	0.093	0.051	-2280.825
21	6	2047	1121	0.5130	0.169	0.211	0.059	0.008	0.010	0.078	0.490	0.124	0.113	0.221	2.836	0.897	0.103	0.076	-17472.160
21	6	147	112	0.5794	0.133	0.064	0.046	0.007	0.014	0.024	0.377	0.055	0.024	0.124	3.379	0.887	0.087	0.130	-1078.880
21	6	654	375	0.4601	0.147	0.143	0.047	0.011	0.004	0.019	0.384	0.084	0.125	0.107	2.651	0.640	0.096	0.035	-5033.871
21	6	291	256	0.4594	0.235	0.351	0.060	0.003	0.007	0.095	0.543	0.237	0.095	0.218	3.736	0.229	0.112	0.156	-2874.762
21	6	456	243	0.4526	0.053	0.116	0.026	0.011	0.005	0.032	0.258	0.128	0.045	0.065	3.303	0.806	0.107	0.023	-3111.032
21	6	907	420	0.6116	0.227	0.133	0.035	0.002	0.008	0.087	0.274	0.065	0.140	0.273	5.356	0.960	0.034	0.027	-6246.298
21	6	299	264	0.4675	0.162	0.261	0.032	0.005	0.022	0.096	0.685	0.146	0.229	0.219	3.864	0.000	0.000	0.256	-2946.894
21	6	276	184	0.6118	0.152	0.132	0.033	0.044	0.031	0.129	0.424	0.097	0.126	0.210	3.349	0.803	0.124	0.085	-2314.571
21	6	834	416	0.6270	0.052	0.133	0.037	0.012	0.014	0.043	0.365	0.100	0.096	0.162	4.599	0.958	0.042	0.028	-5823.507
21	6	448	318	0.4811	0.182	0.111	0.047	0.003	0.015	0.027	0.443	0.111	0.187	0.229	2.852	0.531	0.080	0.131	-3882.111
21	6	299	193	0.4788	0.112	0.174	0.047	0.003	0.003	0.051	0.304	0.104	0.056	0.137	4.295	0.791	0.042	0.041	-2113.297
21	6	759	314	0.4609	0.115	0.057	0.013	0.006	0.008	0.024	0.318	0.143	0.078	0.000	4.294	0.992	0.006	0.028	-4889.080
21	6	547	290	0.3930	0.072	0.137	0.026	0.002	0.002	0.022	0.260	0.204	0.107	0.107	3.324	0.864	0.053	0.092	-3614.197
21	6	1534	839	0.4929	0.172	0.220	0.031	0.009	0.009	0.031	0.410	0.127	0.137	0.244	3.391	0.900	0.079	0.091	-12578.487
21	6	156	116	0.5622	0.211	0.190	0.016	0.000	0.000	0.026	0.235	0.100	0.014	0.245	2.592	0.683	0.020	0.042	-1119.358
21	6	443	266	0.3911	0.187	0.138	0.019	0.002	0.002	0.044	0.355	0.060	0.065	0.183	3.564	0.684	0.136	0.127	-3343.473
21	6	245	131	0.5823	0.079	0.056	0.037	0.004	0.000	0.023	0.176	0.064	0.047	0.090	4.069	0.861	0.014	0.038	-1501.937
21	6	421	243	0.4376	0.129	0.106	0.008	0.005	0.005	0.026	0.198	0.104	0.111	0.061	3.603	0.685	0.081	0.081	-2962.407
21	6	382	238	0.6238	0.155	0.179	0.036	0.006	0.008	0.042	0.262	0.104	0.052	0.176	3.721	0.759	0.090	0.053	-2813.370
21	6	277	224	0.6897	0.327	0.173	0.067	0.022	0.022	0.101	0.936	0.229	0.068	0.293	3.792	0.712	0.259	0.104	-2644.198
21	6	458	166	0.5144	0.041	0.052	0.005	0.000	0.000	0.010	0.134	0.049	0.028	0.011	2.180	0.833	0.020	0.037	-2514.586
21	6	901	524	0.3973	0.104	0.139	0.016	0.017	0.011	0.043	0.493	0.103	0.080	0.086	3.888	0.720	0.227	0.080	-6941.656
21	6	524	295	0.5334	0.086	0.094	0.045	0.006	0.008	0.043	0.433	0.090	0.127	0.160	3.831	0.805	0.050	0.035	-3804.253
21	6	158	134	0.6346	0.250	0.180	0.056	0.019	0.006	0.044	0.542	0.117	0.038	0.309	3.744	0.565	0.000	0.150	-1341.714
21	6	1117	624	0.4189	0.069	0.122	0.029	0.005	0.007	0.034	0.414	0.178	0.189	0.107	3.651	0.670	0.185	0.087	-8962.208
21	6	540	285	0.6022	0.044	0.134	0.015	0.006	0.006	0.041	0.284	0.079	0.090	0.057	4.277	0.981	0.019	0.053	-3595.975
21	6	353	195	0.4984	0.097	0.059	0.026	0.006	0.011	0.047	0.289	0.072	0.102	0.065	2.361	0.476	0.085	0.018	-2462.808
21	6	314	201	0.6163	0.118	0.159	0.028	0.010	0.006	0.064	0.316	0.089	0.073	0.110	5.172	0.797	0.033	0.079	-2293.491
21	6	709	353	0.4780	0.084	0.092	0.005	0.002	0.007	0.044	0.195	0.101	0.061	0.091	3.256	0.968	0.032	0.037	-4606.049
21	6	368	172	0.5540	0.060	0.029	0.005	0.006	0.003	0.021	0.155	0.049	0.061	0.118	6.359	0.970	0.030	0.032	-2165.954
21	6	466	358	0.4627	0.218	0.173	0.047	0.010	0.009	0.040	0.657	0.163	0.184	0.169	3.206	0.565	0.160	0.126	-4283.180
21	6	545	313	0.6948	0.173	0.140	0.022	0.004	0.017	0.114	0.463	0.063	0.158	0.131	5.628	0.945	0.043	0.030	-4011.219
21	6	344	235	0.6038	0.145	0.168	0.049	0.017	0.003	0.063	0.319	0.057	0.117	0.208	3.767	0.767	0.133	0.062	-2682.184
21	6	809	569	0.6071	0.273	0.259	0.065	0.023	0.006	0.073	0.741	0.157	0.148	0.255	5.239	0.698	0.218	0.065	-7007.810
21	6	560	319	0.5853	0.121	0.232	0.029	0.004	0.009	0.058	0.256	0.076	0.073	0.113	4.242	0.776	0.059	0.027	-4056.779
21	6	441	234	0.4675	0.077	0.107	0.017	0.003	0.006	0.056	0.246	0.035	0.086	0.028	3.625	0.858	0.038	0.027	-2841.070
21	6	889	357	0.5855	0.073	0.091	0.021	0.006	0.004	0.027	0.187	0.078	0.069	0.109	3.593	0.914	0.027	0.011	-5573.450
21	6	283	187	0.5736	0.051	0.147	0.064	0.003	0.008	0.077	0.370	0.060	0.074	0.116	4.952	0.560	0.108	0.036	-2126.209
21	6	321	188	0.4218	0.093	0.118	0.037	0.006	0.003	0.014	0.240	0.048	0.127	0.076	2.352	0.857	0.019	0.058	-2198.136
21	6	1141	530	0.4633	0.000	0.130	0.033	0.004	0.007	0.025	0.322	0.074	0.100	0.228	2.647	0.953	0.047	0.053	-8229.702
21	6	253	130	0.7106	0.062	0.124	0.000	0.000	0.004	0.094	0.271	0.011	0.132	0.087	8.140	0.831	0.070	0.036	-1590.532
21	6	778	364	0.4739	0.051	0.112	0.017	0.004	0.004	0.037	0.263	0.119	0.090	0.027	2.479	0.828	0.026	0.076	-5341.455
21	6	920	411	0.5434	0.127	0.052	0.018	0.007	0.005	0.034	0.259	0.065	0.101	0.051	3.054	0.921	0.015	0.029	-6009.094
21	6	334	212	0.5495	0.124	0.170	0.028	0.000	0.006	0.027	0.331	0.038	0.068	0.198	2.287	0.900	0.054	0.038	-2382.823
21	6	295	200	0.4854	0.095	0.117	0.040	0.000	0.010	0.032	0.239	0.128	0.165	0.122	3.005	0.801	0.040	0.048	-2164.312
21	6	521	325	0.4642	0.126	0.210	0.008	0.017	0.000	0.061	0.430	0.102	0.126	0.116	3.059	0.683	0.059	0.083	-4163.310
21	6	398	161	0.6593	0.057	0.078	0.021	0.003	0.003	0.019	0.175	0.031	0.055	0.045	4.938	0.985	0.004	0.023	-2246.614
21	6	478	328	0.4577	0.167	0.292	0.038	0.024	0.005	0.028	0.430	0.136	0.079	0.185	2.712	0.702	0.146	0.068	-4058.994
21	6	231	125	0.5380	0.033	0.082	0.009	0.004	0.000	0.027	0.169	0.049	0.080	0.022	3.727	0.926	0.012	0.036	-1337.337
21	6	311	232	0.4741	0.157	0.140	0.055	0.007	0.007	0.045	0.484	0.120	0.067	0.137	2.644	0.611	0.110	0.129	-2584.339
21	6	373	295	0.4078	0.231	0.330	0.027	0.005	0.009	0.013	0.608	0.055	0.181	0.232	2.677	0.460	0.256	0.066	-3383.503
21	6	210	142	0.4648	0.029	0.132	0.020	0.005	0.000	0.041	0.288	0.065	0.106	0.060	5.307	0.554	0.075	0.043	-1397.506
21	6	141	119	0.5764	0.246	0.187	0.051	0.015	0.000	0.211	0.813	0.091	0.083	0.224	2.386	0.343	0.137	0.109	-1341.025
21	6	189	129	0.5291	0.107	0.131	0.034	0.000	0.000	0.039	0.313	0.061	0.040	0.169	4.363	0.794	0.077	0.062	-1299.235
21	6	419	239	0.5727	0.142	0.128	0.049	0.010	0.010	0.028	0.345	0.084	0.089	0.134	3.632	0.926	0.074	0.034	-3020.906
21	6	228	187	0.6338	0.199	0.310	0.047	0.000	0.009	0.067	0.466	0.096	0.133	0.167	3.487	0.297	0.170	0.101	-2056.681
21	6	230	148	0.4698	0.093	0.012	0.028	0.009	0.000	0.008	0.292	0.131	0.105	0.096	3.708	0.946	0.054	0.111	-1584.198
21	6	652	352	0.6251	0.160	0.078	0.025	0.010	0.011	0.030	0.366	0.127	0.127	0.173	5.498	0.921	0.037	0.044	-4752.138
21	6	358	241	0.6191	0.109	0.148	0.042	0.006	0.008	0.036	0.438	0.077	0.062	0.133	4.708	0.816	0.014	0.109	-2633.053
21	6	373	315	0.4767	0.213	0.434	0.048	0.019	0.011	0.061	0.632	0.139	0.181	0.192	2.769	0.351	0.179	0.088	-3755.731
21	6	879	456	0.5241	0.138	0.151	0.020	0.008	0.012	0.058	0.361	0.096	0.145	0.055	3.930	0.918	0.082	0.059	-6591.637
21	6	391	185	0.6406	0.064	0.102	0.034	0.006	0.002	0.022	0.188	0.036	0.081	0.074	3.792	0.906	0.004	0.035	-2373.588
21	6	429	249	0.5595	0.147	0.052	0.008	0.005	0.005	0.032	0.233	0.136	0.151	0.243	3.713	0.856	0.009	0.014	-2895.142
21	6	206	111	0.5725	0.068	0.094	0.007	0.000	0.000	0.057	0.170	0.034	0.044	0.036	8.323	0.874	0.061	0.023	-1183.093
21	6	338	243	0.5828	0.264	0.575	0.047	0.026	0.022	0.060	0.689	0.078	0.107	0.268	4.478	0.653	0.097	0.051	-2941.210
21	6	362	130	0.4882	0.000	0.025	0.009	0.003	0.003	0.009	0.049	0.013	0.043	0.047	2.483	0.744	0.000	0.046	-1842.522
21	6	844	423	0.4666	0.060	0.135	0.020	0.002	0.001	0.043	0.346	0.074	0.084	0.097	3.400	0.375	0.245	0.000	-5981.187
21	6	225	144	0.4688	0.070	0.065	0.024	0.014	0.000	0.034	0.308	0.093	0.141	0.093	4.078	0.315	0.076	0.060	-1632.894
21	6	291	193	0.5721	0.136	0.137	0.031	0.016	0.020	0.031	0.342	0.085	0.083	0.181	2.905	0.890	0.110	0.077	-2262.609
21	6	239	135	0.4575	0.044	0.115	0.017	0.000	0.009	0.000	0.255	0.070	0.103	0.001	3.506	0.810	0.026	0.013	-1460.595
21	6	618	336	0.4895	0.108	0.103	0.030	0.015	0.008	0.027	0.316	0.127	0.162	0.106	2.811	0.894	0.030	0.032	-4435.820
21	6	251	157	0.4952	0.042	0.054	0.035	0.000	0.017	0.034	0.174	0.075	0.111	0.093	3.629	0.915	0.073	0.053	-1645.181
21	6	375	200	0.4786	0.077	0.130	0.021	0.006	0.004	0.030	0.202	0.077	0.090	0.069	1.972	0.907	0.010	0.017	-2382.442
21	6	269	164	0.5334	0.067	0.098	0.025	0.008	0.004	0.039	0.256	0.049	0.117	0.104	3.709	0.955	0.045	0.047	-1808.203
21	6	1098	447	0.4448	0.057	0.148	0.009	0.005	0.005	0.034	0.156	0.066	0.065	0.114	2.651	0.801	0.064	0.016	-7195.842
21	6	219	145	0.4104	0.101	0.063	0.000	0.019	0.000	0.049	0.278	0.102	0.083	0.072	1.857	0.827	0.064	0.023	-1462.064
21	6	555	290	0.5088	0.095	0.082	0.022	0.011	0.005	0.030	0.236	0.131	0.075	0.094	3.187	0.885	0.014	0.071	-3857.763
21	6	329	238	0.5000	0.168	0.170	0.032	0.006	0.017	0.063	0.502	0.169	0.151	0.190	2.874	0.595	0.156	0.059	-2806.386
21	6	503	264	0.6256	0.084	0.123	0.035	0.008	0.005	0.027	0.432	0.041	0.059	0.108	2.979	0.939	0.009	0.027	-3284.290
21	6	140	132	0.5704	0.471	1.327	0.095	0.000	0.039	0.149	0.747	0.133	0.208	0.396	3.054	0.285	0.119	0.153	-1611.175
21	6	202	109	0.4827	0.057	0.064	0.005	0.000	0.005	0.005	0.133	0.049	0.071	0.027	2.746	0.913	0.016	0.000	-1133.961
21	6	294	210	0.5643	0.156	0.132	0.070	0.000	0.003	0.037	0.485	0.084	0.093	0.094	2.488	0.934	0.066	0.076	-2282.008
21	6	220	173	0.4682	0.144	0.139	0.029	0.006	0.009	0.080	0.464	0.151	0.088	0.146	1.965	0.611	0.048	0.098	-1846.025
21	6	296	135	0.5198	0.004	0.062	0.014	0.007	0.010	0.007	0.180	0.017	0.051	0.049	2.297	0.750	0.000	0.023	-1647.502
21	6	762	421	0.4494	0.109	0.123	0.016	0.007	0.006	0.027	0.427	0.195	0.117	0.091	4.042	0.854	0.146	0.084	-5938.857
21	6	877	527	0.5657	0.136	0.159	0.041	0.011	0.008	0.051	0.319	0.122	0.127	0.193	3.297	0.821	0.083	0.088	-7046.146
21	6	499	300	0.6036	0.101	0.170	0.035	0.007	0.000	0.025	0.409	0.093	0.065	0.032	3.290	0.913	0.043	0.030	-3451.363
21	6	367	205	0.4500	0.079	0.138	0.010	0.000	0.006	0.040	0.308	0.070	0.097	0.022	3.919	0.686	0.052	0.039	-2486.363
21	6	325	255	0.4188	0.169	0.167	0.027	0.007	0.003	0.058	0.587	0.167	0.209	0.116	3.768	0.496	0.061	0.099	-2762.907
21	6	639	290	0.5364	0.179	0.111	0.006	0.014	0.008	0.018	0.207	0.096	0.094	0.165	4.492	0.951	0.014	0.004	-4108.710
21	6	362	203	0.4754	0.142	0.146	0.013	0.003	0.003	0.064	0.300	0.108	0.098	0.063	2.595	0.944	0.056	0.032	-2530.387
21	6	375	206	0.4429	0.078	0.224	0.024	0.003	0.000	0.013	0.204	0.036	0.075	0.042	2.619	0.867	0.028	0.030	-2455.533
21	6	437	286	0.4466	0.141	0.150	0.023	0.012	0.005	0.065	0.360	0.038	0.125	0.204	3.155	0.624	0.031	0.075	-3371.563
21	6	249	148	0.4128	0.114	0.046	0.012	0.020	0.009	0.035	0.216	0.078	0.030	0.066	2.664	0.673	0.029	0.030	-1584.482
21	6	314	213	0.6320	0.051	0.239	0.058	0.014	0.009	0.106	0.479	0.080	0.137	0.119	8.361	0.887	0.022	0.074	-2424.063
21	6	412	294	0.4997	0.110	0.207	0.029	0.008	0.010	0.023	0.355	0.100	0.138	0.112	3.316	0.770	0.107	0.126	-3307.481
21	6	437	151	0.6351	0.020	0.069	0.010	0.000	0.000	0.025	0.134	0.023	0.039	0.033	3.651	0.995	0.005	0.026	-2314.918
21	6	274	217	0.4559	0.328	0.289	0.016	0.007	0.000	0.032	0.361	0.125	0.124	0.300	2.657	0.576	0.063	0.091	-2357.695
21	6	155	136	0.5917	0.149	0.334	0.049	0.007	0.000	0.141	0.420	0.050	0.220	0.065	2.616	0.000	0.000	0.161	-1418.022
21	6	486	291	0.5138	0.203	0.121	0.012	0.002	0.004	0.054	0.328	0.073	0.109	0.131	3.401	0.898	0.007	0.038	-3429.641
21	6	574	406	0.4951	0.157	0.241	0.026	0.012	0.008	0.041	0.473	0.112	0.276	0.203	3.152	0.738	0.095	0.065	-4931.645
21	6	1322	679	0.4189	0.129	0.131	0.025	0.006	0.008	0.052	0.361	0.119	0.147	0.152	3.136	0.798	0.169	0.081	-10584.400
21	6	216	171	0.5725	0.091	0.206	0.023	0.013	0.011	0.088	0.468	0.155	0.142	0.147	3.817	0.885	0.115	0.108	-1811.844
21	6	777	342	0.4492	0.074	0.064	0.008	0.004	0.012	0.020	0.205	0.089	0.073	0.054	3.425	0.943	0.057	0.054	-4976.662
21	6	568	332	0.5855	0.156	0.112	0.017	0.000	0.014	0.031	0.313	0.066	0.061	0.151	4.332	0.793	0.044	0.111	-4130.709
21	6	845	396	0.4846	0.102	0.118	0.015	0.006	0.005	0.043	0.328	0.069	0.094	0.062	2.899	0.945	0.050	0.040	-5802.521
21	6	443	204	0.5162	0.070	0.056	0.020	0.007	0.007	0.034	0.199	0.072	0.065	0.080	2.231	0.914	0.056	0.040	-2831.524
21	6	577	252	0.4545	0.083	0.044	0.021	0.007	0.000	0.020	0.257	0.085	0.071	0.068	3.940	0.854	0.028	0.045	-3684.358
21	6	783	441	0.4497	0.089	0.177	0.012	0.014	0.006	0.050	0.403	0.166	0.111	0.131	3.278	0.868	0.118	0.085	-6179.448
21	6	430	221	0.6045	0.174	0.018	0.055	0.003	0.010	0.031	0.423	0.078	0.074	0.227	4.158	0.254	0.012	0.034	-3019.356
21	6	323	232	0.5791	0.457	0.082	0.033	0.009	0.028	0.059	0.812	0.214	0.171	0.473	5.822	0.581	0.125	0.051	-2889.704
21	6	483	200	0.3783	0.000	0.053	0.013	0.000	0.002	0.011	0.247	0.061	0.082	0.056	3.929	0.800	0.000	0.043	-2859.973
21	6	324	236	0.4782	0.153	0.177	0.001	0.000	0.103	0.069	0.383	0.122	0.055	0.203	3.099	0.630	0.080	0.045	-2475.420
21	6	306	208	0.5925	0.108	0.252	0.020	0.004	0.007	0.030	0.236	0.166	0.129	0.105	3.821	0.681	0.087	0.070	-2342.820
21	6	157	117	0.5533	0.085	0.098	0.044	0.000	0.014	0.055	0.327	0.024	0.134	0.002	3.816	0.755	0.023	0.089	-1087.294
21	6	208	127	0.5864	0.040	0.083	0.011	0.016	0.004	0.026	0.124	0.042	0.057	0.101	2.568	0.963	0.002	0.050	-1252.890
21	6	257	156	0.6262	0.138	0.089	0.051	0.008	0.016	0.014	0.397	0.083	0.042	0.080	2.682	0.917	0.038	0.037	-1786.379
21	6	695	434	0.5660	0.107	0.168	0.027	0.016	0.008	0.037	0.316	0.139	0.154	0.148	4.087	0.834	0.103	0.095	-5512.265
21	6	736	271	0.4229	0.071	0.058	0.012	0.003	0.011	0.023	0.168	0.045	0.048	0.021	3.394	0.935	0.057	0.052	-4429.412
21	6	511	296	0.5787	0.150	0.061	0.020	0.016	0.004	0.021	0.233	0.078	0.109	0.083	3.748	0.836	0.156	0.072	-3622.998
21	6	372	101	0.6578	0.028	0.023	0.017	0.005	0.000	0.000	0.055	0.017	0.005	0.014	8.235	0.952	0.000	0.011	-1687.821
21	6	495	217	0.5850	0.073	0.096	0.046	0.007	0.004	0.027	0.278	0.058	0.015	0.107	4.167	0.989	0.011	0.011	-2968.297
21	6	444	259	0.5927	0.100	0.200	0.030	0.020	0.004	0.050	0.448	0.040	0.079	0.055	4.295	0.903	0.015	0.033	-3062.861
21	6	576	362	0.4049	0.108	0.263	0.017	0.033	0.038	0.045	0.345	0.208	0.076	0.104	2.889	0.390	0.290	0.067	-4478.085
21	6	320	208	0.5569	0.026	0.609	0.051	0.007	0.003	0.040	0.213	0.091	0.131	0.022	1.914	0.745	0.048	0.008	-2413.390
21	6	142	114	0.5078	1.129	0.000	0.000	0.031	0.006	0.052	0.949	0.095	0.027	1.170	4.648	0.991	0.009	0.072	-1159.333
21	6	273	159	0.6151	0.039	0.032	0.039	0.011	0.004	0.009	0.336	0.003	0.087	0.039	3.437	0.721	0.046	0.081	-1691.512
21	6	324	226	0.5009	0.145	0.126	0.031	0.015	0.094	0.006	0.245	0.071	0.064	0.089	2.524	0.651	0.131	0.050	-2348.553
21	6	638	282	0.4399	0.021	0.075	0.017	0.003	0.005	0.028	0.363	0.115	0.087	0.069	1.864	0.913	0.011	0.024	-4099.324
21	6	629	265	0.4861	0.060	0.071	0.013	0.000	0.003	0.018	0.188	0.051	0.065	0.066	2.600	0.847	0.049	0.011	-3860.718
21	6	333	209	0.5707	0.131	0.169	0.010	0.011	0.006	0.025	0.365	0.119	0.161	0.089	2.974	0.686	0.072	0.050	-2489.992
21	6	516	276	0.4635	0.103	0.126	0.010	0.019	0.011	0.030	0.270	0.081	0.069	0.070	3.122	0.704	0.239	0.069	-3701.489
21	6	684	283	0.4406	0.053	0.044	0.014	0.003	0.003	0.027	0.220	0.109	0.080	0.051	3.310	0.884	0.026	0.031	-4302.733
21	6	375	310	0.4745	0.154	0.322	0.036	0.018	0.015	0.059	0.569	0.158	0.189	0.153	3.329	0.251	0.166	0.137	-3583.741
21	6	311	206	0.4967	0.086	0.148	0.043	0.003	0.016	0.100	0.422	0.059	0.132	0.126	2.760	0.827	0.026	0.028	-2312.660
21	6	456	246	0.5571	0.077	0.101	0.052	0.004	0.003	0.044	0.271	0.108	0.096	0.146	6.307	0.886	0.077	0.043	-3148.897
21	6	378	259	0.6097	0.088	0.342	0.068	0.008	0.009	0.037	0.567	0.114	0.118	0.088	3.696	0.675	0.107	0.056	-3138.658
21	6	229	185	0.5838	0.179	0.210	0.019	0.000	0.000	0.041	0.542	0.075	0.178	0.104	4.238	0.829	0.105	0.065	-1784.271
21	6	321	215	0.4227	0.102	0.109	0.029	0.003	0.003	0.024	0.294	0.117	0.072	0.048	4.289	0.911	0.089	0.117	-2230.883
21	6	457	277	0.6228	0.144	0.215	0.040	0.000	0.007	0.052	0.295	0.043	0.051	0.107	4.663	0.892	0.022	0.025	-3142.773
21	6	384	253	0.4994	0.098	0.086	0.084	0.005	0.016	0.036	0.355	0.093	0.086	0.148	3.494	0.890	0.102	0.092	-2955.439
21	6	609	362	0.4616	0.138	0.154	0.022	0.002	0.003	0.020	0.162	0.353	0.028	0.078	3.047	0.780	0.135	0.070	-4205.066
21	6	330	211	0.4342	0.047	0.146	0.045	0.005	0.004	0.056	0.376	0.107	0.111	0.111	4.255	0.504	0.180	0.000	-2530.856
21	6	810	313	0.4188	0.057	0.080	0.016	0.002	0.007	0.017	0.196	0.058	0.127	0.021	3.394	0.936	0.003	0.048	-4969.069
21	6	193	118	0.3840	0.051	0.071	0.000	0.000	0.016	0.005	0.238	0.112	0.050	0.020	3.795	0.628	0.011	0.029	-1162.457
21	6	388	262	0.5312	0.157	0.172	0.038	0.011	0.021	0.030	0.323	0.115	0.112	0.119	3.699	0.658	0.116	0.135	-3154.361
21	6	531	264	0.4591	0.033	0.074	0.018	0.002	0.002	0.030	0.261	0.138	0.061	0.063	2.624	0.960	0.040	0.045	-3452.120
21	6	592	217	0.4751	0.011	0.046	0.014	0.006	0.004	0.030	0.182	0.049	0.050	0.048	2.843	0.968	0.009	0.016	-3450.268
21	6	367	220	0.5634	0.096	0.100	0.013	0.008	0.003	0.045	0.246	0.086	0.073	0.099	4.853	0.749	0.038	0.055	-2493.989
21	6	391	142	0.5600	0.022	0.053	0.020	0.003	0.005	0.017	0.141	0.017	0.026	0.017	3.666	0.872	0.047	0.000	-2113.654
21	6	691	287	0.4748	0.044	0.060	0.018	0.005	0.007	0.017	0.164	0.078	0.079	0.062	4.167	0.864	0.021	0.052	-4289.969
21	6	234	148	0.5997	0.150	0.027	0.010	0.000	0.022	0.043	0.363	0.146	0.000	0.122	3.410	0.957	0.043	0.031	-1551.020
21	6	253	149	0.4394	0.023	0.059	0.012	0.000	0.000	0.021	0.327	0.177	0.078	0.046	2.656	0.962	0.034	0.022	-1611.592
21	6	459	373	0.5974	0.237	0.510	0.097	0.002	0.005	0.110	0.645	0.164	0.185	0.249	3.687	0.558	0.327	0.130	-4682.200
21	6	1148	570	0.4580	0.089	0.123	0.027	0.008	0.006	0.033	0.422	0.143	0.091	0.068	3.668	0.808	0.041	0.104	-8627.887
21	6	383	315	0.5754	0.272	0.348	0.057	0.006	0.025	0.086	0.534	0.145	0.144	0.275	5.215	0.584	0.316	0.086	-3605.692
21	6	690	370	0.6067	0.126	0.198	0.022	0.015	0.013	0.045	0.346	0.082	0.103	0.118	4.979	0.845	0.069	0.038	-5074.625
21	6	546	279	0.4904	0.134	0.066	0.014	0.013	0.004	0.024	0.342	0.103	0.104	0.096	2.667	0.970	0.030	0.046	-3808.280
21	6	495	365	0.4411	0.233	0.169	0.052	0.011	0.006	0.100	0.741	0.174	0.169	0.156	3.386	0.769	0.191	0.087	-4512.979
21	6	122	83	0.5519	0.174	0.095	0.000	0.009	0.000	0.000	0.219	0.000	0.079	0.137	4.545	0.009	0.001	0.079	-759.215
21	6	329	254	0.5546	0.148	0.125	0.037	0.006	0.019	0.049	0.494	0.179	0.119	0.161	4.226	0.596	0.074	0.150	-2786.442
21	6	358	182	0.6140	0.064	0.128	0.006	0.000	0.003	0.048	0.224	0.069	0.033	0.111	3.886	0.849	0.015	0.032	-2302.681
21	6	611	386	0.4947	0.145	0.183	0.008	0.008	0.002	0.048	0.310	0.195	0.150	0.114	3.413	0.775	0.096	0.079	-4835.754
21	6	479	313	0.4613	0.126	0.144	0.030	0.002	0.007	0.032	0.999	0.053	0.284	0.175	2.957	0.634	0.098	0.047	-4021.551
21	6	430	221	0.6111	0.070	0.108	0.015	0.015	0.008	0.037	0.289	0.060	0.084	0.030	3.177	0.798	0.062	0.041	-2852.597
21	6	1029	397	0.4807	0.051	0.086	0.018	0.003	0.006	0.021	0.273	0.054	0.055	0.076	2.864	0.970	0.024	0.032	-6597.169
21	6	1927	725	0.4777	0.089	0.101	0.016	0.005	0.007	0.032	0.418	0.120	0.080	0.051	3.110	0.935	0.065	0.048	-13754.742
21	6	682	386	0.4941	0.137	0.176	0.047	0.010	0.012	0.058	0.247	0.062	0.105	0.088	3.362	0.890	0.053	0.072	-5121.323
21	6	600	336	0.6590	0.189	0.122	0.022	0.008	0.012	0.085	0.372	0.098	0.087	0.182	4.589	0.883	0.058	0.048	-4454.747
21	6	677	285	0.4715	0.098	0.062	0.022	0.000	0.005	0.018	0.265	0.054	0.044	0.024	2.803	0.959	0.007	0.011	-4054.867
21	6	696	296	0.4190	0.077	0.075	0.014	0.005	0.006	0.018	0.199	0.091	0.118	0.046	3.036	0.944	0.034	0.033	-4430.944
21	6	519	304	0.4977	0.091	0.184	0.055	0.010	0.006	0.031	0.395	0.078	0.111	0.106	3.052	0.916	0.020	0.032	-3792.432
21	6	925	538	0.5607	0.205	0.186	0.044	0.011	0.009	0.052	0.362	0.098	0.134	0.182	4.211	0.721	0.069	0.053	-7404.676
21	6	566	173	0.4554	0.031	0.017	0.012	0.000	0.002	0.006	0.085	0.043	0.039	0.029	3.478	0.527	0.010	0.030	-3016.597
21	6	768	298	0.5602	0.044	0.073	0.015	0.007	0.007	0.024	0.158	0.032	0.078	0.059	4.030	0.959	0.041	0.050	-4682.714
21	6	210	133	0.6172	0.072	0.212	0.004	0.005	0.005	0.043	0.639	0.003	0.090	0.024	3.037	0.972	0.028	0.055	-1432.545
21	6	457	311	0.6629	0.086	0.343	0.030	0.006	0.014	0.074	0.770	0.156	0.081	0.117	3.832	0.898	0.097	0.063	-3849.224
21	6	819	477	0.5103	0.115	0.136	0.033	0.007	0.003	0.048	0.397	0.062	0.113	0.111	3.712	0.804	0.167	0.081	-6284.824
21	6	502	318	0.4501	0.071	0.080	0.017	0.006	0.002	0.033	0.309	0.135	0.078	0.136	2.368	0.716	0.083	0.125	-3698.171
21	6	349	219	0.5482	0.072	0.120	0.032	0.006	0.006	0.021	0.347	0.082	0.056	0.065	4.442	0.745	0.035	0.158	-2490.245
21	6	288	213	0.5772	0.181	0.396	0.118	0.015	0.003	0.056	0.664	0.083	0.074	0.177	4.593	0.661	0.094	0.067	-2500.481
21	6	242	169	0.5707	0.096	0.253	0.088	0.016	0.000	0.027	0.301	0.081	0.163	0.079	5.820	0.582	0.148	0.013	-1901.893
21	6	1164	613	0.5096	0.061	0.114	0.025	0.005	0.013	0.045	0.366	0.130	0.104	0.137	2.869	0.843	0.096	0.064	-8733.141
21	6	400	230	0.4082	0.050	0.051	0.033	0.003	0.000	0.039	0.283	0.090	0.098	0.105	4.173	0.594	0.092	0.124	-2830.483
21	6	212	156	0.4381	0.106	0.162	0.006	0.010	0.005	0.035	0.464	0.153	0.065	0.113	2.646	0.745	0.094	0.085	-1633.568
21	6	386	168	0.4911	0.027	0.052	0.012	0.000	0.005	0.015	0.212	0.053	0.059	0.036	3.878	0.884	0.024	0.012	-2258.687
21	6	396	231	0.5984	0.131	0.064	0.023	0.000	0.003	0.042	0.285	0.138	0.140	0.187	4.493	0.945	0.051	0.068	-2855.135
21	6	377	239	0.5852	0.177	0.086	0.026	0.008	0.005	0.055	0.345	0.074	0.096	0.158	3.080	0.919	0.081	0.076	-2835.217
21	6	391	167	0.4025	0.060	0.057	0.007	0.000	0.003	0.022	0.189	0.069	0.053	0.074	3.129	0.933	0.025	0.019	-2296.949
21	6	334	213	0.4745	0.107	0.009	0.013	0.000	0.003	0.041	0.576	0.184	0.065	0.131	3.558	0.000	0.000	0.032	-2264.614
21	6	314	199	0.5586	0.070	0.153	0.016	0.006	0.004	0.036	0.282	0.100	0.091	0.045	2.736	0.816	0.039	0.077	-2197.750
21	6	237	205	0.4302	0.225	0.166	0.029	0.000	0.026	0.065	0.491	0.075	0.182	0.275	3.831	0.656	0.294	0.226	-2141.844
21	6	357	235	0.5142	0.104	0.229	0.025	0.009	0.011	0.035	0.431	0.099	0.151	0.120	2.933	0.746	0.131	0.036	-2807.027
21	6	449	321	0.5318	0.150	0.180	0.065	0.005	0.005	0.040	0.435	0.116	0.110	0.138	3.048	0.745	0.167	0.136	-3788.232
21	6	519	342	0.4014	0.107	0.172	0.018	0.004	0.006	0.039	0.527	0.164	0.121	0.134	3.498	0.447	0.158	0.101	-4363.102
21	6	443	181	0.6173	0.059	0.044	0.024	0.012	0.002	0.014	0.116	0.080	0.048	0.052	5.195	0.581	0.082	0.053	-2701.145
21	6	354	140	0.5636	0.000	0.042	0.000	0.008	0.003	0.021	0.076	0.021	0.017	0.027	1.932	0.970	0.030	0.036	-1831.152
21	6	455	322	0.4287	0.143	0.135	0.051	0.011	0.005	0.047	0.521	0.096	0.141	0.156	3.034	0.371	0.072	0.091	-3848.209
21	6	242	219	0.4332	0.103	0.556	0.064	0.009	0.009	0.026	0.949	0.144	0.159	0.118	3.201	0.182	0.564	0.012	-2449.005
21	6	851	471	0.5004	0.178	0.128	0.022	0.007	0.005	0.042	0.315	0.088	0.129	0.196	4.106	0.818	0.156	0.058	-6569.289
21	6	828	423	0.4657	0.128	0.127	0.022	0.006	0.006	0.052	0.239	0.079	0.087	0.135	2.743	0.885	0.084	0.057	-6033.798
21	6	422	256	0.5951	0.181	0.150	0.007	0.011	0.006	0.063	0.403	0.117	0.063	0.093	4.619	0.913	0.080	0.068	-3132.634
21	6	410	282	0.5354	0.133	0.179	0.015	0.005	0.002	0.054	0.346	0.195	0.101	0.116	3.436	0.652	0.191	0.100	-3394.459
21	6	308	249	0.5970	0.246	0.292	0.088	0.044	0.015	0.051	0.633	0.155	0.225	0.311	4.449	0.493	0.223	0.082	-3024.835
21	6	491	323	0.5732	0.204	0.109	0.026	0.006	0.009	0.040	0.414	0.136	0.103	0.166	3.727	0.804	0.143	0.090	-3885.345
21	6	883	333	0.5157	0.076	0.072	0.015	0.000	0.001	0.012	0.174	0.098	0.081	0.066	3.685	0.960	0.014	0.014	-5355.426
21	6	263	169	0.4779	0.087	0.087	0.000	0.000	0.008	0.012	0.496	0.212	0.143	0.049	3.283	0.747	0.048	0.030	-1843.866
21	6	297	182	0.4435	0.071	0.109	0.035	0.010	0.007	0.019	0.182	0.081	0.073	0.062	3.967	0.877	0.054	0.026	-1949.730
21	6	618	336	0.5152	0.100	0.134	0.033	0.010	0.010	0.060	0.271	0.132	0.074	0.104	2.857	0.885	0.048	0.064	-4566.301
21	6	689	380	0.5287	0.132	0.134	0.017	0.007	0.009	0.019	0.257	0.107	0.121	0.181	3.327	0.832	0.108	0.068	-5184.113
21	6	620	395	0.4396	0.165	0.128	0.022	0.010	0.007	0.035	0.393	0.115	0.109	0.145	3.517	0.598	0.149	0.158	-5109.144
21	6	691	454	0.5490	0.154	0.164	0.018	0.011	0.014	0.049	0.459	0.157	0.159	0.084	2.298	0.713	0.104	0.123	-5938.706
21	6	228	100	0.6231	0.005	0.000	0.008	0.000	0.000	0.000	0.033	0.004	0.009	0.084	3.474	1.000	0.000	0.187	-1075.704
21	6	763	448	0.6280	0.120	0.133	0.033	0.020	0.006	0.048	0.439	0.095	0.145	0.196	5.228	0.796	0.093	0.078	-5951.290
21	6	105	83	0.5437	0.177	0.133	0.057	0.030	0.000	0.066	0.211	0.014	0.057	0.000	15.166	0.194	0.024	0.075	-717.179
21	6	214	143	0.4829	0.056	0.034	0.015	0.010	0.014	0.014	0.197	0.116	0.103	0.080	4.962	1.000	0.000	0.055	-1371.866
21	6	304	217	0.5174	0.184	0.141	0.009	0.010	0.007	0.029	0.309	0.068	0.132	0.145	2.646	0.817	0.068	0.055	-2281.978
21	6	175	147	0.4761	0.158	0.176	0.028	0.044	0.003	0.052	0.350	0.072	0.245	0.164	2.661	0.312	0.087	0.084	-1523.447
21	6	446	307	0.5709	0.238	0.176	0.005	0.014	0.005	0.068	0.458	0.075	0.142	0.295	3.775	0.757	0.243	0.061	-3761.605
21	6	512	256	0.4540	0.079	0.076	0.033	0.004	0.006	0.004	0.289	0.070	0.165	0.094	5.200	0.795	0.108	0.038	-3512.725
21	6	133	116	0.5972	0.000	0.275	0.174	0.000	0.025	0.188	0.519	0.153	0.060	1.043	3.869	0.002	0.001	0.046	-1287.090
21	6	421	230	0.5975	0.110	0.131	0.015	0.000	0.013	0.047	0.220	0.066	0.123	0.037	5.155	0.925	0.025	0.038	-2762.119
21	6	264	163	0.5346	0.108	0.157	0.015	0.000	0.004	0.044	0.328	0.088	0.109	0.019	2.956	0.791	0.088	0.021	-1848.099
21	6	1224	531	0.5074	0.085	0.077	0.018	0.003	0.001	0.031	0.237	0.098	0.087	0.076	3.978	0.925	0.075	0.077	-8135.423
21	6	788	324	0.5332	0.080	0.096	0.013	0.005	0.005	0.027	0.216	0.055	0.083	0.074	3.162	0.923	0.028	0.013	-4920.250
21	6	583	376	0.5428	0.190	0.079	0.015	0.009	0.007	0.044	0.430	0.189	0.183	0.152	4.047	0.567	0.049	0.081	-4698.372
21	6	223	178	0.6840	0.217	0.063	0.082	0.009	0.014	0.092	0.710	0.104	0.080	0.244	3.241	0.000	0.000	0.071	-1888.444
21	6	138	121	0.5985	0.197	0.196	0.044	0.007	0.007	0.040	0.571	0.282	0.211	0.231	4.159	0.743	0.090	0.242	-1303.488
21	6	261	169	0.5468	0.050	0.099	0.021	0.012	0.004	0.023	0.281	0.047	0.069	0.128	2.466	0.528	0.057	0.053	-1826.419
21	6	783	462	0.4380	0.154	0.209	0.015	0.004	0.003	0.028	0.321	0.100	0.116	0.110	3.130	0.450	0.089	0.097	-6151.274
21	6	396	230	0.5554	0.153	0.056	0.030	0.010	0.008	0.015	0.321	0.055	0.093	0.154	3.774	0.833	0.007	0.054	-2733.236
21	6	376	161	0.4897	0.004	0.084	0.000	0.003	0.000	0.016	0.131	0.067	0.038	0.073	3.239	1.000	0.000	0.043	-2153.307
21	6	445	287	0.6709	0.215	0.217	0.035	0.007	0.007	0.053	0.820	0.105	0.114	0.244	5.599	0.800	0.123	0.036	-3600.676
21	6	472	181	0.4508	0.063	0.067	0.013	0.011	0.000	0.023	0.106	0.027	0.048	0.036	3.662	0.921	0.019	0.037	-2719.454
21	6	274	203	0.5302	0.135	0.250	0.022	0.011	0.004	0.090	0.382	0.071	0.108	0.153	2.726	0.606	0.113	0.113	-2313.024
21	6	636	247	0.5861	0.040	0.047	0.013	0.000	0.002	0.025	0.173	0.054	0.085	0.069	5.421	0.988	0.012	0.039	-3777.836
21	6	189	140	0.5382	0.132	0.165	0.001	0.011	0.005	0.060	0.456	0.029	0.125	0.103	3.140	0.756	0.099	0.086	-1401.487
21	6	515	312	0.4715	0.131	0.085	0.020	0.010	0.012	0.039	0.417	0.150	0.124	0.067	3.005	0.665	0.105	0.077	-3979.082
21	6	1142	428	0.4576	0.062	0.089	0.020	0.007	0.004	0.026	0.207	0.064	0.068	0.057	3.580	0.818	0.084	0.070	-7447.442
21	6	381	226	0.5390	0.101	0.178	0.008	0.009	0.003	0.049	0.232	0.083	0.044	0.049	4.233	0.730	0.065	0.020	-2611.280
21	6	348	150	0.5200	0.033	0.074	0.007	0.000	0.000	0.026	0.096	0.051	0.033	0.011	2.981	0.827	0.037	0.070	-1966.614
21	6	337	233	0.6035	0.141	0.173	0.039	0.024	0.008	0.040	0.435	0.145	0.044	0.101	3.497	0.690	0.130	0.065	-2632.616
21	6	669	403	0.6412	0.133	0.303	0.067	0.013	0.001	0.052	0.547	0.074	0.101	0.098	3.975	0.873	0.078	0.023	-5132.585
21	6	298	234	0.5154	0.184	0.295	0.025	0.006	0.015	0.082	0.479	0.082	0.144	0.232	2.787	0.815	0.185	0.107	-2610.100
21	6	452	297	0.5452	0.089	0.173	0.048	0.009	0.004	0.056	0.338	0.098	0.104	0.101	4.059	0.570	0.339	0.133	-3628.672
21	6	363	210	0.6384	0.115	0.069	0.018	0.020	0.003	0.035	0.302	0.026	0.104	0.126	3.291	0.962	0.038	0.059	-2494.803
21	6	657	334	0.5174	0.145	0.067	0.027	0.005	0.003	0.032	0.235	0.082	0.077	0.145	3.429	0.886	0.042	0.048	-4547.947
21	6	183	135	0.4982	0.070	0.104	0.070	0.004	0.018	0.000	0.361	0.057	0.159	0.078	2.835	0.837	0.076	0.086	-1309.331
21	6	320	190	0.5527	0.114	0.171	0.009	0.003	0.006	0.037	0.212	0.040	0.114	0.101	4.869	0.897	0.030	0.023	-2076.261
21	6	407	134	0.5019	0.000	0.048	0.000	0.002	0.000	0.010	0.087	0.030	0.049	0.016	2.028	0.911	0.028	0.075	-2111.701
21	6	880	404	0.4435	0.076	0.078	0.010	0.008	0.009	0.028	0.207	0.073	0.071	0.084	2.498	0.950	0.034	0.058	-5770.995
21	6	380	261	0.5075	0.149	0.160	0.017	0.016	0.005	0.038	0.644	0.130	0.125	0.118	2.662	0.875	0.030	0.070	-3041.260
21	6	497	334	0.6057	0.121	0.398	0.051	0.000	0.000	0.041	0.408	0.123	0.137	0.076	4.864	0.564	0.200	0.040	-4079.940
21	6	339	200	0.5166	0.084	0.055	0.012	0.009	0.003	0.050	0.363	0.075	0.036	0.110	5.295	0.943	0.057	0.032	-2254.283
21	6	1055	674	0.4093	0.153	0.161	0.029	0.005	0.006	0.040	0.526	0.139	0.170	0.072	3.783	0.642	0.185	0.110	-8763.652
21	6	159	114	0.4580	0.026	0.039	0.018	0.013	0.000	0.028	0.328	0.025	0.049	0.078	2.337	0.751	0.013	0.029	-952.128
21	6	214	164	0.6436	0.161	0.184	0.075	0.024	0.024	0.082	0.331	0.083	0.053	0.085	4.487	0.667	0.065	0.056	-1646.505
21	6	459	181	0.5073	0.033	0.074	0.007	0.011	0.000	0.016	0.136	0.042	0.043	0.011	3.188	0.964	0.009	0.034	-2570.830
21	6	497	235	0.6139	0.076	0.173	0.024	0.016	0.008	0.064	0.252	0.107	0.019	0.093	4.631	0.938	0.008	0.008	-3022.415
21	6	470	355	0.6584	0.395	0.248	0.052	0.016	0.000	0.069	0.833	0.111	0.090	0.470	4.316	0.856	0.131	0.062	-4029.717
21	6	527	327	0.4386	0.074	0.165	0.014	0.010	0.004	0.058	0.422	0.125	0.237	0.156	3.496	0.762	0.207	0.035	-4219.426
21	6	333	162	0.4288	0.048	0.071	0.017	0.006	0.003	0.012	0.194	0.074	0.056	0.006	7.393	0.721	0.000	0.080	-1971.664
21	6	603	382	0.4457	0.117	0.164	0.036	0.016	0.006	0.026	0.442	0.083	0.177	0.141	3.016	0.710	0.189	0.061	-4935.318
21	6	402	294	0.6332	0.126	0.234	0.032	0.005	0.014	0.106	0.631	0.242	0.105	0.213	4.113	0.876	0.081	0.127	-3554.362
21	6	381	319	0.6377	0.049	0.536	0.066	0.017	0.011	0.079	1.061	0.229	0.216	0.124	3.115	0.738	0.262	0.085	-3788.851
21	6	342	217	0.4483	0.128	0.033	0.021	0.003	0.000	0.026	0.371	0.149	0.135	0.078	1.815	0.895	0.034	0.054	-2437.497
21	6	449	279	0.5580	0.127	0.199	0.012	0.005	0.007	0.030	0.265	0.153	0.120	0.111	3.436	0.853	0.098	0.103	-3484.525
21	6	623	256	0.4509	0.054	0.060	0.013	0.002	0.000	0.025	0.196	0.096	0.075	0.000	2.959	0.938	0.041	0.028	-3769.643
21	6	304	187	0.6125	0.116	0.165	0.100	0.000	0.007	0.070	0.169	0.063	0.066	0.169	5.275	0.774	0.065	0.044	-2195.102
21	6	281	194	0.6224	0.100	0.216	0.021	0.013	0.031	0.047	0.326	0.090	0.063	0.122	4.700	0.351	0.199	0.049	-2242.291
21	6	251	167	0.5303	0.064	0.042	0.008	0.000	0.008	0.042	0.368	0.033	0.136	0.112	2.757	0.807	0.044	0.024	-1685.576
21	6	437	304	0.4198	0.116	0.149	0.022	0.005	0.014	0.046	0.496	0.211	0.137	0.120	3.154	0.621	0.108	0.075	-3631.327
21	6	278	214	0.6189	0.213	0.211	0.055	0.011	0.000	0.052	0.347	0.139	0.142	0.183	3.698	0.659	0.119	0.103	-2379.934
21	6	326	182	0.3986	0.048	0.114	0.039	0.003	0.000	0.009	0.206	0.153	0.070	0.091	3.798	0.823	0.050	0.017	-2112.064
21	6	329	272	0.5484	0.174	0.387	0.099	0.009	0.006	0.080	1.411	0.300	0.151	0.243	3.573	0.621	0.165	0.091	-3315.218
21	6	680	260	0.5307	0.071	0.087	0.010	0.003	0.004	0.020	0.152	0.070	0.034	0.033	4.989	0.826	0.048	0.040	-4134.244
21	6	192	156	0.5219	0.142	0.171	0.020	0.000	0.011	0.029	0.313	0.084	0.091	0.203	3.247	0.720	0.184	0.137	-1519.936
21	6	661	301	0.4542	0.053	0.115	0.013	0.008	0.003	0.025	0.292	0.123	0.037	0.128	2.563	0.923	0.016	0.017	-4284.123
21	6	300	197	0.5683	0.096	0.144	0.047	0.000	0.010	0.025	0.185	0.100	0.077	0.118	2.765	0.317	0.040	0.039	-2153.095
21	6	334	228	0.5899	0.084	0.174	0.035	0.008	0.007	0.058	0.406	0.150	0.081	0.060	3.647	0.695	0.108	0.050	-2585.910
21	6	209	160	0.6187	0.186	0.082	0.027	0.000	0.005	0.048	0.498	0.119	0.110	0.190	3.238	0.223	0.006	0.135	-1664.889
21	6	583	318	0.4279	0.079	0.078	0.016	0.007	0.007	0.020	0.318	0.119	0.179	0.035	2.612	0.879	0.121	0.090	-4262.891
21	6	918	492	0.6377	0.149	0.180	0.055	0.011	0.021	0.053	0.358	0.100	0.091	0.102	4.795	0.858	0.138	0.075	-7235.470
21	6	352	157	0.6613	0.034	0.056	0.009	0.003	0.006	0.046	0.322	0.018	0.050	0.050	2.930	0.927	0.007	0.028	-2014.200
21	6	1107	575	0.4889	0.212	0.154	0.028	0.011	0.008	0.032	0.365	0.119	0.116	0.233	3.365	0.950	0.039	0.048	-8526.006
21	6	564	323	0.4005	0.077	0.108	0.010	0.009	0.005	0.049	0.453	0.148	0.125	0.106	3.685	0.773	0.134	0.066	-4314.324
21	6	454	281	0.4972	0.202	0.113	0.019	0.001	0.006	0.045	0.304	0.073	0.119	0.116	3.507	0.777	0.125	0.062	-3410.165
21	6	425	242	0.5998	0.266	0.176	0.008	0.005	0.000	0.058	0.240	0.037	0.072	0.204	2.500	0.964	0.036	0.047	-2958.557
21	6	1176	471	0.4795	0.061	0.079	0.012	0.004	0.004	0.018	0.235	0.099	0.066	0.070	3.645	0.950	0.050	0.093	-7776.986
21	6	531	331	0.5267	0.122	0.137	0.026	0.008	0.004	0.036	0.439	0.103	0.090	0.091	3.693	0.927	0.073	0.066	-3929.702
21	6	541	272	0.4106	0.073	0.101	0.015	0.004	0.006	0.041	0.240	0.091	0.080	0.032	3.525	0.874	0.045	0.052	-3584.231
21	6	323	279	0.4733	0.165	0.136	0.036	0.009	0.023	0.092	0.811	0.157	0.233	0.172	4.440	0.000	0.000	0.177	-3123.140
21	6	482	333	0.6683	0.328	0.230	0.031	0.010	0.023	0.080	0.589	0.154	0.075	0.297	5.719	0.802	0.139	0.062	-4094.218
21	6	280	219	0.6153	0.243	0.248	0.035	0.004	0.007	0.041	0.432	0.100	0.126	0.224	4.768	0.557	0.078	0.108	-2349.978
21	6	989	588	0.5302	0.147	0.141	0.030	0.008	0.008	0.048	0.400	0.093	0.109	0.169	5.674	0.632	0.225	0.114	-7756.883
21	6	304	218	0.5598	0.066	0.102	0.009	0.004	0.009	0.078	0.427	0.178	0.153	0.151	2.370	0.828	0.120	0.057	-2459.423
21	6	415	235	0.4914	0.091	0.092	0.017	0.003	0.007	0.026	0.293	0.105	0.089	0.101	2.376	0.783	0.012	0.050	-2823.905
21	6	338	244	0.4281	0.122	0.408	0.018	0.018	0.034	0.042	0.505	0.148	0.084	0.098	4.061	0.370	0.361	0.005	-2988.710
21	6	386	161	0.6429	0.023	0.064	0.051	0.008	0.000	0.012	0.204	0.119	0.000	0.045	5.058	0.831	0.006	0.016	-2192.484
21	6	285	178	0.5641	0.045	0.122	0.044	0.004	0.007	0.015	0.233	0.097	0.073	0.120	4.546	0.806	0.043	0.046	-1913.731
21	6	346	300	0.5546	0.232	0.552	0.063	0.015	0.009	0.074	0.833	0.182	0.075	0.221	4.491	0.412	0.253	0.047	-3430.100
21	6	1643	993	0.3838	0.122	0.142	0.030	0.009	0.006	0.055	0.552	0.147	0.155	0.226	2.972	0.750	0.250	0.148	-14360.424
21	6	434	322	0.5425	0.185	0.163	0.000	0.012	0.007	0.040	0.500	0.146	0.140	0.178	4.671	0.808	0.192	0.158	-3616.882
21	6	297	194	0.5198	0.129	0.058	0.003	0.010	0.003	0.038	0.296	0.136	0.153	0.103	2.792	0.933	0.067	0.023	-2099.390
21	6	293	224	0.5711	0.433	0.137	0.004	0.019	0.013	0.098	0.422	0.134	0.119	0.384	4.206	0.336	0.093	0.061	-2572.049
21	6	490	310	0.5267	0.118	0.191	0.037	0.007	0.016	0.069	0.441	0.109	0.154	0.097	3.439	0.812	0.126	0.055	-3957.072
21	6	427	240	0.5133	0.120	0.097	0.045	0.009	0.015	0.028	0.213	0.075	0.047	0.068	3.666	0.864	0.064	0.035	-2872.787
21	6	417	237	0.5562	0.116	0.106	0.027	0.011	0.008	0.060	0.303	0.042	0.102	0.086	4.377	0.895	0.047	0.056	-2916.718
21	6	496	185	0.5297	0.028	0.055	0.004	0.000	0.004	0.008	0.075	0.056	0.055	0.069	4.948	0.876	0.040	0.000	-2733.953
21	6	777	405	0.6041	0.128	0.201	0.045	0.012	0.007	0.056	0.329	0.096	0.091	0.133	5.588	0.883	0.090	0.029	-5672.013
21	6	636	267	0.4299	0.077	0.070	0.021	0.002	0.006	0.035	0.225	0.037	0.079	0.057	3.317	0.877	0.044	0.012	-3990.168
21	6	363	267	0.6031	0.114	0.245	0.048	0.003	0.005	0.084	0.640	0.187	0.096	0.136	3.707	0.687	0.141	0.059	-3108.531
21	6	160	103	0.5222	0.052	0.069	0.000	0.000	0.000	0.013	0.236	0.105	0.076	0.028	2.554	0.854	0.008	0.051	-988.200
21	6	404	241	0.6240	0.133	0.182	0.003	0.005	0.008	0.023	0.184	0.117	0.091	0.123	6.164	0.786	0.057	0.041	-2805.604
21	6	470	305	0.4776	0.118	0.162	0.013	0.007	0.000	0.032	0.431	0.088	0.156	0.110	3.513	0.881	0.111	0.058	-3547.079
21	6	451	289	0.4355	0.065	0.112	0.017	0.004	0.009	0.015	0.497	0.124	0.113	0.122	3.151	0.845	0.061	0.138	-3484.813
21	6	247	210	0.5297	0.146	0.266	0.018	0.005	0.029	0.091	0.600	0.161	0.133	0.198	3.554	0.383	0.111	0.107	-2298.237
21	6	327	186	0.5972	0.112	0.097	0.023	0.016	0.012	0.019	0.283	0.033	0.138	0.196	5.687	0.946	0.026	0.023	-2162.183
21	6	264	204	0.4760	0.154	0.146	0.050	0.004	0.004	0.045	0.514	0.183	0.095	0.176	2.673	0.384	0.037	0.108	-2231.261
21	6	302	109	0.4454	0.029	0.043	0.007	0.003	0.000	0.007	0.098	0.007	0.031	0.009	4.538	0.507	0.000	0.048	-1568.191
21	6	553	328	0.6094	0.063	0.129	0.030	0.007	0.002	0.047	0.402	0.096	0.098	0.112	4.736	0.827	0.067	0.037	-3889.471
21	6	254	215	0.5046	0.202	0.292	0.041	0.016	0.017	0.065	0.570	0.075	0.176	0.194	4.898	0.000	0.000	0.112	-2357.583
21	6	317	172	0.6608	0.078	0.241	0.027	0.004	0.003	0.087	0.396	0.068	0.054	0.032	8.464	0.947	0.053	0.031	-2081.760
21	6	200	145	0.4234	0.029	0.197	0.032	0.000	0.000	0.091	0.488	0.143	0.113	0.013	5.395	0.440	0.230	0.003	-1526.609
21	6	285	203	0.5510	0.115	0.106	0.031	0.004	0.007	0.038	0.359	0.094	0.087	0.094	4.573	0.668	0.136	0.060	-2104.066
21	6	543	312	0.6012	0.151	0.116	0.034	0.004	0.010	0.042	0.374	0.071	0.077	0.103	3.399	0.799	0.097	0.036	-3943.752
21	6	365	232	0.5363	0.074	0.148	0.022	0.003	0.006	0.027	0.216	0.112	0.086	0.092	3.302	0.799	0.055	0.119	-2619.289
21	6	306	191	0.7056	0.101	0.170	0.043	0.007	0.014	0.044	0.346	0.073	0.127	0.057	3.382	0.826	0.046	0.048	-2170.290
21	6	332	258	0.6306	0.186	0.401	0.000	0.078	0.059	0.102	0.632	0.087	0.145	0.212	5.548	0.651	0.178	0.062	-2942.322
21	6	353	226	0.5366	0.111	0.120	0.010	0.009	0.006	0.032	0.427	0.117	0.095	0.105	3.841	0.905	0.082	0.069	-2628.191
21	6	349	168	0.4647	0.015	0.191	0.031	0.000	0.009	0.002	0.141	0.024	0.010	0.053	3.425	0.312	0.088	0.000	-2125.369
21	6	738	488	0.4584	0.069	0.097	0.030	0.004	0.006	0.034	0.660	0.130	0.231	0.103	3.934	0.801	0.171	0.132	-6120.456
21	6	591	426	0.4209	0.240	0.189	0.024	0.034	0.002	0.046	0.595	0.214	0.104	0.000	3.578	0.840	0.160	0.212	-5080.384
21	6	385	289	0.5100	0.141	0.129	0.039	0.008	0.008	0.044	0.288	0.231	0.178	0.183	3.841	0.500	0.148	0.154	-3325.443
21	6	282	180	0.4594	0.204	0.088	0.016	0.014	0.000	0.028	0.538	0.069	0.066	0.208	2.966	0.769	0.038	0.057	-2053.732
21	6	197	158	0.4643	0.092	0.158	0.034	0.025	0.000	0.029	0.611	0.131	0.098	0.053	3.984	0.582	0.138	0.081	-1593.244
21	6	287	232	0.6179	0.402	0.178	0.066	0.018	0.021	0.071	0.494	0.131	0.112	0.382	3.025	0.518	0.070	0.109	-2662.674
21	6	269	211	0.5113	0.180	0.164	0.019	0.016	0.015	0.052	0.315	0.144	0.108	0.204	4.671	0.687	0.160	0.195	-2247.839
21	6	244	159	0.6877	0.110	0.132	0.004	0.017	0.005	0.022	0.489	0.028	0.183	0.150	5.344	0.836	0.061	0.030	-1689.809
21	6	953	579	0.4092	0.118	0.168	0.023	0.014	0.012	0.023	0.335	0.122	0.192	0.137	4.024	0.583	0.264	0.089	-7734.936
21	6	302	182	0.6823	0.113	0.183	0.047	0.007	0.007	0.043	0.198	0.069	0.063	0.134	4.378	0.902	0.010	0.096	-2078.830
21	6	312	232	0.4383	0.130	0.173	0.009	0.005	0.007	0.089	0.529	0.168	0.131	0.149	3.500	0.209	0.179	0.036	-2770.807
21	6	319	195	0.4501	0.076	0.056	0.013	0.005	0.011	0.015	0.311	0.072	0.198	0.108	3.420	0.803	0.056	0.032	-2215.431
21	6	616	252	0.4669	0.033	0.055	0.013	0.000	0.008	0.014	0.203	0.047	0.031	0.052	5.298	0.880	0.021	0.045	-3592.451
21	6	429	324	0.4079	0.264	0.166	0.030	0.005	0.012	0.031	0.489	0.108	0.167	0.282	3.396	0.610	0.134	0.124	-3779.862
21	6	548	258	0.4078	0.059	0.061	0.011	0.003	0.006	0.024	0.214	0.120	0.065	0.079	2.953	0.957	0.043	0.039	-3485.217
21	6	315	203	0.7413	0.114	0.178	0.050	0.027	0.006	0.089	0.302	0.103	0.180	0.138	4.717	0.816	0.091	0.073	-2441.488
21	6	491	274	0.5038	0.071	0.141	0.032	0.015	0.002	0.040	0.238	0.064	0.121	0.068	3.739	0.871	0.129	0.072	-3519.615
21	6	654	238	0.4178	0.001	0.072	0.010	0.002	0.000	0.025	0.157	0.047	0.125	0.061	3.261	0.938	0.052	0.011	-3801.483
21	6	481	182	0.4817	0.053	0.036	0.011	0.002	0.000	0.008	0.137	0.055	0.042	0.039	1.783	0.955	0.034	0.016	-2739.983
21	6	341	260	0.5383	0.216	0.239	0.035	0.016	0.014	0.073	0.415	0.142	0.095	0.147	3.142	0.710	0.091	0.113	-2951.505
21	6	144	109	0.5131	0.144	0.227	0.041	0.000	0.014	0.055	0.159	0.062	0.137	0.077	3.752	0.780	0.201	0.082	-1099.578
21	6	137	123	0.4976	0.281	0.092	0.031	0.007	0.000	0.014	0.888	0.115	0.196	0.299	4.292	0.000	0.000	0.170	-1243.581
21	6	987	539	0.5019	0.204	0.193	0.027	0.005	0.006	0.040	0.418	0.107	0.091	0.138	2.412	0.929	0.071	0.078	-7735.841
21	6	150	117	0.4865	0.076	0.099	0.027	0.014	0.000	0.000	0.320	0.153	0.063	0.146	14.496	0.305	0.039	0.074	-1042.567
21	6	252	170	0.4008	0.088	0.182	0.034	0.004	0.000	0.023	0.295	0.030	0.053	0.120	4.689	0.561	0.000	0.182	-1796.711
21	6	579	364	0.4666	0.093	0.185	0.026	0.007	0.008	0.030	0.357	0.125	0.112	0.105	3.330	0.722	0.231	0.045	-4442.414
21	6	254	180	0.4473	0.052	0.175	0.014	0.013	0.004	0.038	0.373	0.162	0.135	0.081	1.976	0.929	0.020	0.070	-1904.993
21	6	1442	629	0.5159	0.073	0.122	0.026	0.010	0.007	0.034	0.338	0.115	0.103	0.109	2.993	0.863	0.070	0.065	-10523.341
21	6	175	150	0.3985	0.194	0.321	0.040	0.006	0.012	0.087	0.626	0.093	0.211	0.156	4.871	0.355	0.175	0.220	-1565.692
21	6	226	140	0.4639	0.110	0.110	0.014	0.000	0.000	0.019	0.163	0.116	0.087	0.069	3.910	0.821	0.010	0.026	-1436.897
21	6	378	292	0.6405	0.234	0.537	0.085	0.014	0.037	0.098	0.931	0.108	0.152	0.246	6.315	0.861	0.092	0.068	-3464.737
21	6	187	164	0.4834	0.140	1.357	0.006	0.011	0.011	0.078	0.227	0.167	0.046	0.158	2.788	0.586	0.200	0.023	-1728.337
21	6	202	147	0.6031	0.123	0.249	0.030	0.011	0.005	0.039	0.322	0.070	0.068	0.108	5.304	0.683	0.052	0.186	-1545.202
21	6	172	113	0.4929	0.093	0.049	0.021	0.012	0.012	0.021	0.331	0.059	0.122	0.140	2.082	0.659	0.020	0.044	-1185.344
21	6	148	126	0.6077	0.212	0.054	0.049	0.035	0.000	0.044	0.604	0.188	0.127	0.175	3.061	0.507	0.035	0.128	-1292.020
21	6	601	379	0.4330	0.142	0.185	0.033	0.017	0.014	0.068	0.346	0.134	0.134	0.107	3.254	0.733	0.167	0.104	-4973.030
21	6	154	130	0.4673	0.139	0.254	0.018	0.000	0.007	0.116	0.392	0.125	0.287	0.091	4.989	0.470	0.254	0.009	-1304.122
21	6	111	75	0.5641	0.061	0.061	0.000	0.000	0.000	0.019	0.182	0.015	0.031	0.095	6.940	0.456	0.021	0.107	-647.188
21	6	241	169	0.4387	0.084	0.188	0.019	0.000	0.000	0.029	0.363	0.095	0.093	0.122	3.808	0.605	0.163	0.070	-1832.898
21	6	312	240	0.6013	0.135	0.183	0.009	0.003	0.000	0.035	0.559	0.177	0.167	0.133	6.389	0.304	0.497	0.000	-2660.218
21	6	145	126	0.6442	0.669	0.646	0.006	0.025	0.006	0.068	0.467	0.099	0.062	0.649	5.892	0.532	0.161	0.070	-1321.752
21	6	312	245	0.7176	0.244	0.524	0.059	0.000	0.069	0.055	1.097	0.134	0.103	0.320	10.361	0.819	0.135	0.058	-2639.299
21	6	232	159	0.5972	0.165	0.095	0.004	0.004	0.009	0.038	0.514	0.094	0.059	0.130	2.926	0.663	0.072	0.043	-1699.117
21	6	422	242	0.5731	0.111	0.200	0.031	0.002	0.003	0.039	0.261	0.042	0.076	0.143	3.909	0.874	0.037	0.026	-2869.491
