1	6	435	262	0.5075	0.057	0.100	0.028	0.014	0.002	0.055	0.302	0.062	0.109	0.153	4.136	0.765	0.235	0.056	1.295	-3244.664
21	6	236	131	0.4186	0.018	0.042	0.037	0.005	0.000	0.050	0.196	0.039	0.099	0.041	1.880	0.973	0.013	0.024	1.000	-1423.158
21	6	286	185	0.4598	0.224	0.184	0.020	0.004	0.004	0.017	0.531	0.013	0.062	0.155	1.814	0.923	0.068	0.036	3.141	-1978.093
21	6	866	332	0.5380	0.095	0.061	0.016	0.001	0.004	0.028	0.152	0.037	0.053	0.101	4.266	0.967	0.033	0.036	9.123	-5272.787
21	6	273	182	0.4269	0.105	0.109	0.025	0.008	0.000	0.031	0.377	0.124	0.144	0.118	4.961	0.851	0.119	0.073	1.000	-2039.650
21	6	306	247	0.6297	0.181	0.200	0.052	0.026	0.015	0.078	0.639	0.175	0.183	0.221	4.560	0.698	0.282	0.133	12.097	-2900.144
21	6	787	377	0.4504	0.021	0.055	0.008	0.005	0.003	0.019	0.357	0.087	0.105	0.102	3.663	0.822	0.064	0.096	1.000	-5389.407
21	6	695	346	0.4821	0.000	0.103	0.008	0.004	0.005	0.021	0.402	0.119	0.101	0.141	3.702	0.955	0.045	0.042	1.000	-4801.517
21	6	878	540	0.3836	0.138	0.140	0.030	0.009	0.004	0.053	0.672	0.141	0.172	0.143	3.499	0.522	0.294	0.117	1.000	-7637.878
21	6	335	251	0.4735	0.176	0.230	0.040	0.009	0.016	0.066	0.331	0.112	0.000	0.124	2.357	0.582	0.135	0.124	1.641	-2627.098
21	6	330	176	0.4370	0.017	0.082	0.003	0.006	0.003	0.033	0.359	0.051	0.083	0.087	3.019	0.897	0.030	0.051	1.000	-2144.625
21	6	318	156	0.4156	0.049	0.046	0.000	0.003	0.007	0.020	0.165	0.110	0.027	0.046	3.536	0.950	0.033	0.047	9.047	-1884.275
21	6	1543	605	0.5580	0.052	0.121	0.024	0.007	0.005	0.030	0.281	0.066	0.080	0.144	3.314	0.977	0.023	0.029	1.000	-10244.248
21	6	467	244	0.6016	0.085	0.074	0.018	0.015	0.002	0.046	0.282	0.077	0.071	0.062	5.059	0.959	0.041	0.068	1.000	-3125.541
21	6	305	237	0.4027	0.116	0.285	0.035	0.013	0.031	0.023	0.503	0.086	0.146	0.118	3.396	0.741	0.107	0.104	1.779	-2525.780
21	6	294	174	0.5635	0.066	0.132	0.037	0.010	0.003	0.012	0.231	0.124	0.053	0.096	2.856	0.939	0.043	0.063	1.000	-2034.613
21	6	465	344	0.4049	0.159	0.133	0.049	0.007	0.015	0.016	0.751	0.249	0.167	0.180	2.826	0.479	0.306	0.093	1.588	-4183.019
21	6	300	182	0.5692	0.098	0.067	0.028	0.014	0.000	0.039	0.326	0.117	0.069	0.078	3.374	0.932	0.068	0.070	1.000	-2134.678
21	6	186	157	0.5533	0.177	0.278	0.120	0.005	0.011	0.126	0.861	0.016	0.198	0.186	5.859	0.771	0.229	0.085	1.000	-1671.955
21	6	509	314	0.6345	0.121	0.226	0.048	0.009	0.006	0.037	0.323	0.073	0.073	0.191	4.285	0.864	0.122	0.099	18.526	-3855.325
21	6	173	129	0.4611	0.075	0.013	0.032	0.012	0.000	0.024	0.662	0.193	0.024	0.104	3.286	0.913	0.087	0.040	1.000	-1208.979
21	6	474	282	0.5511	0.000	0.092	0.026	0.013	0.002	0.029	0.328	0.163	0.132	0.094	3.347	0.856	0.144	0.114	1.000	-3509.075
21	6	381	249	0.4889	0.119	0.104	0.014	0.010	0.014	0.037	0.330	0.049	0.116	0.112	4.088	0.762	0.103	0.100	1.000	-2820.214
21	6	448	253	0.4586	0.117	0.066	0.038	0.005	0.002	0.018	0.393	0.145	0.103	0.102	3.453	0.956	0.044	0.050	1.000	-3188.209
21	6	798	323	0.5154	0.050	0.107	0.015	0.002	0.004	0.029	0.240	0.085	0.097	0.078	3.596	0.964	0.035	0.040	1.000	-4850.495
21	6	200	115	0.5722	0.038	0.167	0.025	0.000	0.000	0.025	0.333	0.080	0.092	0.051	4.034	0.905	0.084	0.010	4.714	-1241.929
21	6	401	281	0.6436	0.186	0.149	0.038	0.017	0.017	0.089	0.410	0.172	0.123	0.185	4.267	0.898	0.102	0.074	1.000	-3315.761
21	6	940	583	0.4630	0.000	0.143	0.034	0.008	0.008	0.041	0.606	0.132	0.118	0.289	3.554	0.726	0.104	0.099	1.000	-7832.598
21	6	308	177	0.4321	0.056	0.050	0.019	0.000	0.010	0.011	0.295	0.023	0.192	0.042	4.229	0.811	0.125	0.050	1.277	-2065.238
21	6	317	181	0.4367	0.038	0.116	0.020	0.003	0.004	0.022	0.285	0.097	0.049	0.045	1.793	0.873	0.037	0.042	1.000	-2081.007
21	6	371	179	0.5329	0.055	0.047	0.010	0.008	0.003	0.032	0.205	0.024	0.050	0.086	3.405	0.823	0.014	0.039	1.000	-2284.811
21	6	972	445	0.4190	0.080	0.083	0.023	0.010	0.004	0.036	0.307	0.087	0.049	0.113	4.197	0.709	0.134	0.082	1.000	-6826.015
21	6	385	237	0.4487	0.104	0.091	0.028	0.004	0.007	0.035	0.557	0.107	0.146	0.021	3.781	0.917	0.083	0.073	1.000	-2834.600
21	6	562	312	0.4253	0.121	0.071	0.031	0.005	0.006	0.027	0.241	0.100	0.124	0.100	3.132	0.870	0.130	0.063	1.000	-4026.872
21	6	439	328	0.5154	0.199	0.198	0.044	0.018	0.006	0.074	0.703	0.158	0.126	0.176	3.463	0.455	0.459	0.017	7.962	-4142.969
21	6	144	56	0.6559	0.000	0.007	0.021	0.000	0.000	0.007	0.050	0.028	0.014	0.000	6.675	1.000	0.000	0.128	1.000	-658.880
21	6	476	305	0.6112	0.243	0.258	0.067	0.019	0.002	0.061	0.683	0.107	0.132	0.278	7.907	0.930	0.070	0.044	7.867	-3765.699
21	6	344	175	0.4188	0.041	0.073	0.035	0.009	0.000	0.032	0.216	0.061	0.145	0.088	3.694	0.794	0.206	0.034	1.000	-2331.696
21	6	220	145	0.5900	0.168	0.074	0.040	0.000	0.009	0.028	0.214	0.023	0.085	0.130	4.045	0.000	0.000	0.167	1.312	-1542.100
21	6	2057	667	0.5128	0.147	0.124	0.022	0.007	0.007	0.028	0.218	0.087	0.093	0.116	2.099	0.997	0.002	0.011	1.000	-13125.024
21	6	316	268	0.3910	0.196	0.295	0.040	0.013	0.013	0.044	0.607	0.168	0.151	0.210	3.679	0.432	0.235	0.121	2.637	-2982.334
21	6	256	184	0.5545	0.326	0.080	0.028	0.012	0.000	0.062	0.482	0.147	0.044	0.110	3.660	0.789	0.202	0.081	20.043	-2070.727
21	6	309	223	0.5417	0.202	0.128	0.029	0.007	0.003	0.054	0.360	0.073	0.077	0.189	3.653	0.947	0.053	0.100	1.000	-2383.121
21	6	206	176	0.5742	0.363	0.375	0.012	0.026	0.004	0.050	0.816	0.200	0.094	0.380	4.729	0.843	0.106	0.094	15.301	-1847.950
21	6	578	430	0.5316	0.171	0.314	0.062	0.008	0.024	0.081	0.536	0.153	0.178	0.211	3.508	0.740	0.135	0.122	1.331	-5457.273
21	6	115	101	0.6932	0.427	0.951	0.129	0.000	0.009	0.000	0.520	0.000	0.238	0.476	6.464	0.374	0.538	0.037	1.947	-1078.617
21	6	252	235	0.6151	0.475	0.571	0.080	0.024	0.010	0.087	0.822	0.092	0.267	0.492	4.899	0.454	0.368	0.195	6.121	-2586.361
21	6	949	393	0.5663	0.162	0.169	0.029	0.011	0.008	0.026	0.223	0.088	0.072	0.095	3.104	0.946	0.030	0.023	1.000	-6353.277
21	6	209	168	0.6088	0.144	0.067	0.003	0.034	0.005	0.114	0.468	0.033	0.201	0.121	3.895	0.895	0.090	0.152	16.248	-1711.699
21	6	449	271	0.6363	0.156	0.105	0.015	0.009	0.021	0.070	0.529	0.067	0.091	0.117	3.591	0.814	0.035	0.038	1.749	-3286.164
21	6	626	332	0.6521	0.109	0.211	0.041	0.003	0.016	0.066	0.266	0.039	0.060	0.149	5.109	0.958	0.024	0.044	1.000	-4332.633
21	6	732	407	0.4516	0.091	0.126	0.024	0.007	0.006	0.013	0.305	0.127	0.156	0.099	3.633	0.872	0.118	0.079	5.937	-5414.229
21	6	181	123	0.6120	0.226	0.000	0.000	0.000	0.006	0.052	0.387	0.037	0.095	0.264	5.876	0.600	0.067	0.081	5.564	-1285.173
21	6	1027	407	0.5463	0.075	0.109	0.018	0.008	0.002	0.030	0.240	0.061	0.072	0.056	3.099	0.973	0.027	0.027	46.980	-6607.409
21	6	159	112	0.4294	0.120	0.080	0.013	0.007	0.000	0.013	0.247	0.017	0.129	0.056	3.782	0.729	0.093	0.056	1.000	-1052.107
21	6	314	179	0.4428	0.140	0.037	0.003	0.000	0.003	0.022	0.218	0.051	0.111	0.173	3.736	0.948	0.004	0.034	1.000	-1990.954
21	6	174	129	0.4401	0.110	0.040	0.038	0.006	0.000	0.030	0.410	0.035	0.112	0.068	2.623	0.455	0.137	0.077	1.015	-1243.692
21	6	310	234	0.4438	0.089	0.175	0.031	0.012	0.027	0.042	0.414	0.138	0.213	0.163	4.252	0.656	0.319	0.188	10.176	-2694.984
21	6	445	301	0.5864	0.131	0.181	0.025	0.002	0.008	0.064	0.294	0.110	0.060	0.177	5.270	0.705	0.227	0.116	2.671	-3501.877
21	6	191	136	0.6085	0.218	0.050	0.025	0.000	0.021	0.071	0.309	0.106	0.071	0.173	5.344	0.859	0.141	0.056	1.000	-1421.544
21	6	305	235	0.5464	0.259	0.272	0.034	0.017	0.013	0.061	0.470	0.045	0.163	0.213	3.608	0.732	0.193	0.046	1.000	-2608.664
21	6	602	312	0.6472	0.149	0.148	0.014	0.006	0.006	0.080	0.270	0.102	0.100	0.171	5.737	0.906	0.084	0.050	1.000	-4301.651
21	6	212	180	0.4882	0.141	0.168	0.048	0.009	0.040	0.118	0.400	0.155	0.111	0.163	3.341	0.000	0.000	0.216	1.000	-1941.083
21	6	276	176	0.6832	0.203	0.068	0.059	0.000	0.007	0.055	0.314	0.098	0.000	0.187	4.533	0.903	0.027	0.088	1.000	-1944.155
21	6	291	203	0.6590	0.189	0.160	0.025	0.006	0.026	0.081	0.348	0.066	0.111	0.199	5.249	0.817	0.119	0.081	1.000	-2297.130
21	6	364	260	0.6196	0.190	0.199	0.013	0.009	0.012	0.043	0.394	0.094	0.114	0.163	6.068	0.554	0.342	0.073	8.840	-2911.699
21	6	407	261	0.4651	0.094	0.077	0.024	0.005	0.013	0.020	0.244	0.104	0.100	0.067	2.925	0.908	0.029	0.077	1.000	-2809.935
21	6	485	222	0.4684	0.036	0.175	0.004	0.008	0.004	0.034	0.190	0.073	0.061	0.060	2.992	0.967	0.031	0.017	607.303	-2945.521
21	6	946	520	0.5893	0.121	0.187	0.034	0.010	0.022	0.065	0.369	0.106	0.111	0.110	5.336	0.935	0.060	0.071	22.563	-7238.616
21	6	173	168	0.4733	0.307	0.681	0.018	0.000	0.012	0.029	0.615	0.587	0.301	0.327	3.273	0.166	0.634	0.162	10.077	-1992.269
21	6	254	112	0.3939	0.037	0.029	0.013	0.000	0.004	0.000	0.129	0.040	0.018	0.034	2.029	0.960	0.033	0.026	1.329	-1344.275
21	6	274	159	0.5468	0.056	0.101	0.020	0.018	0.005	0.035	0.212	0.058	0.088	0.049	3.424	0.935	0.023	0.022	1.000	-1758.139
21	6	282	194	0.5359	0.133	0.202	0.042	0.006	0.020	0.070	0.390	0.102	0.126	0.094	4.357	0.944	0.045	0.056	57.081	-2134.378
21	6	311	212	0.4136	0.090	0.084	0.018	0.000	0.000	0.058	0.547	0.132	0.080	0.126	4.166	0.942	0.058	0.083	1.000	-2312.291
21	6	232	178	0.5084	0.194	0.104	0.032	0.000	0.009	0.058	0.434	0.148	0.083	0.124	2.514	0.761	0.124	0.045	5.733	-1814.125
21	6	428	244	0.4514	0.083	0.058	0.016	0.000	0.002	0.026	0.483	0.080	0.186	0.101	3.782	0.968	0.032	0.034	1.000	-2934.802
21	6	399	272	0.4102	0.115	0.114	0.021	0.008	0.006	0.028	0.522	0.149	0.135	0.134	2.879	0.631	0.128	0.120	1.019	-3222.498
21	6	1133	456	0.5302	0.081	0.062	0.016	0.003	0.000	0.026	0.281	0.060	0.073	0.062	2.514	0.969	0.031	0.060	1.000	-7380.745
21	6	612	247	0.4184	0.085	0.052	0.018	0.000	0.000	0.024	0.458	0.090	0.065	0.008	2.999	0.969	0.013	0.018	1.000	-3748.013
21	6	422	200	0.4646	0.049	0.056	0.020	0.000	0.000	0.000	0.175	0.073	0.239	0.060	4.263	0.907	0.022	0.022	1.000	-2624.753
21	6	347	160	0.4989	0.000	0.076	0.014	0.000	0.006	0.013	0.150	0.049	0.066	0.086	2.757	0.980	0.018	0.024	1.000	-2020.139
21	6	433	264	0.5858	0.105	0.144	0.019	0.005	0.002	0.056	0.321	0.065	0.084	0.114	5.079	0.895	0.053	0.069	1.000	-3058.867
21	6	520	295	0.5825	0.184	0.158	0.034	0.002	0.006	0.051	0.421	0.094	0.140	0.001	3.481	0.888	0.112	0.060	8.867	-3876.118
21	6	291	174	0.6166	0.065	0.094	0.014	0.018	0.012	0.076	0.429	0.084	0.101	0.093	5.422	0.933	0.037	0.022	1.000	-1982.075
21	6	197	165	0.6130	0.175	0.165	0.026	0.016	0.031	0.093	0.494	0.094	0.213	0.120	3.311	0.563	0.240	0.096	1.000	-1779.745
21	6	313	209	0.6596	0.241	0.096	0.035	0.011	0.020	0.085	0.450	0.106	0.072	0.167	3.660	0.949	0.051	0.045	1.000	-2386.792
21	6	370	233	0.4551	0.153	0.094	0.016	0.006	0.000	0.035	0.345	0.172	0.056	0.129	2.171	0.963	0.000	0.109	5.774	-2798.012
21	6	257	206	0.5538	0.229	0.261	0.022	0.000	0.008	0.055	0.458	0.057	0.172	0.230	3.659	0.684	0.271	0.106	7.921	-2275.452
21	6	377	223	0.4640	0.136	0.031	0.023	0.006	0.008	0.031	0.221	0.152	0.054	0.000	2.387	0.999	0.001	0.091	1.000	-2519.023
21	6	308	231	0.4053	0.209	0.093	0.035	0.007	0.010	0.049	0.543	0.147	0.114	0.119	2.928	0.659	0.123	0.137	1.000	-2617.278
21	6	788	528	0.4860	0.411	0.197	0.050	0.008	0.012	0.087	0.420	0.081	0.088	0.423	3.762	0.840	0.160	0.144	1.000	-7160.587
21	6	377	272	0.5331	0.129	0.167	0.035	0.001	0.010	0.081	0.538	0.101	0.110	0.131	4.750	0.793	0.097	0.084	1.000	-3064.857
21	6	253	185	0.5010	0.233	0.081	0.030	0.005	0.016	0.053	0.412	0.113	0.086	0.155	3.126	0.928	0.072	0.044	1.000	-1893.949
21	6	482	382	0.5622	0.273	0.294	0.049	0.016	0.006	0.102	0.836	0.128	0.171	0.232	3.460	0.561	0.228	0.081	1.368	-4714.509
21	6	803	371	0.4250	0.051	0.058	0.020	0.009	0.003	0.030	0.262	0.096	0.162	0.046	3.559	0.928	0.055	0.050	1.000	-5432.187
21	6	1144	442	0.4619	0.017	0.076	0.012	0.003	0.003	0.020	0.252	0.096	0.096	0.108	3.371	0.918	0.075	0.033	1.000	-7465.399
21	6	317	204	0.4246	0.089	0.055	0.022	0.004	0.003	0.030	0.417	0.117	0.084	0.065	3.472	0.556	0.041	0.082	1.011	-2261.936
21	6	350	214	0.5206	0.180	0.178	0.009	0.009	0.008	0.049	0.224	0.124	0.057	0.112	2.463	0.983	0.017	0.025	1.000	-2409.028
21	6	380	254	0.6022	0.177	0.197	0.045	0.008	0.000	0.059	0.536	0.072	0.217	0.193	3.370	0.872	0.091	0.049	1.000	-3082.578
21	6	140	129	0.4956	0.150	0.408	0.033	0.044	0.023	0.043	0.621	0.276	0.201	0.121	3.025	0.370	0.471	0.140	3.263	-1451.769
21	6	144	137	0.4846	0.180	0.407	0.032	0.016	0.005	0.112	0.614	0.284	0.054	0.134	3.795	0.410	0.300	0.123	2.113	-1399.477
21	6	1072	511	0.6173	0.179	0.140	0.028	0.005	0.006	0.040	0.317	0.056	0.088	0.147	4.187	0.941	0.044	0.053	5.931	-7682.533
21	6	728	472	0.4272	0.069	0.114	0.014	0.003	0.006	0.040	0.436	0.145	0.190	0.117	3.671	0.719	0.281	0.146	1.000	-5779.953
21	6	270	148	0.4841	0.062	0.073	0.022	0.004	0.004	0.017	0.211	0.070	0.010	0.027	1.320	0.799	0.000	0.055	1.000	-1654.194
21	6	360	164	0.4074	0.044	0.061	0.018	0.005	0.007	0.013	0.177	0.039	0.086	0.054	4.116	0.966	0.034	0.020	12.870	-2130.222
21	6	843	465	0.4367	0.118	0.138	0.021	0.003	0.005	0.043	0.354	0.141	0.118	0.094	4.453	0.822	0.146	0.098	2.011	-6501.514
21	6	413	197	0.6284	0.089	0.099	0.010	0.000	0.003	0.035	0.155	0.068	0.028	0.103	4.557	0.965	0.012	0.032	1.000	-2479.599
21	6	454	258	0.5996	0.100	0.191	0.021	0.004	0.005	0.023	0.211	0.073	0.082	0.146	3.343	0.898	0.026	0.030	5.104	-3075.944
21	6	411	324	0.4255	0.222	0.122	0.034	0.010	0.016	0.068	0.560	0.155	0.129	0.237	2.957	0.712	0.273	0.188	16.185	-3724.886
21	6	1514	499	0.6443	0.084	0.075	0.015	0.008	0.007	0.034	0.266	0.082	0.052	0.065	3.552	0.807	0.158	0.006	1.000	-9554.762
21	6	709	415	0.5284	0.000	0.111	0.038	0.007	0.010	0.041	0.323	0.072	0.144	0.339	3.535	0.844	0.141	0.105	1.000	-5610.216
21	6	783	456	0.4959	0.159	0.167	0.036	0.011	0.010	0.037	0.370	0.108	0.108	0.170	2.722	0.858	0.100	0.074	2.732	-6263.738
21	6	297	263	0.4352	0.266	0.422	0.080	0.021	0.017	0.080	0.481	0.103	0.273	0.210	2.933	0.508	0.359	0.268	5.951	-3084.645
21	6	545	194	0.5467	0.079	0.040	0.009	0.010	0.010	0.013	0.181	0.019	0.044	0.000	3.153	0.985	0.015	0.024	1.000	-3000.866
21	6	183	118	0.5684	0.115	0.112	0.017	0.022	0.012	0.017	0.153	0.045	0.016	0.080	5.659	0.848	0.121	0.011	8.864	-1160.020
21	6	1075	538	0.4617	0.137	0.192	0.022	0.007	0.006	0.033	0.256	0.093	0.112	0.104	3.241	0.945	0.054	0.081	271.907	-7792.602
21	6	585	401	0.5056	0.220	0.219	0.043	0.007	0.002	0.061	0.413	0.172	0.106	0.201	3.018	0.645	0.209	0.091	1.000	-5165.035
21	6	219	164	0.6684	0.249	0.178	0.034	0.014	0.020	0.041	0.573	0.094	0.090	0.233	5.614	0.651	0.148	0.075	5.700	-1826.487
21	6	640	342	0.5201	0.185	0.173	0.026	0.003	0.010	0.030	0.268	0.114	0.087	0.128	2.929	0.905	0.081	0.037	4.526	-4672.775
21	6	450	276	0.5584	0.100	0.133	0.027	0.014	0.009	0.041	0.320	0.035	0.156	0.125	5.975	0.876	0.077	0.049	2.125	-3261.893
21	6	151	131	0.5956	0.134	0.107	0.027	0.000	0.014	0.109	0.573	0.058	0.236	0.208	6.109	0.003	0.002	0.121	11.491	-1308.258
21	6	416	255	0.5959	0.221	0.395	0.021	0.014	0.017	0.088	0.249	0.093	0.065	0.225	5.586	0.966	0.033	0.032	7.177	-3062.243
21	6	635	325	0.4895	0.073	0.093	0.024	0.008	0.019	0.043	0.235	0.062	0.105	0.097	3.533	0.970	0.030	0.044	1.000	-4289.786
21	6	1238	429	0.5345	0.091	0.073	0.015	0.005	0.006	0.026	0.223	0.058	0.078	0.077	2.892	0.974	0.012	0.010	1.000	-7569.353
21	6	316	193	0.4468	0.121	0.087	0.013	0.000	0.007	0.044	0.288	0.098	0.119	0.052	2.080	0.611	0.113	0.032	1.000	-2285.247
21	6	2047	1122	0.5138	0.188	0.209	0.062	0.009	0.011	0.074	0.476	0.122	0.114	0.207	2.858	0.891	0.109	0.078	1.000	-17508.135
21	6	147	114	0.5597	0.260	0.045	0.029	0.014	0.007	0.048	0.345	0.077	0.000	0.000	2.962	0.940	0.021	0.211	1.000	-1077.941
21	6	654	369	0.4609	0.087	0.152	0.041	0.009	0.004	0.017	0.364	0.081	0.128	0.155	2.551	0.699	0.097	0.037	1.573	-4995.616
21	6	291	248	0.4464	0.212	0.340	0.037	0.007	0.014	0.107	0.499	0.185	0.103	0.301	3.788	0.524	0.301	0.148	3.581	-2834.059
21	6	456	238	0.4460	0.060	0.104	0.029	0.009	0.005	0.033	0.237	0.123	0.041	0.082	3.121	0.848	0.152	0.020	2.190	-3113.291
21	6	907	419	0.6136	0.263	0.113	0.038	0.002	0.008	0.086	0.256	0.066	0.126	0.229	5.049	0.965	0.035	0.027	1.000	-6201.734
21	6	299	270	0.4680	0.213	0.280	0.032	0.011	0.027	0.115	0.659	0.167	0.185	0.192	3.809	0.450	0.330	0.280	3.745	-3017.321
21	6	276	180	0.6142	0.137	0.110	0.063	0.051	0.023	0.139	0.358	0.124	0.107	0.141	3.330	0.909	0.069	0.092	11.327	-2257.856
21	6	834	413	0.6301	0.081	0.126	0.029	0.015	0.014	0.047	0.367	0.090	0.097	0.134	4.483	0.965	0.035	0.028	1.000	-5786.566
21	6	448	318	0.4739	0.154	0.106	0.046	0.003	0.017	0.030	0.434	0.110	0.192	0.242	2.882	0.528	0.087	0.131	1.000	-3886.570
21	6	299	196	0.4749	0.170	0.152	0.040	0.003	0.003	0.062	0.439	0.164	0.032	0.085	5.064	0.766	0.093	0.026	1.000	-2167.715
21	6	759	317	0.4603	0.024	0.056	0.013	0.006	0.008	0.024	0.333	0.149	0.067	0.088	4.395	1.000	0.000	0.031	1.000	-4876.502
21	6	547	291	0.3976	0.113	0.133	0.026	0.002	0.002	0.026	0.204	0.288	0.124	0.076	3.952	0.878	0.090	0.090	1.407	-3638.355
21	6	1534	834	0.4918	0.225	0.205	0.030	0.009	0.010	0.032	0.407	0.123	0.138	0.205	3.443	0.911	0.084	0.091	2.694	-12566.295
21	6	156	118	0.5601	0.202	0.120	0.019	0.000	0.000	0.045	0.281	0.081	0.041	0.151	2.815	0.785	0.074	0.084	1.000	-1129.464
21	6	443	274	0.3941	0.151	0.136	0.019	0.002	0.002	0.045	0.368	0.047	0.066	0.230	3.755	0.679	0.095	0.160	1.000	-3359.240
21	6	245	135	0.5797	0.108	0.057	0.044	0.004	0.000	0.029	0.168	0.062	0.044	0.054	3.231	0.921	0.031	0.050	1.000	-1521.673
21	6	421	240	0.4317	0.094	0.083	0.012	0.007	0.002	0.019	0.196	0.105	0.101	0.096	3.764	0.864	0.132	0.076	9.643	-2902.600
21	6	382	234	0.6204	0.155	0.216	0.036	0.003	0.016	0.037	0.236	0.092	0.054	0.144	3.430	0.832	0.118	0.054	6.661	-2796.450
21	6	277	223	0.6691	0.268	0.146	0.039	0.016	0.033	0.135	1.067	0.233	0.112	0.242	3.188	0.529	0.280	0.082	1.000	-2701.411
21	6	458	163	0.5119	0.006	0.041	0.005	0.000	0.000	0.010	0.122	0.054	0.030	0.042	2.073	0.967	0.029	0.025	2.641	-2468.494
21	6	901	523	0.3951	0.142	0.132	0.013	0.018	0.010	0.040	0.485	0.103	0.084	0.062	3.625	0.699	0.221	0.079	1.098	-6957.731
21	6	524	292	0.5296	0.089	0.082	0.037	0.006	0.006	0.042	0.420	0.110	0.122	0.198	3.654	0.830	0.050	0.040	1.000	-3823.823
21	6	158	140	0.6484	0.297	0.175	0.028	0.019	0.007	0.066	0.547	0.130	0.082	0.312	3.798	0.704	0.000	0.166	4.163	-1361.326
21	6	1117	619	0.4213	0.173	0.110	0.029	0.005	0.007	0.035	0.416	0.180	0.181	0.000	3.546	0.704	0.208	0.085	1.000	-8926.806
21	6	540	285	0.6045	0.037	0.113	0.019	0.003	0.004	0.048	0.299	0.080	0.088	0.076	3.978	0.966	0.034	0.051	1.000	-3624.970
21	6	353	191	0.4992	0.052	0.054	0.023	0.006	0.005	0.044	0.263	0.063	0.092	0.103	2.175	0.566	0.037	0.059	1.000	-2397.005
21	6	314	194	0.6170	0.118	0.139	0.045	0.017	0.003	0.078	0.322	0.081	0.083	0.110	4.655	0.848	0.135	0.063	4.713	-2337.589
21	6	709	348	0.4818	0.067	0.080	0.008	0.002	0.007	0.035	0.190	0.101	0.057	0.118	3.185	0.973	0.027	0.039	1.000	-4577.025
21	6	368	165	0.5438	0.000	0.021	0.004	0.006	0.003	0.027	0.148	0.041	0.056	0.171	6.551	0.942	0.057	0.013	1.000	-2136.537
21	6	466	352	0.4677	0.225	0.149	0.042	0.011	0.020	0.046	0.603	0.174	0.162	0.174	2.996	0.751	0.165	0.127	10.617	-4250.755
21	6	545	303	0.6937	0.000	0.093	0.021	0.004	0.019	0.115	0.477	0.049	0.168	0.322	5.485	0.953	0.047	0.028	1.000	-3968.392
21	6	344	234	0.6054	0.164	0.149	0.041	0.017	0.003	0.060	0.316	0.050	0.121	0.179	4.222	0.874	0.115	0.074	1.000	-2627.667
21	6	809	565	0.6061	0.269	0.245	0.062	0.022	0.006	0.071	0.719	0.161	0.142	0.258	4.924	0.732	0.223	0.066	1.000	-6961.039
21	6	560	317	0.5905	0.106	0.209	0.027	0.004	0.007	0.049	0.295	0.066	0.079	0.133	4.102	0.853	0.062	0.031	1.398	-4022.142
21	6	441	232	0.4638	0.083	0.092	0.017	0.003	0.012	0.049	0.231	0.045	0.098	0.029	3.720	0.943	0.057	0.020	1.000	-2833.267
21	6	889	354	0.5834	0.087	0.086	0.021	0.008	0.004	0.024	0.186	0.077	0.063	0.093	3.509	0.956	0.030	0.018	1.000	-5560.765
21	6	283	187	0.5779	0.087	0.181	0.062	0.008	0.007	0.076	0.334	0.048	0.081	0.072	4.503	0.676	0.107	0.067	1.000	-2142.052
21	6	321	186	0.4280	0.136	0.090	0.033	0.003	0.003	0.026	0.233	0.059	0.119	0.063	2.364	0.948	0.052	0.045	1.000	-2180.714
21	6	1141	533	0.4618	0.135	0.130	0.034	0.004	0.008	0.025	0.302	0.079	0.092	0.103	2.677	0.949	0.051	0.054	1.000	-8230.039
21	6	253	117	0.7229	0.087	0.077	0.000	0.000	0.004	0.088	0.244	0.013	0.082	0.037	8.348	0.971	0.029	0.038	1.000	-1487.900
21	6	778	367	0.4753	0.020	0.111	0.015	0.004	0.004	0.040	0.275	0.135	0.075	0.059	2.414	0.861	0.033	0.085	1.000	-5387.446
21	6	920	408	0.5451	0.109	0.044	0.019	0.007	0.005	0.035	0.266	0.073	0.091	0.078	3.234	0.947	0.016	0.031	1.000	-6006.631
21	6	334	213	0.5455	0.193	0.105	0.011	0.000	0.006	0.039	0.372	0.033	0.073	0.160	2.165	0.933	0.067	0.047	1.000	-2388.282
21	6	295	196	0.4720	0.080	0.119	0.032	0.000	0.014	0.036	0.203	0.149	0.124	0.159	3.472	0.863	0.049	0.066	2.008	-2170.954
21	6	521	323	0.4616	0.141	0.169	0.012	0.019	0.000	0.057	0.436	0.118	0.117	0.097	3.457	0.826	0.097	0.087	2.467	-4127.862
21	6	398	167	0.6702	0.043	0.073	0.022	0.005	0.005	0.025	0.199	0.030	0.055	0.071	6.255	0.989	0.011	0.027	1.000	-2297.425
21	6	478	329	0.4512	0.168	0.276	0.030	0.029	0.004	0.032	0.437	0.118	0.089	0.192	2.541	0.831	0.136	0.094	7.958	-4043.438
21	6	231	127	0.5272	0.031	0.072	0.009	0.004	0.000	0.017	0.179	0.051	0.077	0.046	2.482	0.962	0.018	0.023	1.000	-1339.170
21	6	311	233	0.4695	0.172	0.117	0.062	0.007	0.003	0.036	0.449	0.118	0.067	0.149	2.760	0.803	0.153	0.150	1.000	-2564.755
21	6	373	299	0.4072	0.214	0.289	0.024	0.005	0.009	0.015	0.693	0.065	0.178	0.252	2.884	0.601	0.301	0.089	6.670	-3381.788
21	6	210	143	0.4803	0.045	0.112	0.032	0.005	0.000	0.024	0.266	0.055	0.068	0.058	4.398	0.816	0.033	0.090	4.983	-1362.694
21	6	141	115	0.5768	0.222	0.200	0.038	0.008	0.000	0.224	0.579	0.030	0.097	0.158	2.081	0.633	0.367	0.069	1.000	-1245.425
21	6	189	124	0.5309	0.186	0.067	0.022	0.000	0.000	0.021	0.335	0.049	0.027	0.112	4.577	0.982	0.018	0.074	1.000	-1209.646
21	6	419	239	0.5743	0.169	0.120	0.041	0.008	0.007	0.027	0.385	0.090	0.078	0.102	4.165	0.917	0.083	0.043	1.000	-3037.879
21	6	228	188	0.6248	0.172	0.250	0.050	0.000	0.004	0.069	0.527	0.118	0.127	0.184	3.612	0.305	0.254	0.045	1.129	-2054.578
21	6	230	152	0.4773	0.081	0.012	0.025	0.009	0.000	0.021	0.316	0.146	0.108	0.155	3.473	0.964	0.036	0.119	1.000	-1635.727
21	6	652	353	0.6242	0.174	0.074	0.022	0.008	0.012	0.037	0.389	0.120	0.120	0.162	5.339	0.896	0.038	0.042	1.000	-4758.787
21	6	358	242	0.6277	0.152	0.135	0.037	0.003	0.008	0.041	0.418	0.086	0.055	0.117	4.880	0.839	0.000	0.137	1.000	-2647.811
21	6	373	311	0.4804	0.162	0.371	0.046	0.010	0.015	0.059	0.634	0.133	0.182	0.236	2.804	0.542	0.290	0.105	2.990	-3680.084
21	6	879	455	0.5231	0.142	0.146	0.020	0.005	0.014	0.062	0.370	0.093	0.146	0.046	3.915	0.915	0.085	0.058	3.388	-6592.498
21	6	391	177	0.6417	0.075	0.085	0.025	0.003	0.003	0.028	0.187	0.037	0.074	0.051	3.980	0.944	0.018	0.029	1.000	-2308.537
21	6	429	253	0.5651	0.222	0.044	0.009	0.007	0.007	0.026	0.238	0.124	0.151	0.202	3.942	0.925	0.027	0.015	1.000	-2916.700
21	6	206	111	0.5545	0.062	0.072	0.000	0.000	0.000	0.062	0.161	0.047	0.044	0.059	8.794	0.850	0.041	0.018	1.000	-1177.114
21	6	338	237	0.5771	0.320	0.487	0.064	0.021	0.029	0.056	0.709	0.086	0.095	0.262	4.740	0.736	0.123	0.045	1.115	-2900.039
21	6	362	124	0.4751	0.000	0.018	0.009	0.003	0.009	0.009	0.042	0.017	0.039	0.041	2.456	0.981	0.000	0.049	1.000	-1819.831
21	6	844	411	0.4688	0.081	0.113	0.023	0.002	0.001	0.043	0.337	0.073	0.085	0.078	3.444	0.570	0.380	0.000	6.266	-5912.511
21	6	225	146	0.4713	0.099	0.067	0.022	0.019	0.000	0.044	0.323	0.087	0.173	0.054	4.239	0.739	0.193	0.058	7.125	-1658.132
21	6	291	199	0.5723	0.194	0.086	0.028	0.021	0.008	0.027	0.418	0.083	0.080	0.188	3.100	0.809	0.121	0.086	1.000	-2292.534
21	6	239	130	0.4482	0.002	0.058	0.018	0.000	0.004	0.000	0.240	0.050	0.113	0.061	2.856	1.000	0.000	0.056	1.000	-1427.205
21	6	618	323	0.4786	0.097	0.091	0.032	0.015	0.007	0.026	0.297	0.110	0.179	0.111	2.929	0.911	0.030	0.029	1.000	-4365.396
21	6	251	165	0.5044	0.080	0.054	0.047	0.000	0.009	0.040	0.160	0.046	0.109	0.098	3.980	0.814	0.067	0.079	1.000	-1672.111
21	6	375	211	0.4816	0.073	0.119	0.036	0.009	0.004	0.027	0.202	0.093	0.090	0.097	2.239	0.928	0.026	0.032	1.000	-2471.365
21	6	269	167	0.5237	0.124	0.083	0.025	0.008	0.004	0.051	0.212	0.087	0.145	0.063	3.466	0.965	0.035	0.051	20.730	-1839.164
21	6	1098	439	0.4436	0.055	0.123	0.012	0.004	0.005	0.031	0.165	0.068	0.066	0.122	2.798	0.882	0.100	0.013	5.710	-7155.466
21	6	219	152	0.4292	0.077	0.043	0.000	0.029	0.000	0.048	0.283	0.072	0.093	0.133	1.570	0.722	0.016	0.049	1.000	-1478.523
21	6	555	293	0.5149	0.065	0.086	0.020	0.011	0.008	0.034	0.247	0.146	0.078	0.117	3.447	0.969	0.016	0.072	8.862	-3885.886
21	6	329	228	0.5213	0.228	0.138	0.030	0.006	0.017	0.069	0.446	0.148	0.131	0.130	2.921	0.577	0.147	0.063	1.000	-2737.402
21	6	503	256	0.6222	0.128	0.104	0.034	0.005	0.005	0.021	0.457	0.038	0.063	0.062	3.112	0.975	0.025	0.023	1.000	-3262.496
21	6	140	132	0.6056	0.355	2.105	0.145	0.008	0.031	0.156	0.794	0.255	0.212	0.411	4.064	0.552	0.215	0.235	13.168	-1601.291
21	6	202	114	0.4882	0.104	0.051	0.005	0.000	0.010	0.005	0.146	0.050	0.065	0.023	3.502	0.807	0.052	0.021	1.000	-1196.384
21	6	294	213	0.5664	0.148	0.108	0.055	0.000	0.007	0.063	0.489	0.087	0.073	0.109	2.455	0.940	0.048	0.081	1.000	-2275.368
21	6	220	179	0.4482	0.146	0.126	0.055	0.012	0.012	0.060	0.556	0.163	0.105	0.253	1.763	0.686	0.127	0.113	1.000	-1983.824
21	6	296	129	0.5183	0.043	0.044	0.018	0.010	0.007	0.007	0.169	0.012	0.053	0.014	2.142	0.931	0.035	0.000	1.549	-1619.032
21	6	762	421	0.4483	0.120	0.103	0.018	0.007	0.006	0.023	0.433	0.188	0.111	0.088	3.822	0.892	0.108	0.100	10.971	-5894.266
21	6	877	525	0.5640	0.175	0.158	0.044	0.011	0.008	0.054	0.320	0.134	0.128	0.135	3.228	0.890	0.094	0.087	5.952	-7043.029
21	6	499	300	0.6011	0.102	0.112	0.034	0.009	0.000	0.023	0.382	0.100	0.069	0.075	3.419	0.975	0.025	0.042	13.979	-3430.345
21	6	367	197	0.4544	0.068	0.116	0.010	0.000	0.006	0.043	0.268	0.072	0.090	0.019	4.117	0.918	0.029	0.084	1.000	-2427.725
21	6	325	258	0.4207	0.133	0.161	0.021	0.010	0.003	0.064	0.579	0.200	0.193	0.158	4.088	0.733	0.121	0.107	1.372	-2780.907
21	6	639	302	0.5373	0.181	0.118	0.007	0.017	0.008	0.021	0.184	0.081	0.108	0.189	4.474	0.986	0.008	0.020	1.000	-4210.012
21	6	362	201	0.4777	0.056	0.130	0.014	0.003	0.003	0.070	0.246	0.122	0.092	0.110	2.825	0.957	0.011	0.040	2.183	-2467.976
21	6	375	200	0.4357	0.073	0.413	0.019	0.003	0.000	0.018	0.211	0.042	0.050	0.049	2.407	0.962	0.026	0.044	54.410	-2418.263
21	6	437	275	0.4494	0.171	0.134	0.025	0.012	0.005	0.062	0.335	0.037	0.134	0.157	2.812	0.869	0.061	0.069	2.372	-3336.286
21	6	249	144	0.4070	0.154	0.036	0.016	0.011	0.005	0.032	0.214	0.087	0.031	0.000	2.083	0.921	0.029	0.040	1.000	-1562.553
21	6	314	216	0.6396	0.118	0.204	0.068	0.020	0.010	0.088	0.555	0.067	0.139	0.095	8.730	0.938	0.062	0.073	1.000	-2451.106
21	6	412	297	0.4991	0.087	0.187	0.029	0.005	0.013	0.029	0.377	0.096	0.134	0.155	3.039	0.773	0.109	0.122	1.000	-3327.445
21	6	437	151	0.6226	0.037	0.083	0.013	0.000	0.000	0.023	0.132	0.019	0.046	0.031	4.143	0.986	0.010	0.020	7.482	-2329.720
21	6	274	214	0.4417	0.338	0.316	0.021	0.004	0.000	0.024	0.345	0.129	0.126	0.314	3.176	0.847	0.081	0.115	8.009	-2335.079
21	6	155	132	0.5849	0.127	0.255	0.013	0.013	0.000	0.099	0.405	0.078	0.173	0.158	2.935	0.689	0.151	0.288	2.082	-1374.460
21	6	486	291	0.5169	0.134	0.116	0.010	0.002	0.004	0.062	0.310	0.064	0.109	0.200	3.592	0.885	0.011	0.045	1.000	-3458.959
21	6	574	408	0.4950	0.157	0.230	0.023	0.011	0.010	0.042	0.495	0.107	0.269	0.215	3.328	0.788	0.095	0.074	1.000	-4921.521
21	6	1322	683	0.4191	0.137	0.134	0.029	0.006	0.008	0.050	0.369	0.123	0.146	0.149	3.294	0.800	0.191	0.080	1.000	-10646.428
21	6	216	166	0.5620	0.094	0.189	0.023	0.007	0.012	0.068	0.410	0.115	0.157	0.079	3.886	0.862	0.126	0.113	7.605	-1744.348
21	6	777	353	0.4507	0.014	0.065	0.005	0.005	0.012	0.022	0.207	0.093	0.072	0.133	3.548	0.933	0.067	0.062	1.000	-5060.022
21	6	568	329	0.5738	0.158	0.110	0.020	0.000	0.014	0.030	0.323	0.070	0.056	0.153	4.344	0.896	0.030	0.120	3.180	-4142.158
21	6	845	393	0.4868	0.051	0.105	0.014	0.006	0.006	0.041	0.331	0.068	0.097	0.116	3.075	0.944	0.056	0.038	15.491	-5783.108
21	6	443	200	0.5186	0.106	0.046	0.018	0.004	0.008	0.032	0.200	0.069	0.065	0.055	2.426	0.923	0.077	0.033	1.000	-2789.161
21	6	577	246	0.4535	0.091	0.037	0.019	0.007	0.000	0.018	0.238	0.080	0.081	0.060	3.791	0.939	0.052	0.037	2.161	-3663.074
21	6	783	440	0.4488	0.155	0.148	0.014	0.012	0.008	0.051	0.386	0.173	0.118	0.073	3.252	0.882	0.118	0.086	1.000	-6166.272
21	6	430	222	0.5971	0.295	0.014	0.040	0.003	0.012	0.051	0.442	0.065	0.092	0.093	4.094	0.749	0.056	0.033	1.000	-3057.747
21	6	323	240	0.5729	0.507	0.079	0.031	0.009	0.028	0.048	0.780	0.215	0.166	0.501	5.894	0.703	0.152	0.068	1.579	-2931.670
21	6	483	198	0.3830	0.000	0.040	0.018	0.000	0.002	0.011	0.236	0.067	0.073	0.068	4.727	0.928	0.000	0.045	1.000	-2835.060
21	6	324	238	0.4798	0.199	0.149	0.000	0.000	0.018	0.072	0.425	0.114	0.073	0.175	3.189	0.643	0.093	0.048	1.000	-2492.290
21	6	306	201	0.5865	0.128	0.211	0.025	0.004	0.003	0.029	0.256	0.167	0.104	0.089	3.722	0.788	0.147	0.047	3.212	-2306.105
21	6	157	113	0.5409	0.058	0.066	0.065	0.000	0.014	0.043	0.333	0.102	0.044	0.036	4.460	0.935	0.065	0.073	1.000	-1065.008
21	6	208	129	0.5608	0.055	0.080	0.018	0.010	0.005	0.018	0.165	0.028	0.064	0.064	2.545	0.927	0.015	0.035	1.000	-1246.744
21	6	257	157	0.6269	0.126	0.080	0.058	0.007	0.016	0.011	0.383	0.088	0.029	0.092	2.979	0.943	0.057	0.053	1.000	-1788.101
21	6	695	424	0.5652	0.155	0.151	0.027	0.016	0.008	0.037	0.310	0.123	0.154	0.102	4.034	0.869	0.082	0.096	1.879	-5428.278
21	6	736	275	0.4254	0.048	0.061	0.014	0.004	0.014	0.018	0.172	0.046	0.047	0.041	3.432	0.954	0.043	0.070	12.975	-4459.453
21	6	511	296	0.5816	0.124	0.057	0.021	0.016	0.004	0.018	0.224	0.073	0.121	0.115	4.033	0.837	0.163	0.087	1.000	-3632.115
21	6	372	101	0.6676	0.029	0.024	0.014	0.003	0.000	0.000	0.055	0.022	0.004	0.007	9.397	0.956	0.000	0.011	1.000	-1672.637
21	6	495	220	0.5907	0.159	0.102	0.050	0.004	0.007	0.023	0.246	0.055	0.012	0.072	4.952	0.982	0.018	0.014	1.000	-2982.764
21	6	444	258	0.5959	0.072	0.189	0.027	0.018	0.004	0.056	0.432	0.034	0.082	0.072	4.734	0.892	0.014	0.031	1.000	-3022.908
21	6	576	359	0.4061	0.129	0.223	0.002	0.042	0.098	0.054	0.376	0.204	0.137	0.091	3.000	0.531	0.359	0.091	3.643	-4475.884
21	6	320	201	0.5490	0.011	0.579	0.043	0.006	0.003	0.048	0.215	0.098	0.129	0.042	1.992	0.840	0.034	0.033	7.701	-2360.306
21	6	142	117	0.5203	1.825	0.000	0.008	0.022	0.007	0.089	0.752	0.082	0.064	1.769	3.925	0.798	0.193	0.060	1.000	-1294.322
21	6	273	155	0.6128	0.028	0.062	0.030	0.007	0.007	0.014	0.326	0.015	0.062	0.044	3.331	0.915	0.079	0.088	177.527	-1679.992
21	6	324	224	0.4912	0.240	0.099	0.020	0.020	0.035	0.012	0.275	0.088	0.051	0.000	2.538	0.780	0.197	0.035	1.000	-2335.699
21	6	638	283	0.4449	0.077	0.083	0.018	0.003	0.007	0.029	0.360	0.121	0.099	0.005	2.058	0.944	0.020	0.024	1.000	-4122.071
21	6	629	265	0.4804	0.064	0.056	0.016	0.000	0.005	0.015	0.184	0.053	0.062	0.074	2.858	0.915	0.067	0.017	1.000	-3858.981
21	6	333	205	0.5801	0.131	0.122	0.010	0.015	0.006	0.025	0.337	0.116	0.130	0.092	3.472	0.812	0.063	0.059	1.000	-2414.641
21	6	516	277	0.4624	0.104	0.101	0.013	0.019	0.011	0.026	0.284	0.081	0.068	0.062	2.962	0.807	0.193	0.102	1.000	-3661.630
21	6	684	279	0.4375	0.087	0.041	0.012	0.003	0.003	0.027	0.217	0.113	0.082	0.019	3.221	0.910	0.040	0.026	1.000	-4303.904
21	6	375	308	0.4750	0.164	0.330	0.043	0.020	0.019	0.064	0.586	0.143	0.182	0.158	3.625	0.502	0.389	0.148	14.649	-3546.370
21	6	311	208	0.4968	0.107	0.129	0.045	0.006	0.013	0.097	0.483	0.067	0.123	0.082	2.578	0.974	0.026	0.044	1.000	-2321.927
21	6	456	244	0.5503	0.041	0.096	0.046	0.004	0.003	0.036	0.295	0.120	0.079	0.182	6.762	0.902	0.093	0.040	1.000	-3116.371
21	6	378	253	0.5976	0.080	0.250	0.062	0.011	0.009	0.047	0.584	0.110	0.134	0.098	3.571	0.780	0.093	0.063	5.610	-3078.432
21	6	229	180	0.5846	0.181	0.148	0.010	0.000	0.000	0.046	0.573	0.092	0.192	0.140	4.849	0.887	0.113	0.078	1.000	-1777.611
21	6	321	210	0.4218	0.076	0.086	0.046	0.003	0.003	0.028	0.279	0.125	0.057	0.072	3.988	0.902	0.098	0.091	3.750	-2216.971
21	6	457	276	0.6227	0.145	0.207	0.031	0.000	0.009	0.060	0.322	0.048	0.054	0.127	4.590	0.923	0.040	0.022	1.662	-3174.675
21	6	384	253	0.5123	0.142	0.072	0.087	0.005	0.014	0.042	0.356	0.088	0.084	0.122	3.127	0.908	0.092	0.098	1.000	-2950.574
21	6	609	360	0.4643	0.110	0.143	0.027	0.002	0.005	0.019	0.370	0.136	0.039	0.109	2.867	0.807	0.138	0.067	1.000	-4200.239
21	6	330	221	0.4364	0.069	0.142	0.061	0.005	0.008	0.047	0.371	0.102	0.129	0.091	4.183	0.494	0.152	0.034	1.000	-2577.170
21	6	810	307	0.4247	0.035	0.075	0.014	0.002	0.005	0.019	0.197	0.059	0.130	0.046	3.325	0.966	0.007	0.043	1.000	-4955.935
21	6	193	110	0.3860	0.060	0.041	0.000	0.000	0.005	0.005	0.214	0.110	0.046	0.003	3.002	0.961	0.036	0.033	27.976	-1112.404
21	6	388	269	0.5310	0.142	0.142	0.038	0.011	0.021	0.029	0.331	0.117	0.106	0.165	3.793	0.835	0.138	0.169	7.068	-3162.919
21	6	531	265	0.4541	0.024	0.068	0.015	0.002	0.002	0.028	0.257	0.143	0.066	0.080	2.773	0.952	0.048	0.041	2.508	-3440.427
21	6	592	212	0.4703	0.000	0.045	0.010	0.006	0.004	0.029	0.190	0.043	0.055	0.056	2.931	0.969	0.023	0.001	1.000	-3411.901
21	6	367	217	0.5520	0.077	0.089	0.018	0.005	0.003	0.039	0.215	0.102	0.071	0.152	4.805	0.825	0.042	0.062	1.000	-2497.761
21	6	391	143	0.5521	0.019	0.053	0.019	0.003	0.005	0.020	0.130	0.018	0.029	0.009	3.507	0.905	0.025	0.014	1.000	-2101.128
21	6	691	290	0.4806	0.026	0.055	0.018	0.005	0.009	0.019	0.161	0.074	0.085	0.073	4.236	0.924	0.009	0.054	1.000	-4254.965
21	6	234	139	0.5814	0.003	0.031	0.022	0.000	0.013	0.032	0.354	0.125	0.016	0.219	4.021	0.936	0.047	0.022	1.000	-1517.552
21	6	253	147	0.4508	0.060	0.057	0.012	0.000	0.000	0.017	0.324	0.153	0.081	0.025	2.744	0.950	0.050	0.030	1.000	-1624.827
21	6	459	374	0.5919	0.242	0.553	0.103	0.002	0.005	0.116	0.624	0.169	0.191	0.239	3.496	0.582	0.391	0.129	15.229	-4674.885
21	6	1148	560	0.4575	0.096	0.113	0.028	0.007	0.006	0.030	0.418	0.140	0.092	0.061	3.777	0.880	0.040	0.108	1.000	-8541.470
21	6	383	314	0.5651	0.274	0.312	0.069	0.007	0.019	0.069	0.577	0.133	0.126	0.222	5.593	0.612	0.290	0.104	3.448	-3541.823
21	6	690	368	0.6009	0.123	0.173	0.023	0.015	0.012	0.043	0.328	0.087	0.093	0.118	4.929	0.928	0.072	0.049	22.050	-5020.806
21	6	546	284	0.4902	0.110	0.060	0.015	0.013	0.004	0.021	0.358	0.107	0.110	0.139	2.664	0.937	0.063	0.041	1.000	-3875.545
21	6	495	364	0.4397	0.434	0.161	0.053	0.011	0.006	0.089	0.695	0.175	0.167	0.000	3.195	0.792	0.208	0.096	1.000	-4542.118
21	6	122	82	0.5811	0.186	0.112	0.000	0.008	0.000	0.000	0.123	0.000	0.108	0.158	4.992	1.000	0.000	0.182	5.119	-756.765
21	6	329	256	0.5632	0.152	0.104	0.042	0.010	0.022	0.054	0.508	0.175	0.123	0.201	4.137	0.638	0.082	0.153	1.000	-2829.113
21	6	358	180	0.6013	0.074	0.114	0.010	0.000	0.003	0.056	0.196	0.086	0.030	0.075	3.696	0.940	0.008	0.037	1.000	-2284.207
21	6	611	383	0.4940	0.153	0.162	0.007	0.010	0.002	0.042	0.294	0.177	0.160	0.125	3.610	0.892	0.094	0.103	1.652	-4794.856
21	6	479	310	0.4576	0.180	0.105	0.030	0.004	0.007	0.032	0.945	0.059	0.294	0.094	3.192	0.815	0.131	0.050	1.000	-3948.419
21	6	430	215	0.6115	0.041	0.093	0.016	0.013	0.007	0.033	0.306	0.045	0.087	0.054	3.377	0.922	0.045	0.063	1.000	-2816.892
21	6	1029	409	0.4853	0.095	0.084	0.018	0.004	0.006	0.023	0.277	0.056	0.058	0.042	2.692	0.974	0.026	0.032	1.000	-6665.670
21	6	1927	727	0.4765	0.045	0.099	0.017	0.005	0.007	0.032	0.410	0.119	0.080	0.100	3.066	0.937	0.063	0.051	21.131	-13791.300
21	6	682	388	0.4884	0.089	0.173	0.052	0.010	0.013	0.057	0.259	0.062	0.110	0.127	3.257	0.941	0.040	0.085	1.000	-5143.491
21	6	600	341	0.6645	0.197	0.131	0.031	0.007	0.014	0.083	0.388	0.091	0.087	0.193	4.581	0.911	0.081	0.049	15.100	-4500.715
21	6	677	278	0.4728	0.062	0.058	0.021	0.000	0.006	0.018	0.259	0.054	0.047	0.059	3.126	0.957	0.010	0.012	1.000	-4050.656
21	6	696	301	0.4175	0.091	0.073	0.014	0.005	0.006	0.018	0.206	0.100	0.113	0.036	3.035	0.960	0.038	0.034	20.027	-4456.537
21	6	519	312	0.5033	0.102	0.182	0.052	0.010	0.006	0.032	0.371	0.081	0.097	0.126	3.457	0.937	0.025	0.042	1.000	-3813.898
21	6	925	537	0.5620	0.194	0.173	0.041	0.012	0.008	0.050	0.353	0.090	0.154	0.219	4.008	0.764	0.067	0.057	1.259	-7419.213
21	6	566	176	0.4564	0.057	0.019	0.012	0.000	0.002	0.008	0.084	0.045	0.036	0.011	3.671	0.794	0.046	0.022	2.604	-3059.669
21	6	768	306	0.5630	0.077	0.076	0.016	0.005	0.008	0.024	0.162	0.028	0.084	0.023	4.136	0.944	0.056	0.053	66.837	-4710.626
21	6	210	128	0.6211	0.096	0.130	0.003	0.005	0.005	0.050	0.606	0.000	0.107	0.057	2.958	0.971	0.029	0.042	8.922	-1417.414
21	6	457	313	0.6522	0.096	0.298	0.034	0.006	0.014	0.084	0.721	0.151	0.097	0.132	3.673	0.892	0.097	0.064	2.854	-3880.133
21	6	819	473	0.5118	0.126	0.120	0.040	0.007	0.003	0.044	0.397	0.067	0.117	0.104	3.612	0.825	0.173	0.073	32.714	-6277.147
21	6	502	315	0.4541	0.137	0.068	0.023	0.004	0.004	0.031	0.296	0.129	0.086	0.078	2.602	0.849	0.125	0.114	6.178	-3682.184
21	6	349	221	0.5490	0.099	0.126	0.037	0.006	0.006	0.026	0.344	0.095	0.068	0.075	3.843	0.876	0.109	0.125	16.466	-2552.696
21	6	288	214	0.5817	0.234	0.322	0.146	0.015	0.003	0.052	0.719	0.070	0.103	0.199	4.847	0.692	0.160	0.048	1.000	-2515.450
21	6	242	170	0.5608	0.078	0.241	0.075	0.017	0.000	0.034	0.338	0.084	0.152	0.085	6.445	0.721	0.185	0.028	1.941	-1888.086
21	6	1164	616	0.5117	0.090	0.110	0.025	0.005	0.014	0.040	0.363	0.125	0.107	0.120	2.819	0.890	0.101	0.071	10.710	-8748.879
21	6	400	237	0.4039	0.052	0.052	0.031	0.003	0.000	0.032	0.316	0.100	0.095	0.124	4.318	0.680	0.090	0.130	1.002	-2855.502
21	6	212	151	0.4532	0.107	0.151	0.006	0.015	0.005	0.052	0.367	0.135	0.061	0.082	3.079	0.867	0.080	0.097	1.000	-1577.544
21	6	386	170	0.4906	0.033	0.046	0.014	0.000	0.008	0.017	0.205	0.046	0.064	0.030	3.713	0.962	0.024	0.028	1.000	-2278.313
21	6	396	231	0.6013	0.114	0.069	0.016	0.000	0.005	0.057	0.256	0.178	0.154	0.185	3.868	0.929	0.039	0.064	1.000	-2891.604
21	6	377	237	0.5824	0.130	0.074	0.026	0.008	0.005	0.046	0.376	0.071	0.083	0.195	3.081	0.938	0.062	0.081	1.000	-2799.617
21	6	391	168	0.4047	0.105	0.046	0.007	0.000	0.003	0.020	0.166	0.057	0.066	0.035	2.760	1.000	0.000	0.046	1.000	-2288.676
21	6	334	212	0.4581	0.141	0.006	0.019	0.000	0.003	0.043	0.602	0.187	0.043	0.119	3.778	0.000	0.000	0.046	24.059	-2297.125
21	6	314	199	0.5655	0.037	0.125	0.030	0.006	0.007	0.026	0.256	0.099	0.114	0.086	3.051	0.910	0.044	0.084	2.334	-2197.830
21	6	237	207	0.4321	0.239	0.163	0.022	0.000	0.022	0.081	0.474	0.088	0.169	0.257	3.928	0.454	0.250	0.303	1.022	-2170.166
21	6	357	226	0.5135	0.151	0.187	0.026	0.009	0.011	0.038	0.439	0.110	0.153	0.093	3.463	0.786	0.140	0.038	1.507	-2795.120
21	6	449	322	0.5288	0.150	0.162	0.055	0.002	0.005	0.042	0.427	0.107	0.111	0.144	2.931	0.807	0.187	0.146	22.336	-3749.377
21	6	519	344	0.4096	0.119	0.151	0.019	0.004	0.006	0.036	0.516	0.137	0.125	0.132	3.666	0.700	0.197	0.132	3.698	-4297.222
21	6	443	177	0.6224	0.027	0.035	0.027	0.012	0.002	0.014	0.129	0.084	0.047	0.066	4.949	0.887	0.106	0.054	68.994	-2652.937
21	6	354	131	0.5711	0.013	0.038	0.000	0.005	0.003	0.015	0.062	0.018	0.014	0.018	1.819	1.000	0.000	0.040	1.624	-1778.532
21	6	455	321	0.4259	0.162	0.120	0.052	0.011	0.007	0.047	0.534	0.102	0.140	0.129	3.425	0.436	0.065	0.107	1.000	-3825.036
21	6	242	221	0.4304	0.172	0.402	0.051	0.009	0.013	0.021	1.010	0.125	0.163	0.176	3.064	0.231	0.439	0.106	13.288	-2414.789
21	6	851	474	0.4980	0.172	0.129	0.024	0.005	0.007	0.041	0.323	0.093	0.126	0.193	4.477	0.849	0.149	0.073	34.631	-6566.733
21	6	828	424	0.4632	0.130	0.117	0.022	0.005	0.005	0.054	0.232	0.080	0.085	0.140	2.789	0.923	0.077	0.067	1.000	-6002.804
21	6	422	254	0.6009	0.275	0.121	0.018	0.014	0.006	0.049	0.391	0.102	0.079	0.000	4.636	0.930	0.069	0.074	1.000	-3115.242
21	6	410	289	0.5187	0.106	0.146	0.017	0.005	0.002	0.060	0.363	0.200	0.113	0.144	3.496	0.798	0.197	0.137	15.663	-3407.606
21	6	308	250	0.5941	0.277	0.310	0.089	0.040	0.015	0.056	0.637	0.157	0.218	0.290	4.208	0.571	0.246	0.105	1.138	-3063.854
21	6	491	321	0.5770	0.188	0.084	0.033	0.006	0.007	0.039	0.406	0.140	0.103	0.188	3.834	0.853	0.145	0.098	16.257	-3878.329
21	6	883	323	0.5113	0.087	0.067	0.011	0.000	0.001	0.016	0.177	0.090	0.075	0.052	4.251	0.975	0.010	0.015	1.000	-5288.219
21	6	263	171	0.4764	0.094	0.060	0.000	0.000	0.004	0.012	0.537	0.206	0.117	0.051	2.931	0.787	0.060	0.044	1.000	-1866.691
21	6	297	180	0.4465	0.116	0.077	0.028	0.007	0.010	0.018	0.178	0.080	0.085	0.037	3.872	0.941	0.007	0.073	1.000	-1953.810
21	6	618	334	0.5112	0.080	0.137	0.034	0.009	0.009	0.060	0.263	0.121	0.078	0.122	2.863	0.908	0.050	0.057	1.585	-4539.112
21	6	689	381	0.5309	0.166	0.122	0.015	0.010	0.009	0.020	0.257	0.107	0.124	0.178	3.326	0.898	0.102	0.079	1.000	-5212.492
21	6	620	394	0.4443	0.165	0.104	0.025	0.008	0.008	0.030	0.402	0.121	0.100	0.175	3.631	0.640	0.147	0.170	1.000	-5107.493
21	6	691	456	0.5411	0.158	0.152	0.021	0.011	0.014	0.048	0.457	0.150	0.151	0.092	2.343	0.729	0.101	0.128	1.000	-5918.510
21	6	228	97	0.6204	0.065	0.000	0.008	0.000	0.000	0.000	0.028	0.004	0.018	0.014	3.855	1.000	0.000	0.249	5.982	-1072.275
21	6	763	449	0.6227	0.165	0.138	0.035	0.025	0.004	0.045	0.417	0.088	0.142	0.140	5.341	0.807	0.097	0.083	1.000	-5926.501
21	6	105	80	0.5405	0.168	0.067	0.042	0.039	0.000	0.074	0.160	0.005	0.055	0.065	15.818	0.735	0.103	0.234	1.000	-706.209
21	6	214	142	0.4626	0.055	0.045	0.021	0.010	0.005	0.004	0.223	0.103	0.119	0.070	4.018	0.816	0.035	0.055	1.000	-1402.399
21	6	304	215	0.5056	0.155	0.126	0.014	0.013	0.010	0.027	0.289	0.050	0.136	0.175	2.478	0.906	0.094	0.067	1.000	-2286.453
21	6	175	147	0.4806	0.173	0.161	0.060	0.030	0.004	0.037	0.240	0.068	0.248	0.216	2.974	0.622	0.149	0.130	1.158	-1510.356
21	6	446	306	0.5732	0.231	0.160	0.005	0.012	0.005	0.066	0.452	0.085	0.130	0.278	3.413	0.780	0.220	0.074	1.000	-3738.209
21	6	512	263	0.4511	0.087	0.077	0.031	0.004	0.006	0.004	0.307	0.067	0.168	0.093	5.327	0.764	0.099	0.045	1.000	-3536.928
21	6	133	117	0.6248	0.508	0.292	0.135	0.000	0.008	0.152	0.598	0.174	0.039	0.481	3.809	0.390	0.227	0.088	1.000	-1329.033
21	6	421	229	0.5988	0.111	0.115	0.020	0.000	0.012	0.043	0.230	0.066	0.130	0.051	5.480	0.973	0.027	0.042	1.000	-2749.240
21	6	264	167	0.5477	0.040	0.101	0.021	0.000	0.004	0.063	0.368	0.092	0.124	0.098	3.670	0.881	0.118	0.024	1.000	-1865.751
21	6	1224	536	0.5058	0.059	0.082	0.018	0.003	0.001	0.033	0.232	0.097	0.089	0.100	3.966	0.914	0.076	0.077	3.654	-8151.035
21	6	788	328	0.5354	0.048	0.090	0.016	0.005	0.006	0.026	0.228	0.060	0.074	0.099	3.653	0.952	0.024	0.021	1.000	-4920.956
21	6	583	377	0.5414	0.164	0.080	0.017	0.011	0.007	0.039	0.429	0.176	0.185	0.158	4.023	0.568	0.056	0.080	1.000	-4686.670
21	6	223	176	0.6820	0.179	0.036	0.051	0.010	0.009	0.106	0.673	0.113	0.078	0.265	3.535	0.000	0.000	0.072	1.000	-1842.401
21	6	138	130	0.6179	0.258	0.139	0.054	0.007	0.015	0.021	0.545	0.287	0.205	0.222	5.012	0.922	0.078	0.304	1.000	-1301.534
21	6	261	166	0.5430	0.114	0.080	0.020	0.008	0.004	0.023	0.261	0.049	0.080	0.094	2.898	0.465	0.038	0.070	1.000	-1808.224
21	6	783	470	0.4377	0.157	0.198	0.020	0.004	0.004	0.025	0.330	0.103	0.108	0.138	3.217	0.664	0.125	0.124	3.383	-6216.906
21	6	396	234	0.5464	0.157	0.064	0.027	0.010	0.011	0.015	0.339	0.050	0.105	0.159	3.201	0.789	0.027	0.048	1.000	-2794.039
21	6	376	161	0.5002	0.022	0.073	0.000	0.003	0.000	0.016	0.114	0.082	0.030	0.062	3.387	1.000	0.000	0.038	3.227	-2136.611
21	6	445	287	0.6653	0.216	0.189	0.036	0.005	0.007	0.058	0.868	0.100	0.118	0.250	5.126	0.857	0.109	0.042	5.783	-3619.574
21	6	472	189	0.4515	0.045	0.067	0.013	0.009	0.000	0.022	0.117	0.038	0.047	0.053	3.479	0.947	0.015	0.051	1.000	-2755.129
21	6	274	207	0.5330	0.150	0.174	0.022	0.015	0.004	0.077	0.385	0.075	0.119	0.136	2.756	0.818	0.140	0.136	2.661	-2272.362
21	6	636	248	0.5819	0.078	0.052	0.013	0.000	0.002	0.029	0.173	0.050	0.086	0.032	5.483	0.912	0.027	0.025	1.000	-3786.724
21	6	189	139	0.5429	0.142	0.140	0.000	0.011	0.011	0.045	0.376	0.038	0.115	0.129	3.229	0.749	0.064	0.100	1.000	-1386.148
21	6	515	308	0.4735	0.119	0.071	0.023	0.008	0.012	0.034	0.411	0.138	0.125	0.111	3.048	0.786	0.126	0.079	1.000	-3967.619
21	6	1142	424	0.4561	0.062	0.085	0.018	0.007	0.004	0.027	0.207	0.062	0.069	0.058	3.606	0.829	0.101	0.070	1.000	-7435.107
21	6	381	230	0.5443	0.064	0.141	0.008	0.012	0.002	0.046	0.262	0.084	0.040	0.088	4.800	0.885	0.062	0.053	1.000	-2591.225
21	6	348	150	0.5243	0.000	0.063	0.007	0.000	0.000	0.036	0.081	0.050	0.044	0.039	3.025	1.000	0.000	0.110	3.040	-1949.780
21	6	337	234	0.6045	0.109	0.158	0.030	0.014	0.012	0.053	0.421	0.160	0.035	0.152	3.177	0.774	0.178	0.076	1.000	-2647.891
21	6	669	402	0.6433	0.092	0.279	0.063	0.013	0.001	0.056	0.545	0.075	0.085	0.147	4.460	0.935	0.062	0.035	30.238	-5054.622
21	6	298	240	0.5133	0.220	0.255	0.034	0.005	0.030	0.070	0.478	0.093	0.149	0.212	2.919	0.793	0.183	0.096	8.826	-2625.612
21	6	452	295	0.5368	0.085	0.160	0.051	0.012	0.004	0.050	0.299	0.109	0.107	0.114	3.845	0.646	0.250	0.189	1.000	-3621.211
21	6	363	217	0.6290	0.160	0.060	0.030	0.014	0.006	0.035	0.289	0.034	0.101	0.108	3.617	0.973	0.027	0.099	1.000	-2571.064
21	6	657	338	0.5089	0.140	0.065	0.025	0.005	0.003	0.037	0.259	0.082	0.075	0.159	3.795	0.955	0.042	0.058	60.893	-4553.713
21	6	183	132	0.5094	0.090	0.104	0.057	0.005	0.011	0.000	0.397	0.073	0.166	0.077	3.132	0.784	0.216	0.070	1.000	-1340.013
21	6	320	190	0.5450	0.106	0.126	0.013	0.003	0.010	0.030	0.226	0.061	0.088	0.107	5.180	0.855	0.016	0.036	1.000	-2069.102
21	6	407	135	0.5046	0.006	0.049	0.000	0.005	0.000	0.010	0.083	0.030	0.063	0.008	2.432	0.820	0.107	0.007	1.000	-2128.180
21	6	880	406	0.4416	0.064	0.074	0.011	0.009	0.009	0.028	0.213	0.070	0.075	0.090	2.679	0.966	0.032	0.062	11.808	-5770.838
21	6	380	262	0.5094	0.000	0.139	0.030	0.016	0.005	0.031	0.589	0.141	0.113	0.270	3.148	0.973	0.026	0.086	1.000	-3020.642
21	6	497	330	0.6121	0.109	0.321	0.049	0.000	0.000	0.035	0.431	0.126	0.132	0.131	5.319	0.713	0.206	0.063	7.011	-3982.265
21	6	339	203	0.5198	0.075	0.055	0.016	0.009	0.000	0.053	0.335	0.069	0.025	0.121	6.820	0.952	0.048	0.065	1.000	-2246.471
21	6	1055	676	0.4093	0.137	0.169	0.029	0.005	0.006	0.038	0.505	0.147	0.172	0.098	3.854	0.768	0.203	0.126	12.803	-8744.374
21	6	159	118	0.4436	0.046	0.050	0.032	0.006	0.000	0.020	0.403	0.024	0.052	0.066	2.790	0.895	0.072	0.025	1.000	-967.357
21	6	214	163	0.6550	0.138	0.160	0.055	0.018	0.029	0.102	0.372	0.112	0.046	0.123	5.395	0.810	0.069	0.057	1.000	-1638.985
21	6	459	180	0.5021	0.012	0.073	0.007	0.007	0.000	0.013	0.125	0.044	0.045	0.034	3.974	0.991	0.009	0.045	1.205	-2556.601
21	6	497	236	0.6209	0.096	0.133	0.033	0.011	0.012	0.061	0.263	0.112	0.031	0.076	4.616	0.966	0.010	0.012	2.120	-3067.113
21	6	470	361	0.6540	0.408	0.181	0.050	0.016	0.000	0.064	0.822	0.120	0.078	0.407	4.114	0.825	0.121	0.073	1.000	-4018.693
21	6	527	333	0.4425	0.111	0.153	0.015	0.010	0.003	0.063	0.431	0.148	0.228	0.130	3.455	0.797	0.190	0.048	9.916	-4239.323
21	6	333	165	0.4446	0.027	0.068	0.020	0.006	0.003	0.016	0.181	0.067	0.080	0.022	7.105	0.708	0.015	0.084	1.000	-2000.645
21	6	603	378	0.4446	0.127	0.149	0.036	0.014	0.006	0.023	0.442	0.085	0.164	0.134	3.033	0.762	0.201	0.078	1.000	-4906.933
21	6	402	287	0.6467	0.177	0.227	0.032	0.005	0.011	0.132	0.647	0.211	0.112	0.192	4.083	0.848	0.139	0.107	13.935	-3539.175
21	6	381	320	0.6383	0.092	0.506	0.081	0.016	0.015	0.072	1.012	0.225	0.209	0.096	3.193	0.778	0.212	0.100	5.855	-3764.578
21	6	342	223	0.4373	0.088	0.031	0.015	0.003	0.000	0.032	0.355	0.151	0.136	0.144	1.763	0.908	0.020	0.068	1.000	-2465.663
21	6	449	285	0.5538	0.156	0.172	0.011	0.002	0.009	0.033	0.282	0.166	0.127	0.120	3.318	0.842	0.158	0.094	1.000	-3557.270
21	6	623	251	0.4448	0.000	0.048	0.013	0.002	0.000	0.027	0.206	0.082	0.075	0.062	3.048	0.964	0.036	0.034	1.000	-3750.634
21	6	304	190	0.6090	0.120	0.143	0.072	0.000	0.010	0.103	0.187	0.051	0.059	0.196	5.083	0.925	0.043	0.078	1.000	-2202.456
21	6	281	189	0.6309	0.107	0.198	0.014	0.013	0.040	0.062	0.309	0.087	0.037	0.120	4.905	0.448	0.429	0.000	5.896	-2206.425
21	6	251	170	0.5289	0.089	0.029	0.008	0.000	0.004	0.037	0.372	0.046	0.095	0.173	3.345	0.897	0.103	0.044	1.000	-1728.215
21	6	437	300	0.4124	0.120	0.158	0.031	0.005	0.012	0.047	0.471	0.181	0.157	0.072	3.005	0.577	0.085	0.076	1.000	-3577.929
21	6	278	215	0.6218	0.369	0.184	0.050	0.015	0.000	0.050	0.337	0.126	0.109	0.000	3.919	0.795	0.163	0.130	1.000	-2320.653
21	6	326	184	0.3933	0.038	0.093	0.051	0.003	0.000	0.005	0.256	0.139	0.077	0.093	2.888	0.892	0.055	0.017	1.000	-2118.915
21	6	329	272	0.5405	0.210	0.503	0.093	0.012	0.009	0.064	1.275	0.253	0.157	0.222	3.131	0.733	0.185	0.115	9.262	-3343.387
21	6	680	262	0.5276	0.003	0.069	0.009	0.005	0.006	0.021	0.147	0.073	0.029	0.106	4.916	0.941	0.026	0.064	1.000	-4092.595
21	6	192	157	0.5146	0.184	0.145	0.025	0.000	0.016	0.041	0.317	0.097	0.094	0.160	3.937	0.863	0.108	0.156	1.800	-1515.524
21	6	661	300	0.4507	0.093	0.109	0.013	0.007	0.003	0.027	0.299	0.121	0.036	0.082	2.499	0.916	0.021	0.015	1.000	-4276.172
21	6	300	195	0.5680	0.144	0.090	0.039	0.000	0.007	0.029	0.194	0.110	0.068	0.116	3.202	0.532	0.149	0.012	1.000	-2138.837
21	6	334	228	0.5781	0.069	0.157	0.047	0.011	0.007	0.060	0.439	0.128	0.089	0.074	3.191	0.736	0.076	0.052	1.000	-2593.548
21	6	209	160	0.6120	0.186	0.044	0.045	0.000	0.005	0.062	0.454	0.094	0.081	0.212	3.029	0.000	0.000	0.152	1.000	-1660.057
21	6	583	322	0.4303	0.049	0.095	0.015	0.007	0.007	0.017	0.309	0.138	0.179	0.055	2.666	0.896	0.101	0.097	58.444	-4254.247
21	6	918	500	0.6372	0.117	0.175	0.058	0.013	0.021	0.051	0.369	0.108	0.090	0.153	4.915	0.855	0.145	0.076	1.000	-7306.487
21	6	352	159	0.6597	0.066	0.053	0.014	0.003	0.009	0.041	0.286	0.024	0.062	0.022	2.900	0.983	0.000	0.036	1.000	-2032.160
21	6	1107	579	0.4898	0.243	0.116	0.030	0.009	0.008	0.027	0.385	0.121	0.123	0.240	3.492	0.957	0.043	0.049	1.000	-8534.153
21	6	564	330	0.3996	0.099	0.102	0.011	0.014	0.005	0.044	0.478	0.152	0.130	0.095	3.365	0.789	0.123	0.067	1.000	-4356.482
21	6	454	270	0.4931	0.150	0.081	0.014	0.001	0.006	0.043	0.276	0.072	0.128	0.157	3.525	0.865	0.135	0.072	1.000	-3345.362
21	6	425	253	0.6080	0.288	0.118	0.011	0.008	0.000	0.061	0.263	0.044	0.058	0.303	2.545	0.996	0.004	0.058	1.000	-2997.361
21	6	1176	467	0.4791	0.097	0.075	0.011	0.004	0.004	0.018	0.237	0.095	0.065	0.037	3.728	0.951	0.049	0.095	1.000	-7746.045
21	6	531	333	0.5317	0.121	0.124	0.027	0.010	0.004	0.037	0.468	0.088	0.096	0.089	3.807	0.912	0.088	0.071	46.226	-3960.399
21	6	541	272	0.4100	0.039	0.095	0.022	0.002	0.006	0.040	0.229	0.090	0.077	0.055	3.272	0.915	0.039	0.063	1.000	-3563.481
21	6	323	267	0.4745	0.197	0.111	0.041	0.008	0.023	0.080	0.788	0.161	0.232	0.158	4.563	0.548	0.301	0.152	15.267	-3075.370
21	6	482	335	0.6714	0.341	0.201	0.032	0.010	0.019	0.087	0.597	0.148	0.091	0.314	6.241	0.851	0.149	0.060	1.000	-4064.022
21	6	280	220	0.6189	0.470	0.199	0.047	0.004	0.004	0.041	0.400	0.110	0.137	0.000	4.870	0.841	0.137	0.157	2.999	-2349.741
21	6	989	593	0.5365	0.151	0.134	0.030	0.009	0.009	0.054	0.399	0.096	0.109	0.169	5.683	0.724	0.249	0.120	4.780	-7774.402
21	6	304	223	0.5659	0.199	0.092	0.010	0.004	0.009	0.059	0.454	0.175	0.190	0.000	2.813	0.874	0.115	0.080	1.000	-2467.404
21	6	415	235	0.5027	0.087	0.094	0.021	0.003	0.007	0.024	0.310	0.117	0.087	0.114	2.816	0.744	0.023	0.044	1.000	-2857.287
21	6	338	240	0.4414	0.105	0.379	0.026	0.021	0.040	0.040	0.496	0.149	0.068	0.119	4.661	0.424	0.388	0.013	5.334	-2958.616
21	6	386	156	0.6389	0.047	0.043	0.047	0.005	0.000	0.012	0.185	0.114	0.000	0.021	5.510	0.985	0.007	0.017	3.518	-2127.167
21	6	285	175	0.5649	0.101	0.105	0.038	0.009	0.006	0.021	0.207	0.085	0.092	0.059	3.966	0.947	0.027	0.058	1.000	-1899.463
21	6	346	296	0.5615	0.220	0.449	0.059	0.015	0.009	0.072	0.765	0.147	0.075	0.225	4.804	0.563	0.377	0.086	1.513	-3336.286
21	6	1643	994	0.3821	0.148	0.137	0.031	0.010	0.006	0.052	0.556	0.144	0.151	0.211	3.012	0.741	0.259	0.148	1.000	-14356.462
21	6	434	325	0.5496	0.226	0.157	0.000	0.012	0.009	0.043	0.509	0.127	0.151	0.150	4.538	0.781	0.219	0.154	1.000	-3645.780
21	6	297	193	0.5159	0.000	0.044	0.003	0.007	0.003	0.041	0.299	0.123	0.151	0.249	3.263	0.961	0.039	0.023	1.000	-2060.194
21	6	293	218	0.5686	0.458	0.098	0.004	0.027	0.010	0.091	0.491	0.130	0.105	0.446	4.319	0.468	0.146	0.059	1.773	-2562.951
21	6	490	308	0.5190	0.138	0.184	0.033	0.007	0.019	0.064	0.411	0.117	0.136	0.078	3.404	0.854	0.106	0.060	1.858	-3901.772
21	6	427	234	0.5113	0.079	0.090	0.031	0.009	0.007	0.018	0.231	0.070	0.054	0.118	3.760	0.914	0.085	0.031	1.000	-2828.169
21	6	417	232	0.5573	0.086	0.090	0.035	0.014	0.008	0.057	0.313	0.045	0.106	0.087	3.458	0.931	0.069	0.047	1.000	-2931.579
21	6	496	179	0.5324	0.059	0.042	0.004	0.000	0.004	0.009	0.080	0.057	0.064	0.038	4.661	0.962	0.038	0.000	1.000	-2723.496
21	6	777	398	0.6028	0.151	0.193	0.043	0.014	0.005	0.054	0.318	0.094	0.086	0.099	5.651	0.914	0.079	0.032	5.745	-5593.278
21	6	636	272	0.4330	0.083	0.054	0.021	0.002	0.004	0.029	0.253	0.035	0.072	0.068	3.655	0.963	0.024	0.036	7.241	-3993.028
21	6	363	264	0.6004	0.146	0.235	0.056	0.003	0.005	0.093	0.578	0.172	0.094	0.119	3.700	0.783	0.120	0.083	1.634	-3104.318
21	6	160	104	0.5229	0.052	0.044	0.000	0.000	0.000	0.040	0.266	0.114	0.040	0.044	2.172	0.844	0.018	0.059	1.000	-1010.330
21	6	404	246	0.6296	0.134	0.150	0.008	0.002	0.008	0.034	0.159	0.125	0.101	0.129	6.077	0.920	0.044	0.066	5.109	-2818.236
21	6	470	298	0.4785	0.163	0.130	0.020	0.007	0.000	0.023	0.408	0.106	0.180	0.070	3.090	0.890	0.110	0.055	1.000	-3555.474
21	6	451	284	0.4276	0.068	0.099	0.015	0.005	0.007	0.015	0.501	0.137	0.107	0.123	3.284	0.937	0.057	0.142	14.638	-3449.122
21	6	247	205	0.5222	0.228	0.152	0.025	0.005	0.029	0.079	0.585	0.129	0.122	0.197	3.917	0.403	0.130	0.149	1.000	-2256.473
21	6	327	188	0.5931	0.149	0.081	0.016	0.009	0.009	0.019	0.279	0.034	0.142	0.192	5.317	0.971	0.029	0.033	1.000	-2169.689
21	6	264	203	0.4684	0.140	0.135	0.063	0.004	0.004	0.049	0.474	0.162	0.100	0.218	3.023	0.641	0.065	0.127	1.000	-2232.582
21	6	302	107	0.4423	0.000	0.034	0.007	0.003	0.000	0.007	0.105	0.009	0.019	0.044	3.962	0.611	0.000	0.039	1.000	-1552.762
21	6	553	322	0.6170	0.088	0.114	0.022	0.007	0.004	0.054	0.405	0.088	0.095	0.096	4.731	0.858	0.072	0.034	1.345	-3849.791
21	6	254	211	0.5055	0.258	0.261	0.055	0.011	0.022	0.066	0.634	0.074	0.175	0.194	4.792	0.409	0.218	0.132	3.685	-2403.608
21	6	317	167	0.6638	0.015	0.182	0.023	0.004	0.003	0.082	0.391	0.044	0.069	0.059	8.488	0.958	0.042	0.027	22.516	-2015.974
21	6	200	148	0.4242	0.059	0.221	0.042	0.000	0.000	0.082	0.531	0.185	0.097	0.008	4.853	0.612	0.221	0.023	5.581	-1554.122
21	6	285	199	0.5463	0.089	0.085	0.027	0.004	0.006	0.053	0.381	0.081	0.103	0.127	3.960	0.828	0.172	0.066	1.000	-2128.737
21	6	543	311	0.6055	0.135	0.097	0.034	0.004	0.008	0.045	0.340	0.080	0.068	0.134	3.710	0.882	0.085	0.057	1.000	-3901.480
21	6	365	232	0.5331	0.099	0.127	0.021	0.003	0.006	0.028	0.234	0.107	0.088	0.088	3.398	0.849	0.090	0.102	1.000	-2624.829
21	6	306	188	0.7002	0.043	0.149	0.027	0.007	0.010	0.058	0.384	0.099	0.122	0.101	3.655	0.918	0.047	0.068	1.914	-2203.258
21	6	332	260	0.6197	0.204	0.319	0.000	0.109	0.074	0.071	0.647	0.097	0.135	0.227	5.333	0.751	0.233	0.084	1.000	-2964.182
21	6	353	236	0.5196	0.117	0.123	0.007	0.009	0.006	0.040	0.434	0.096	0.110	0.121	3.486	0.878	0.106	0.085	1.000	-2705.044
21	6	349	157	0.4523	0.008	0.153	0.030	0.000	0.006	0.003	0.133	0.027	0.009	0.054	3.377	0.717	0.122	0.028	4.540	-2043.175
21	6	738	486	0.4655	0.000	0.083	0.027	0.007	0.008	0.034	0.656	0.135	0.230	0.175	3.748	0.813	0.187	0.123	1.000	-6126.357
21	6	591	423	0.4157	0.094	0.183	0.020	0.030	0.002	0.053	0.597	0.220	0.105	0.147	3.700	0.826	0.174	0.222	1.000	-5070.814
21	6	385	289	0.5107	0.172	0.114	0.035	0.005	0.008	0.056	0.301	0.235	0.179	0.148	3.979	0.565	0.176	0.160	1.000	-3329.643
21	6	282	184	0.4561	0.280	0.061	0.014	0.007	0.000	0.035	0.626	0.070	0.064	0.217	3.413	0.851	0.069	0.065	1.000	-2102.721
21	6	197	162	0.4609	0.112	0.071	0.034	0.020	0.000	0.023	0.797	0.163	0.088	0.082	3.895	0.790	0.167	0.099	7.851	-1608.236
21	6	287	231	0.6087	0.705	0.136	0.060	0.011	0.017	0.048	0.443	0.159	0.098	0.000	2.887	0.830	0.068	0.176	1.000	-2611.355
21	6	269	215	0.5101	0.202	0.099	0.012	0.015	0.015	0.055	0.318	0.123	0.133	0.240	4.632	0.426	0.086	0.242	1.000	-2239.929
21	6	244	160	0.6872	0.126	0.093	0.005	0.022	0.005	0.023	0.431	0.021	0.159	0.073	5.256	0.873	0.029	0.042	1.000	-1625.352
21	6	953	577	0.4062	0.151	0.161	0.024	0.015	0.012	0.021	0.340	0.123	0.181	0.107	4.113	0.665	0.303	0.092	6.002	-7683.877
21	6	302	176	0.6805	0.117	0.153	0.036	0.011	0.006	0.033	0.221	0.088	0.073	0.104	3.961	0.954	0.034	0.087	3.915	-2066.221
21	6	312	234	0.4466	0.179	0.144	0.010	0.006	0.007	0.085	0.573	0.171	0.153	0.128	3.502	0.432	0.405	0.033	3.219	-2801.783
21	6	319	190	0.4604	0.110	0.047	0.014	0.009	0.011	0.014	0.276	0.071	0.160	0.080	3.700	0.932	0.030	0.035	9.956	-2151.103
21	6	616	257	0.4547	0.037	0.052	0.013	0.000	0.008	0.016	0.210	0.052	0.034	0.046	5.377	0.924	0.031	0.061	1.000	-3644.165
21	6	429	331	0.3995	0.308	0.174	0.037	0.010	0.007	0.024	0.486	0.134	0.145	0.324	3.777	0.624	0.163	0.129	1.000	-3824.310
21	6	548	256	0.4040	0.056	0.061	0.016	0.001	0.005	0.023	0.202	0.106	0.062	0.089	2.735	0.948	0.052	0.038	1.000	-3486.714
21	6	315	196	0.7420	0.114	0.149	0.071	0.023	0.010	0.051	0.313	0.115	0.161	0.143	4.837	0.893	0.085	0.077	12.091	-2391.637
21	6	491	273	0.5023	0.077	0.113	0.027	0.013	0.002	0.042	0.239	0.058	0.118	0.088	3.821	0.895	0.105	0.074	1.000	-3467.106
21	6	654	233	0.4215	0.059	0.059	0.009	0.005	0.000	0.020	0.152	0.052	0.112	0.000	2.829	0.972	0.028	0.021	1.000	-3758.963
21	6	481	181	0.4688	0.000	0.038	0.013	0.002	0.000	0.009	0.145	0.055	0.040	0.081	1.909	0.977	0.023	0.025	1.818	-2727.640
21	6	341	261	0.5294	0.233	0.180	0.039	0.013	0.020	0.064	0.461	0.153	0.070	0.186	3.482	0.780	0.094	0.122	1.000	-2940.279
21	6	144	102	0.5120	0.103	0.203	0.046	0.000	0.029	0.035	0.172	0.077	0.148	0.112	4.616	0.734	0.242	0.083	8.773	-1094.712
21	6	137	121	0.4688	0.449	0.052	0.014	0.015	0.000	0.016	0.905	0.064	0.217	0.343	4.399	0.000	0.000	0.113	999.000	-1249.072
21	6	987	545	0.5001	0.207	0.178	0.026	0.005	0.006	0.044	0.407	0.116	0.089	0.166	2.249	0.913	0.087	0.077	1.000	-7811.716
21	6	150	110	0.4768	0.076	0.055	0.028	0.014	0.000	0.000	0.285	0.152	0.063	0.119	12.457	0.016	0.001	0.117	1.000	-1015.660
21	6	252	163	0.4095	0.102	0.144	0.022	0.008	0.000	0.032	0.316	0.036	0.060	0.128	5.031	0.796	0.186	0.078	14.470	-1776.240
21	6	579	364	0.4631	0.118	0.164	0.030	0.008	0.010	0.024	0.329	0.111	0.120	0.087	3.062	0.796	0.201	0.076	15.944	-4420.410
21	6	254	187	0.4560	0.066	0.157	0.026	0.012	0.004	0.020	0.343	0.162	0.149	0.076	2.707	0.932	0.025	0.096	1.000	-1927.330
21	6	1442	622	0.5138	0.055	0.121	0.026	0.009	0.008	0.032	0.342	0.119	0.097	0.126	3.040	0.914	0.067	0.064	3.585	-10435.823
21	6	175	150	0.3897	0.228	0.426	0.021	0.013	0.011	0.087	0.582	0.092	0.273	0.192	5.080	0.423	0.249	0.187	5.547	-1582.209
21	6	226	144	0.4848	0.131	0.101	0.009	0.000	0.000	0.018	0.169	0.127	0.083	0.080	6.111	0.921	0.063	0.015	1.000	-1449.030
21	6	378	287	0.6364	0.265	0.397	0.080	0.015	0.035	0.121	0.884	0.091	0.188	0.260	5.942	0.904	0.082	0.073	1.910	-3446.951
21	6	187	163	0.4771	0.148	1.306	0.000	0.005	0.017	0.079	0.265	0.142	0.070	0.167	4.118	0.679	0.112	0.090	8.089	-1659.151
21	6	202	145	0.5858	0.116	0.232	0.033	0.010	0.005	0.051	0.404	0.099	0.059	0.130	4.665	0.610	0.390	0.053	1.000	-1600.865
21	6	172	116	0.4784	0.125	0.047	0.014	0.018	0.006	0.017	0.301	0.086	0.123	0.073	1.827	0.944	0.044	0.055	48.285	-1176.131
21	6	148	123	0.6231	0.241	0.032	0.039	0.028	0.000	0.047	0.619	0.156	0.091	0.240	3.534	0.874	0.089	0.116	14.732	-1270.991
21	6	601	382	0.4347	0.167	0.169	0.029	0.019	0.014	0.071	0.323	0.131	0.145	0.097	3.039	0.802	0.154	0.114	2.867	-4971.536
21	6	154	127	0.4477	0.135	0.257	0.025	0.000	0.014	0.090	0.442	0.167	0.238	0.141	4.131	0.763	0.222	0.058	29.426	-1291.796
21	6	111	70	0.6021	0.087	0.055	0.000	0.000	0.000	0.009	0.088	0.038	0.025	0.114	6.438	0.916	0.000	0.124	3.276	-627.663
21	6	241	168	0.4278	0.114	0.139	0.021	0.000	0.000	0.022	0.413	0.083	0.091	0.082	3.951	0.671	0.107	0.126	1.000	-1808.719
21	6	312	245	0.5786	0.137	0.120	0.005	0.007	0.000	0.029	0.512	0.194	0.158	0.156	6.327	0.257	0.690	0.000	2.783	-2637.046
21	6	145	129	0.6338	0.936	0.712	0.026	0.013	0.018	0.083	0.480	0.095	0.063	0.924	5.979	0.679	0.291	0.063	11.127	-1350.191
21	6	312	244	0.7246	0.238	0.349	0.049	0.000	0.056	0.056	0.999	0.099	0.113	0.293	10.409	0.918	0.074	0.071	1.162	-2534.833
21	6	232	157	0.6053	0.123	0.084	0.003	0.004	0.009	0.038	0.567	0.077	0.063	0.145	2.920	0.883	0.084	0.061	1.000	-1693.739
21	6	422	237	0.5735	0.146	0.166	0.034	0.001	0.004	0.035	0.255	0.045	0.067	0.091	3.877	0.944	0.028	0.040	4.376	-2839.599
