1	6	435	270	0.5088	0.129	0.166	0.031	0.009	0.002	0.070	0.295	0.068	0.116	0.074	4.463	0.652	0.226	0.048	1.690	-3351.137
21	6	236	133	0.4276	0.039	0.064	0.028	0.005	0.000	0.034	0.166	0.037	0.139	0.021	1.869	0.764	0.038	0.006	1.000	-1451.312
21	6	286	181	0.4537	0.149	0.303	0.009	0.004	0.004	0.024	0.519	0.037	0.041	0.167	1.898	0.785	0.072	0.009	1.502	-1985.861
21	6	866	332	0.5357	0.113	0.075	0.016	0.001	0.004	0.028	0.154	0.038	0.048	0.072	4.363	0.935	0.038	0.023	4.066	-5277.123
21	6	273	186	0.4381	0.112	0.120	0.027	0.007	0.004	0.034	0.416	0.131	0.186	0.146	5.106	0.811	0.142	0.034	1.000	-2084.809
21	6	306	255	0.6308	0.217	0.348	0.064	0.033	0.015	0.068	0.597	0.157	0.170	0.205	4.685	0.638	0.194	0.145	4.214	-2972.352
21	6	787	390	0.4528	0.049	0.074	0.009	0.005	0.003	0.021	0.372	0.089	0.108	0.072	3.994	0.807	0.061	0.101	2.213	-5488.107
21	6	695	347	0.4872	0.047	0.135	0.010	0.004	0.005	0.019	0.394	0.115	0.097	0.078	3.559	0.946	0.027	0.045	4.148	-4820.409
21	6	878	546	0.3818	0.150	0.182	0.032	0.010	0.005	0.056	0.704	0.129	0.176	0.121	3.577	0.544	0.338	0.096	2.330	-7710.814
21	6	335	253	0.4779	0.143	0.442	0.039	0.009	0.013	0.068	0.265	0.277	0.021	0.153	2.842	0.640	0.113	0.082	6.707	-2716.194
21	6	330	183	0.4420	0.051	0.121	0.007	0.013	0.003	0.032	0.306	0.064	0.070	0.058	2.870	0.813	0.017	0.049	1.617	-2189.898
21	6	318	157	0.4273	0.041	0.086	0.000	0.003	0.003	0.017	0.137	0.110	0.027	0.040	3.122	0.807	0.000	0.058	2.554	-1895.783
21	6	1543	621	0.5593	0.085	0.146	0.027	0.008	0.005	0.030	0.291	0.070	0.083	0.113	3.316	0.959	0.036	0.025	9.212	-10422.028
21	6	467	243	0.6085	0.050	0.097	0.014	0.015	0.002	0.048	0.280	0.088	0.062	0.080	5.594	0.889	0.047	0.055	1.000	-3117.832
21	6	305	241	0.4027	0.151	0.422	0.032	0.013	0.024	0.026	0.478	0.060	0.142	0.111	3.147	0.723	0.069	0.093	4.119	-2553.753
21	6	294	180	0.5488	0.091	0.279	0.025	0.014	0.003	0.029	0.228	0.121	0.061	0.095	2.264	0.845	0.083	0.035	4.733	-2170.451
21	6	465	346	0.4028	0.169	0.202	0.058	0.004	0.013	0.015	0.775	0.240	0.185	0.181	2.864	0.462	0.340	0.071	3.834	-4263.456
21	6	300	180	0.5679	0.072	0.074	0.026	0.010	0.000	0.030	0.314	0.117	0.067	0.096	3.249	0.954	0.046	0.064	1.000	-2083.180
21	6	186	149	0.5482	0.188	0.227	0.100	0.005	0.011	0.086	0.859	0.071	0.157	0.150	5.056	0.605	0.150	0.059	1.000	-1621.353
21	6	509	326	0.6302	0.143	0.303	0.044	0.009	0.006	0.040	0.321	0.075	0.080	0.149	4.163	0.775	0.118	0.085	5.567	-3963.955
21	6	173	133	0.4491	0.055	0.077	0.062	0.012	0.000	0.032	0.772	0.204	0.000	0.068	2.980	0.876	0.086	0.049	1.000	-1253.663
21	6	474	290	0.5609	0.046	0.133	0.031	0.015	0.002	0.034	0.346	0.154	0.134	0.044	3.054	0.835	0.162	0.116	8.607	-3609.672
21	6	381	244	0.4902	0.115	0.174	0.015	0.010	0.009	0.030	0.309	0.048	0.121	0.088	3.851	0.853	0.072	0.092	5.806	-2806.828
21	6	448	251	0.4664	0.113	0.080	0.024	0.002	0.002	0.027	0.409	0.154	0.097	0.079	3.341	0.911	0.038	0.035	1.000	-3142.670
21	6	798	327	0.5194	0.078	0.119	0.013	0.002	0.005	0.031	0.108	0.207	0.014	0.053	3.574	0.963	0.037	0.044	17.405	-4873.301
21	6	200	121	0.5678	0.056	0.277	0.002	0.000	0.000	0.036	0.308	0.093	0.077	0.035	4.739	0.666	0.054	0.006	1.000	-1282.783
21	6	401	276	0.6461	0.156	0.172	0.042	0.011	0.017	0.096	0.381	0.163	0.142	0.221	4.646	0.896	0.104	0.064	1.000	-3292.340
21	6	940	590	0.4563	0.161	0.166	0.032	0.008	0.008	0.038	0.618	0.136	0.116	0.144	3.541	0.629	0.099	0.091	1.000	-7914.950
21	6	308	183	0.4425	0.050	0.077	0.019	0.000	0.010	0.018	0.323	0.023	0.194	0.047	5.003	0.503	0.089	0.048	1.005	-2117.000
21	6	317	180	0.4278	0.042	0.145	0.015	0.004	0.006	0.016	0.300	0.089	0.045	0.015	1.742	0.821	0.066	0.019	1.030	-2057.228
21	6	371	185	0.5317	0.051	0.078	0.010	0.006	0.003	0.035	0.228	0.028	0.054	0.086	3.572	0.820	0.040	0.026	1.635	-2345.081
21	6	972	447	0.4173	0.102	0.107	0.021	0.010	0.004	0.035	0.315	0.085	0.046	0.084	4.298	0.791	0.142	0.076	4.306	-6828.526
21	6	385	236	0.4505	0.026	0.096	0.025	0.004	0.007	0.037	0.619	0.083	0.169	0.065	3.500	0.912	0.088	0.063	1.373	-2824.323
21	6	562	315	0.4285	0.000	0.069	0.029	0.007	0.004	0.027	0.259	0.100	0.116	0.230	3.116	0.870	0.115	0.059	1.000	-4025.378
21	6	439	331	0.5198	0.194	0.324	0.042	0.020	0.006	0.069	0.692	0.148	0.153	0.130	3.281	0.435	0.435	0.021	7.478	-4224.056
21	6	144	61	0.6721	0.000	0.035	0.007	0.000	0.000	0.007	0.058	0.014	0.006	0.000	17.084	0.000	0.000	0.046	1.021	-642.168
21	6	476	309	0.6087	0.224	0.308	0.063	0.019	0.002	0.064	0.709	0.112	0.144	0.230	8.143	0.936	0.064	0.051	1.000	-3802.421
21	6	344	188	0.4291	0.045	0.113	0.039	0.018	0.000	0.029	0.224	0.062	0.133	0.063	3.497	0.704	0.226	0.036	1.709	-2396.187
21	6	220	150	0.6080	0.107	0.114	0.040	0.000	0.005	0.047	0.202	0.037	0.087	0.168	4.923	0.000	0.000	0.139	1.867	-1554.190
21	6	2057	672	0.5120	0.124	0.136	0.022	0.005	0.007	0.028	0.219	0.092	0.088	0.138	2.114	0.985	0.007	0.008	3.989	-13193.544
21	6	316	267	0.4000	0.232	0.474	0.046	0.010	0.013	0.047	0.581	0.159	0.189	0.159	3.436	0.424	0.236	0.095	3.342	-3067.518
21	6	256	186	0.5582	0.181	0.185	0.027	0.012	0.000	0.071	0.486	0.170	0.046	0.228	3.843	0.693	0.208	0.062	7.622	-2137.572
21	6	309	222	0.5388	0.192	0.156	0.022	0.007	0.003	0.053	0.350	0.069	0.083	0.191	3.585	0.937	0.046	0.089	1.000	-2359.825
21	6	206	179	0.5704	0.368	0.855	0.018	0.031	0.000	0.067	0.767	0.149	0.159	0.339	5.970	0.706	0.030	0.075	8.514	-1872.349
21	6	578	435	0.5299	0.164	0.371	0.058	0.008	0.018	0.076	0.520	0.151	0.177	0.215	3.530	0.669	0.078	0.133	1.706	-5475.371
21	6	115	102	0.6700	0.372	3.958	0.122	0.000	0.009	0.000	0.346	0.000	0.212	0.404	7.010	0.447	0.243	0.087	6.897	-1115.935
21	6	252	238	0.6142	0.564	0.873	0.069	0.038	0.013	0.139	0.775	0.074	0.268	0.537	4.907	0.320	0.275	0.120	4.355	-2663.071
21	6	949	403	0.5687	0.124	0.206	0.025	0.009	0.008	0.025	0.232	0.082	0.078	0.142	3.189	0.944	0.028	0.023	3.090	-6403.416
21	6	209	170	0.5945	0.138	0.154	0.013	0.019	0.005	0.110	0.574	0.046	0.149	0.134	3.567	0.677	0.101	0.126	2.084	-1766.970
21	6	449	282	0.6310	0.106	0.163	0.013	0.009	0.018	0.081	0.532	0.063	0.103	0.197	3.211	0.714	0.024	0.044	1.623	-3426.891
21	6	626	344	0.6477	0.133	0.271	0.048	0.004	0.018	0.062	0.260	0.043	0.057	0.133	5.445	0.864	0.041	0.035	1.125	-4454.106
21	6	732	422	0.4582	0.104	0.143	0.029	0.007	0.007	0.011	0.332	0.127	0.159	0.097	3.618	0.865	0.111	0.078	5.760	-5517.342
21	6	181	117	0.6206	0.000	0.005	0.000	0.000	0.006	0.064	0.373	0.024	0.069	0.499	5.284	0.000	0.000	0.071	12.491	-1239.883
21	6	1027	411	0.5498	0.081	0.112	0.017	0.007	0.002	0.037	0.246	0.064	0.068	0.046	3.145	0.976	0.024	0.025	47.716	-6611.435
21	6	159	121	0.4305	0.095	0.153	0.016	0.006	0.000	0.017	0.222	0.040	0.121	0.059	3.864	0.762	0.062	0.048	3.939	-1074.544
21	6	314	179	0.4561	0.153	0.059	0.000	0.000	0.007	0.024	0.242	0.033	0.143	0.167	3.159	0.896	0.038	0.007	5.724	-2036.377
21	6	174	135	0.4544	0.070	0.088	0.046	0.006	0.000	0.029	0.389	0.074	0.119	0.136	2.905	0.000	0.000	0.051	2.244	-1331.117
21	6	310	232	0.4332	0.112	0.271	0.031	0.016	0.024	0.034	0.400	0.133	0.178	0.118	3.939	0.689	0.252	0.205	11.573	-2675.990
21	6	445	307	0.5919	0.169	0.263	0.023	0.002	0.008	0.058	0.324	0.105	0.070	0.137	6.610	0.642	0.227	0.084	3.529	-3536.448
21	6	191	138	0.6105	0.162	0.090	0.019	0.000	0.022	0.084	0.251	0.166	0.092	0.184	5.082	0.915	0.085	0.061	1.000	-1430.235
21	6	305	243	0.5616	0.228	0.484	0.044	0.021	0.017	0.065	0.528	0.053	0.153	0.243	4.047	0.645	0.176	0.047	2.739	-2750.018
21	6	602	312	0.6463	0.172	0.178	0.016	0.007	0.006	0.079	0.279	0.095	0.100	0.150	5.650	0.855	0.082	0.043	1.000	-4324.748
21	6	212	182	0.4895	0.118	0.394	0.051	0.009	0.051	0.117	0.514	0.175	0.133	0.089	3.127	0.482	0.193	0.197	4.683	-2033.475
21	6	276	175	0.7005	0.158	0.082	0.037	0.000	0.007	0.079	0.337	0.100	0.000	0.215	5.048	0.687	0.038	0.060	1.000	-1916.550
21	6	291	210	0.6593	0.197	0.314	0.008	0.007	0.029	0.075	0.478	0.054	0.126	0.217	6.540	0.761	0.094	0.041	4.696	-2325.837
21	6	364	268	0.6260	0.181	0.346	0.013	0.012	0.015	0.050	0.386	0.099	0.101	0.155	6.214	0.496	0.291	0.043	12.512	-2963.193
21	6	407	263	0.4711	0.083	0.122	0.027	0.005	0.010	0.033	0.235	0.116	0.103	0.050	3.246	0.759	0.052	0.068	1.762	-2893.612
21	6	485	232	0.4607	0.071	0.069	0.007	0.011	0.002	0.037	0.188	0.075	0.060	0.028	3.280	0.953	0.024	0.042	7.000	-3041.307
21	6	946	520	0.5905	0.090	0.214	0.036	0.011	0.020	0.064	0.367	0.109	0.104	0.149	5.375	0.893	0.060	0.057	6.208	-7255.949
21	6	173	168	0.4756	0.326	1.086	0.013	0.000	0.018	0.047	0.684	0.615	0.295	0.365	3.068	0.194	0.409	0.060	5.976	-2062.665
21	6	254	119	0.3799	0.043	0.038	0.022	0.000	0.004	0.000	0.155	0.053	0.016	0.025	1.770	0.821	0.007	0.054	1.000	-1405.524
21	6	274	159	0.5529	0.024	0.130	0.013	0.008	0.007	0.044	0.209	0.064	0.069	0.078	3.708	0.712	0.019	0.006	1.000	-1752.567
21	6	282	207	0.5299	0.200	0.370	0.037	0.006	0.024	0.084	0.426	0.108	0.142	0.123	4.585	0.873	0.050	0.052	16.905	-2279.440
21	6	311	216	0.4106	0.078	0.107	0.018	0.000	0.000	0.044	0.580	0.134	0.079	0.171	3.339	0.737	0.071	0.075	1.000	-2394.427
21	6	232	178	0.4972	0.152	0.216	0.034	0.000	0.009	0.046	0.362	0.133	0.113	0.130	2.465	0.683	0.104	0.038	2.711	-1815.543
21	6	428	247	0.4531	0.116	0.056	0.010	0.000	0.005	0.024	0.520	0.097	0.169	0.065	3.577	0.976	0.024	0.036	1.000	-2936.265
21	6	399	285	0.4134	0.115	0.172	0.018	0.010	0.008	0.023	0.589	0.168	0.143	0.163	2.662	0.558	0.131	0.098	3.685	-3354.531
21	6	1133	450	0.5325	0.052	0.068	0.015	0.004	0.000	0.025	0.295	0.059	0.073	0.084	2.594	0.963	0.037	0.050	1.000	-7360.397
21	6	612	252	0.4155	0.030	0.078	0.018	0.000	0.000	0.030	0.472	0.085	0.067	0.063	2.840	0.946	0.022	0.012	4.756	-3818.541
21	6	422	205	0.4585	0.081	0.056	0.017	0.000	0.000	0.001	0.165	0.085	0.231	0.024	4.141	0.971	0.005	0.025	5.275	-2602.324
21	6	347	170	0.5054	0.013	0.131	0.025	0.000	0.009	0.008	0.169	0.054	0.053	0.069	2.581	0.925	0.030	0.020	4.761	-2112.586
21	6	433	272	0.5807	0.101	0.282	0.019	0.004	0.005	0.053	0.320	0.067	0.087	0.100	4.246	0.883	0.087	0.064	12.626	-3160.605
21	6	520	306	0.5872	0.094	0.309	0.041	0.002	0.008	0.057	0.420	0.104	0.125	0.081	3.474	0.813	0.110	0.054	4.703	-4026.219
21	6	291	175	0.6292	0.087	0.174	0.017	0.022	0.015	0.081	0.393	0.071	0.117	0.086	5.238	0.935	0.036	0.018	8.508	-2021.763
21	6	197	165	0.6269	0.150	0.262	0.035	0.016	0.031	0.085	0.518	0.148	0.179	0.162	3.347	0.127	0.059	0.080	1.000	-1854.783
21	6	313	216	0.6503	0.225	0.184	0.042	0.014	0.020	0.088	0.435	0.125	0.069	0.256	4.099	0.898	0.083	0.044	1.000	-2498.869
21	6	370	234	0.4551	0.150	0.144	0.017	0.006	0.000	0.034	0.340	0.169	0.048	0.095	2.261	0.844	0.000	0.095	2.081	-2803.630
21	6	257	209	0.5625	0.210	0.561	0.030	0.000	0.004	0.055	0.435	0.058	0.151	0.249	3.486	0.681	0.147	0.123	8.429	-2333.007
21	6	377	221	0.4633	0.068	0.061	0.031	0.006	0.008	0.027	0.214	0.150	0.052	0.069	2.459	0.948	0.007	0.080	7.647	-2542.468
21	6	308	236	0.4012	0.188	0.140	0.029	0.007	0.016	0.055	0.562	0.137	0.130	0.168	2.651	0.249	0.049	0.105	1.097	-2685.522
21	6	788	523	0.4889	0.376	0.210	0.048	0.007	0.015	0.088	0.434	0.072	0.094	0.429	3.749	0.849	0.143	0.139	3.323	-7119.973
21	6	377	269	0.5334	0.154	0.203	0.026	0.000	0.016	0.082	0.554	0.103	0.107	0.135	4.268	0.692	0.087	0.067	1.000	-3109.163
21	6	253	183	0.5070	0.040	0.120	0.064	0.000	0.025	0.052	0.294	0.125	0.071	0.240	2.974	0.977	0.023	0.062	1.000	-1867.321
21	6	482	388	0.5721	0.268	0.411	0.066	0.011	0.009	0.084	0.787	0.135	0.151	0.236	3.519	0.553	0.253	0.078	3.008	-4772.416
21	6	803	369	0.4240	0.037	0.074	0.020	0.007	0.004	0.027	0.285	0.097	0.158	0.062	3.781	0.887	0.060	0.038	2.383	-5464.193
21	6	1144	454	0.4617	0.076	0.090	0.013	0.003	0.003	0.020	0.258	0.097	0.088	0.052	3.251	0.874	0.063	0.037	1.000	-7538.036
21	6	317	207	0.4159	0.090	0.078	0.020	0.004	0.003	0.034	0.384	0.117	0.109	0.085	3.564	0.123	0.011	0.074	1.000	-2300.233
21	6	350	213	0.5232	0.119	0.206	0.008	0.009	0.008	0.063	0.221	0.119	0.057	0.149	2.488	0.979	0.021	0.014	1.000	-2392.762
21	6	380	248	0.6056	0.201	0.287	0.056	0.012	0.000	0.045	0.571	0.080	0.175	0.191	3.370	0.836	0.104	0.034	3.682	-3093.521
21	6	140	131	0.4651	0.130	1.110	0.061	0.029	0.030	0.022	0.533	0.310	0.144	0.127	3.062	0.381	0.235	0.218	5.423	-1507.724
21	6	144	139	0.4716	0.166	1.019	0.048	0.007	0.007	0.118	0.704	0.218	0.098	0.223	3.599	0.420	0.293	0.174	6.750	-1533.277
21	6	1072	510	0.6189	0.177	0.161	0.031	0.004	0.006	0.032	0.325	0.060	0.085	0.131	4.383	0.911	0.039	0.048	3.045	-7660.615
21	6	728	478	0.4229	0.089	0.128	0.018	0.003	0.006	0.043	0.440	0.143	0.206	0.091	3.509	0.689	0.307	0.135	12.479	-5844.026
21	6	270	151	0.4769	0.037	0.095	0.023	0.004	0.004	0.021	0.263	0.062	0.014	0.046	1.245	0.577	0.003	0.052	1.000	-1704.052
21	6	360	177	0.4050	0.066	0.126	0.017	0.005	0.007	0.014	0.224	0.052	0.068	0.009	3.897	0.850	0.043	0.008	1.374	-2212.028
21	6	843	469	0.4324	0.120	0.168	0.019	0.003	0.005	0.050	0.357	0.139	0.114	0.088	4.484	0.811	0.125	0.099	3.762	-6546.635
21	6	413	196	0.6337	0.103	0.122	0.014	0.000	0.005	0.037	0.143	0.059	0.028	0.091	5.444	0.885	0.005	0.025	1.000	-2485.675
21	6	454	265	0.5922	0.114	0.593	0.015	0.004	0.005	0.024	0.217	0.071	0.086	0.114	3.724	0.883	0.020	0.029	20.123	-3162.960
21	6	411	323	0.4333	0.225	0.206	0.026	0.007	0.014	0.068	0.548	0.170	0.126	0.252	3.149	0.680	0.274	0.179	13.400	-3768.098
21	6	1514	503	0.6429	0.073	0.088	0.017	0.008	0.007	0.032	0.270	0.083	0.054	0.071	3.522	0.822	0.149	0.009	6.992	-9616.527
21	6	709	419	0.5248	0.200	0.128	0.032	0.009	0.009	0.047	0.314	0.070	0.142	0.128	3.322	0.816	0.120	0.094	2.740	-5605.410
21	6	783	455	0.4935	0.139	0.235	0.034	0.005	0.011	0.035	0.366	0.113	0.102	0.161	2.839	0.861	0.096	0.070	6.436	-6237.082
21	6	297	269	0.4553	0.216	0.646	0.063	0.024	0.025	0.106	0.476	0.086	0.279	0.260	3.073	0.406	0.289	0.209	3.923	-3178.152
21	6	545	197	0.5556	0.075	0.042	0.011	0.008	0.012	0.015	0.179	0.020	0.047	0.000	3.473	0.996	0.004	0.034	1.000	-3027.887
21	6	183	126	0.5501	0.119	0.251	0.030	0.022	0.018	0.025	0.184	0.033	0.011	0.095	4.573	0.704	0.053	0.007	5.592	-1246.017
21	6	1075	552	0.4622	0.119	0.166	0.019	0.006	0.007	0.037	0.260	0.088	0.116	0.120	3.269	0.911	0.044	0.073	5.530	-7882.755
21	6	585	414	0.5058	0.191	0.297	0.046	0.007	0.002	0.059	0.402	0.164	0.112	0.212	3.040	0.696	0.204	0.106	2.915	-5248.383
21	6	219	168	0.6656	0.194	0.297	0.035	0.014	0.040	0.026	0.606	0.083	0.090	0.247	5.933	0.505	0.111	0.046	4.179	-1839.526
21	6	640	345	0.5262	0.149	0.213	0.027	0.003	0.008	0.026	0.260	0.120	0.076	0.145	2.887	0.889	0.058	0.034	3.335	-4658.478
21	6	450	286	0.5576	0.139	0.236	0.035	0.018	0.014	0.034	0.367	0.025	0.168	0.091	6.049	0.828	0.079	0.038	6.504	-3398.394
21	6	151	136	0.5978	0.142	0.328	0.052	0.000	0.007	0.099	0.545	0.049	0.291	0.101	5.942	0.353	0.041	0.172	18.445	-1344.409
21	6	416	257	0.5963	0.230	0.509	0.008	0.016	0.016	0.091	0.287	0.116	0.056	0.217	5.457	0.894	0.049	0.021	1.209	-3149.136
21	6	635	332	0.4853	0.073	0.123	0.022	0.010	0.013	0.040	0.208	0.060	0.109	0.086	3.547	0.830	0.019	0.045	1.197	-4326.503
21	6	1238	435	0.5352	0.109	0.087	0.015	0.006	0.005	0.027	0.227	0.058	0.080	0.051	2.646	0.944	0.017	0.006	1.643	-7643.145
21	6	316	190	0.4325	0.067	0.131	0.006	0.000	0.003	0.031	0.308	0.085	0.111	0.107	2.343	0.591	0.074	0.039	1.884	-2259.526
21	6	2047	1117	0.5133	0.192	0.219	0.060	0.009	0.011	0.073	0.483	0.124	0.114	0.189	2.857	0.898	0.102	0.077	1.000	-17457.977
21	6	147	114	0.5745	0.090	0.110	0.020	0.014	0.007	0.050	0.409	0.037	0.005	0.152	3.074	0.000	0.000	0.075	1.345	-1076.413
21	6	654	382	0.4631	0.091	0.188	0.041	0.011	0.005	0.022	0.393	0.083	0.132	0.161	2.592	0.744	0.129	0.030	3.434	-5131.482
21	6	291	258	0.4606	0.280	0.648	0.038	0.003	0.007	0.091	0.534	0.238	0.098	0.300	3.986	0.469	0.265	0.118	5.661	-2955.221
21	6	456	246	0.4541	0.086	0.149	0.024	0.011	0.005	0.033	0.229	0.132	0.044	0.048	3.124	0.819	0.120	0.011	4.149	-3142.717
21	6	907	428	0.6145	0.251	0.146	0.037	0.002	0.008	0.084	0.278	0.074	0.123	0.255	5.236	0.922	0.028	0.027	1.000	-6285.719
21	6	299	270	0.4714	0.208	0.481	0.037	0.005	0.019	0.099	0.649	0.160	0.205	0.150	3.646	0.499	0.263	0.275	5.316	-3034.137
21	6	276	185	0.6146	0.152	0.197	0.043	0.040	0.026	0.114	0.375	0.118	0.145	0.212	3.365	0.788	0.114	0.071	2.609	-2323.299
21	6	834	425	0.6332	0.092	0.158	0.030	0.011	0.014	0.052	0.399	0.089	0.111	0.109	4.864	0.932	0.047	0.026	1.890	-5899.519
21	6	448	329	0.4786	0.201	0.136	0.060	0.003	0.017	0.024	0.470	0.105	0.204	0.238	2.944	0.653	0.122	0.114	2.789	-3974.953
21	6	299	200	0.4719	0.119	0.289	0.048	0.003	0.003	0.049	0.345	0.107	0.067	0.115	3.776	0.844	0.049	0.048	4.714	-2208.239
21	6	759	326	0.4592	0.056	0.074	0.011	0.006	0.008	0.027	0.351	0.158	0.068	0.054	4.592	0.970	0.011	0.029	4.864	-4975.452
21	6	547	289	0.3976	0.076	0.175	0.023	0.004	0.002	0.021	0.193	0.250	0.132	0.111	3.480	0.844	0.077	0.084	2.432	-3656.447
21	6	1534	844	0.4947	0.203	0.237	0.031	0.009	0.010	0.030	0.416	0.123	0.139	0.214	3.460	0.890	0.085	0.088	2.396	-12644.455
21	6	156	119	0.5576	0.183	0.332	0.008	0.000	0.000	0.049	0.270	0.083	0.045	0.198	1.970	0.712	0.066	0.028	2.072	-1184.380
21	6	443	274	0.4029	0.159	0.188	0.021	0.002	0.002	0.047	0.371	0.046	0.074	0.205	3.962	0.767	0.101	0.132	4.186	-3380.296
21	6	245	136	0.5702	0.076	0.118	0.035	0.004	0.000	0.021	0.172	0.096	0.023	0.056	3.864	0.866	0.000	0.033	3.524	-1518.380
21	6	421	245	0.4323	0.129	0.146	0.015	0.005	0.002	0.025	0.179	0.095	0.102	0.050	3.453	0.835	0.077	0.096	3.619	-2963.640
21	6	382	241	0.6273	0.115	0.432	0.027	0.003	0.008	0.042	0.245	0.081	0.067	0.180	3.920	0.822	0.077	0.056	9.770	-2831.197
21	6	277	220	0.6786	0.293	0.245	0.040	0.013	0.036	0.121	1.001	0.244	0.081	0.288	3.411	0.408	0.139	0.097	1.000	-2710.354
21	6	458	170	0.4998	0.031	0.058	0.005	0.000	0.000	0.010	0.129	0.051	0.033	0.024	2.253	0.796	0.000	0.048	1.000	-2533.030
21	6	901	527	0.3963	0.098	0.191	0.014	0.016	0.010	0.041	0.504	0.102	0.080	0.100	3.869	0.714	0.215	0.072	7.246	-7004.179
21	6	524	300	0.5267	0.110	0.120	0.033	0.006	0.006	0.050	0.400	0.093	0.135	0.138	3.703	0.768	0.056	0.034	1.000	-3843.889
21	6	158	137	0.6360	0.287	0.366	0.018	0.015	0.011	0.083	0.463	0.105	0.085	0.278	3.907	0.379	0.024	0.124	1.376	-1376.815
21	6	1117	618	0.4230	0.047	0.129	0.030	0.005	0.007	0.035	0.414	0.174	0.181	0.127	3.564	0.628	0.185	0.076	1.000	-8949.353
21	6	540	293	0.6055	0.066	0.167	0.016	0.003	0.006	0.041	0.292	0.076	0.100	0.039	4.070	0.945	0.009	0.060	3.071	-3670.162
21	6	353	196	0.4923	0.076	0.068	0.016	0.009	0.005	0.048	0.285	0.070	0.083	0.090	1.736	0.365	0.024	0.039	1.000	-2418.979
21	6	314	203	0.6270	0.158	0.220	0.030	0.010	0.007	0.070	0.313	0.070	0.103	0.124	5.079	0.810	0.070	0.063	2.855	-2377.798
21	6	709	354	0.4759	0.078	0.088	0.008	0.002	0.007	0.037	0.192	0.107	0.055	0.108	3.216	0.921	0.019	0.039	1.000	-4599.777
21	6	368	167	0.5546	0.088	0.029	0.004	0.006	0.003	0.027	0.150	0.047	0.045	0.072	7.580	0.918	0.015	0.031	1.000	-2117.573
21	6	466	358	0.4610	0.184	0.216	0.040	0.012	0.012	0.038	0.623	0.181	0.177	0.206	2.993	0.693	0.186	0.118	10.427	-4311.850
21	6	545	312	0.6899	0.122	0.149	0.037	0.004	0.015	0.103	0.469	0.059	0.175	0.156	6.236	0.948	0.036	0.032	2.650	-4006.956
21	6	344	240	0.6123	0.192	0.222	0.040	0.018	0.005	0.066	0.354	0.037	0.142	0.222	4.128	0.789	0.098	0.066	2.827	-2732.498
21	6	809	566	0.6049	0.252	0.322	0.061	0.024	0.009	0.073	0.696	0.162	0.136	0.249	4.643	0.727	0.223	0.064	4.694	-7027.277
21	6	560	323	0.5806	0.132	0.510	0.030	0.006	0.007	0.049	0.273	0.081	0.071	0.092	4.116	0.860	0.081	0.027	14.671	-4129.507
21	6	441	236	0.4682	0.050	0.128	0.014	0.004	0.006	0.046	0.224	0.037	0.089	0.053	4.220	0.825	0.049	0.018	1.140	-2837.055
21	6	889	359	0.5830	0.073	0.106	0.021	0.006	0.003	0.029	0.181	0.082	0.065	0.111	3.288	0.951	0.025	0.013	4.736	-5608.710
21	6	283	195	0.5842	0.080	0.269	0.066	0.006	0.012	0.081	0.304	0.063	0.083	0.106	5.134	0.703	0.116	0.050	3.724	-2209.468
21	6	321	191	0.4297	0.065	0.160	0.039	0.003	0.003	0.023	0.218	0.041	0.132	0.102	2.292	0.890	0.008	0.058	2.186	-2212.580
21	6	1141	534	0.4618	0.104	0.136	0.029	0.004	0.007	0.026	0.306	0.081	0.094	0.130	2.674	0.932	0.052	0.051	1.000	-8226.716
21	6	253	134	0.7121	0.033	0.133	0.000	0.000	0.004	0.097	0.305	0.011	0.101	0.090	9.643	0.724	0.054	0.028	1.000	-1586.612
21	6	778	378	0.4768	0.000	0.165	0.017	0.004	0.004	0.037	0.274	0.131	0.086	0.075	2.264	0.904	0.028	0.079	4.667	-5477.730
21	6	920	408	0.5455	0.115	0.054	0.016	0.012	0.005	0.034	0.270	0.073	0.089	0.062	3.272	0.893	0.020	0.028	1.000	-6028.791
21	6	334	221	0.5400	0.196	0.196	0.017	0.000	0.003	0.037	0.349	0.044	0.065	0.167	2.322	0.842	0.071	0.044	1.497	-2475.638
21	6	295	204	0.4926	0.110	0.208	0.034	0.000	0.010	0.037	0.225	0.141	0.137	0.078	2.879	0.768	0.034	0.049	2.451	-2208.589
21	6	521	331	0.4605	0.131	0.249	0.010	0.019	0.000	0.059	0.439	0.105	0.127	0.103	3.036	0.774	0.064	0.091	2.306	-4221.790
21	6	398	173	0.6714	0.083	0.127	0.013	0.003	0.003	0.028	0.193	0.036	0.060	0.039	5.478	0.859	0.033	0.015	1.000	-2361.928
21	6	478	333	0.4513	0.207	0.416	0.040	0.024	0.005	0.031	0.399	0.130	0.100	0.164	2.561	0.812	0.110	0.092	9.550	-4115.932
21	6	231	126	0.5430	0.006	0.164	0.011	0.004	0.000	0.015	0.143	0.049	0.056	0.039	2.425	0.834	0.003	0.018	2.257	-1345.707
21	6	311	238	0.4609	0.180	0.259	0.057	0.006	0.003	0.041	0.484	0.114	0.076	0.112	2.381	0.753	0.186	0.124	9.972	-2654.806
21	6	373	301	0.4088	0.243	0.454	0.016	0.005	0.012	0.027	0.619	0.057	0.170	0.245	2.713	0.495	0.272	0.061	7.687	-3448.057
21	6	210	144	0.4576	0.023	0.204	0.017	0.005	0.000	0.018	0.274	0.062	0.088	0.095	5.264	0.667	0.081	0.026	4.452	-1408.398
21	6	141	121	0.5975	0.201	0.405	0.048	0.007	0.000	0.210	0.778	0.055	0.111	0.237	1.717	0.313	0.122	0.082	2.189	-1375.869
21	6	189	134	0.5273	0.192	0.172	0.030	0.000	0.000	0.031	0.282	0.058	0.043	0.261	4.786	0.834	0.122	0.067	1.000	-1340.126
21	6	419	239	0.5736	0.127	0.153	0.048	0.007	0.007	0.028	0.361	0.082	0.099	0.171	4.191	0.906	0.094	0.028	1.000	-3052.885
21	6	228	191	0.6387	0.219	0.496	0.059	0.000	0.005	0.067	0.536	0.114	0.140	0.128	3.722	0.511	0.250	0.111	5.345	-2115.850
21	6	230	152	0.4688	0.095	0.042	0.029	0.018	0.000	0.007	0.275	0.130	0.094	0.113	2.866	0.000	0.000	0.115	1.031	-1632.241
21	6	652	365	0.6245	0.171	0.112	0.029	0.008	0.012	0.036	0.386	0.127	0.115	0.172	5.003	0.916	0.036	0.045	5.010	-4868.976
21	6	358	242	0.6159	0.160	0.162	0.049	0.003	0.008	0.035	0.416	0.079	0.056	0.152	4.575	0.589	0.019	0.102	1.000	-2692.492
21	6	373	319	0.4795	0.192	0.727	0.061	0.010	0.015	0.057	0.647	0.126	0.188	0.176	2.818	0.510	0.271	0.089	5.808	-3813.662
21	6	879	460	0.5217	0.095	0.162	0.020	0.005	0.012	0.058	0.358	0.095	0.150	0.093	3.615	0.920	0.079	0.066	1.000	-6649.466
21	6	391	191	0.6427	0.041	0.139	0.020	0.005	0.005	0.036	0.187	0.039	0.066	0.085	3.689	0.774	0.014	0.030	1.000	-2409.280
21	6	429	250	0.5617	0.214	0.046	0.009	0.005	0.007	0.034	0.253	0.114	0.138	0.233	3.919	0.844	0.022	0.014	1.000	-2929.530
21	6	206	113	0.5588	0.063	0.123	0.000	0.000	0.000	0.063	0.174	0.040	0.044	0.043	8.412	0.798	0.023	0.028	1.844	-1205.363
21	6	338	244	0.5708	0.248	0.844	0.050	0.026	0.022	0.066	0.591	0.060	0.139	0.259	3.913	0.761	0.125	0.058	4.061	-2982.802
21	6	362	125	0.4729	0.025	0.022	0.010	0.003	0.003	0.010	0.041	0.013	0.043	0.028	3.492	0.751	0.036	0.014	1.000	-1833.208
21	6	844	419	0.4649	0.067	0.131	0.021	0.003	0.001	0.046	0.323	0.076	0.079	0.093	3.287	0.493	0.310	0.000	2.255	-5960.385
21	6	225	153	0.4641	0.057	0.112	0.025	0.014	0.000	0.027	0.300	0.117	0.152	0.102	3.906	0.493	0.153	0.046	1.855	-1686.371
21	6	291	202	0.5641	0.128	0.212	0.025	0.017	0.008	0.031	0.374	0.106	0.076	0.194	2.932	0.700	0.090	0.065	1.785	-2329.293
21	6	239	138	0.4623	0.000	0.220	0.012	0.000	0.004	0.005	0.209	0.056	0.095	0.040	3.124	0.896	0.000	0.049	8.653	-1484.361
21	6	618	339	0.4835	0.100	0.119	0.034	0.017	0.007	0.029	0.329	0.110	0.191	0.125	3.153	0.860	0.049	0.022	1.000	-4479.207
21	6	251	162	0.5152	0.044	0.092	0.042	0.000	0.009	0.032	0.187	0.071	0.126	0.111	3.299	0.846	0.087	0.026	4.904	-1692.655
21	6	375	216	0.4808	0.098	0.173	0.024	0.009	0.004	0.036	0.197	0.100	0.083	0.053	2.110	0.801	0.015	0.028	1.420	-2516.457
21	6	269	166	0.5309	0.088	0.081	0.039	0.012	0.003	0.037	0.265	0.071	0.125	0.102	3.697	0.956	0.044	0.047	41.375	-1844.652
21	6	1098	453	0.4473	0.100	0.293	0.010	0.004	0.005	0.034	0.152	0.069	0.067	0.084	2.885	0.877	0.088	0.013	24.086	-7286.327
21	6	219	153	0.4325	0.102	0.137	0.000	0.029	0.000	0.059	0.288	0.069	0.086	0.148	2.337	0.784	0.091	0.017	4.551	-1550.396
21	6	555	299	0.5101	0.072	0.115	0.017	0.011	0.005	0.039	0.247	0.149	0.075	0.111	3.450	0.890	0.039	0.061	3.583	-3941.666
21	6	329	230	0.5144	0.191	0.244	0.027	0.006	0.017	0.068	0.480	0.194	0.129	0.157	3.082	0.683	0.182	0.050	2.980	-2797.502
21	6	503	264	0.6235	0.092	0.199	0.031	0.005	0.005	0.017	0.448	0.044	0.050	0.073	2.922	0.916	0.012	0.024	3.585	-3329.939
21	6	140	132	0.5940	0.382	7.849	0.129	0.000	0.023	0.115	0.736	0.158	0.278	0.401	4.254	0.504	0.120	0.171	118.156	-1583.952
21	6	202	113	0.4744	0.025	0.067	0.005	0.000	0.005	0.005	0.145	0.051	0.059	0.051	3.957	0.727	0.024	0.019	1.000	-1163.659
21	6	294	212	0.5650	0.110	0.152	0.061	0.000	0.003	0.052	0.466	0.078	0.069	0.122	2.141	0.810	0.041	0.081	1.000	-2288.093
21	6	220	180	0.4540	0.149	0.184	0.019	0.011	0.008	0.074	0.571	0.188	0.086	0.146	2.202	0.656	0.105	0.108	1.389	-1939.773
21	6	296	136	0.5206	0.010	0.060	0.014	0.007	0.014	0.007	0.178	0.013	0.040	0.067	1.925	0.721	0.025	0.000	1.207	-1670.574
21	6	762	428	0.4506	0.061	0.141	0.013	0.007	0.006	0.025	0.441	0.180	0.113	0.140	3.873	0.836	0.137	0.091	1.000	-5963.591
21	6	877	532	0.5627	0.163	0.189	0.039	0.012	0.008	0.049	0.313	0.122	0.131	0.156	3.235	0.855	0.086	0.086	3.635	-7074.847
21	6	499	302	0.6069	0.096	0.186	0.029	0.007	0.000	0.024	0.371	0.099	0.062	0.048	3.389	0.860	0.024	0.029	1.178	-3439.978
21	6	367	208	0.4479	0.015	0.193	0.018	0.000	0.006	0.031	0.309	0.058	0.088	0.072	3.970	0.833	0.068	0.060	2.226	-2515.530
21	6	325	262	0.4193	0.145	0.237	0.021	0.006	0.006	0.061	0.553	0.218	0.211	0.157	4.102	0.711	0.126	0.087	4.266	-2828.371
21	6	639	302	0.5422	0.180	0.158	0.004	0.014	0.006	0.021	0.194	0.093	0.099	0.180	5.032	0.916	0.020	0.006	1.898	-4216.520
21	6	362	205	0.4757	0.053	0.220	0.013	0.003	0.003	0.062	0.246	0.093	0.114	0.129	2.631	0.895	0.026	0.025	3.840	-2533.256
21	6	375	218	0.4395	0.025	0.519	0.017	0.005	0.000	0.022	0.225	0.040	0.059	0.100	2.493	0.831	0.058	0.010	7.030	-2600.408
21	6	437	288	0.4518	0.158	0.189	0.021	0.010	0.005	0.064	0.378	0.024	0.134	0.174	2.916	0.720	0.046	0.061	2.628	-3398.772
21	6	249	149	0.4116	0.079	0.066	0.011	0.011	0.005	0.032	0.247	0.071	0.031	0.067	3.275	0.466	0.019	0.029	1.000	-1576.426
21	6	314	218	0.6189	0.100	0.425	0.062	0.028	0.008	0.079	0.501	0.076	0.139	0.115	10.365	0.849	0.044	0.057	4.214	-2481.668
21	6	412	302	0.4959	0.119	0.238	0.023	0.005	0.010	0.029	0.378	0.119	0.131	0.115	2.863	0.771	0.100	0.122	2.269	-3382.755
21	6	437	154	0.6294	0.035	0.102	0.013	0.000	0.000	0.019	0.113	0.019	0.046	0.033	4.015	0.898	0.008	0.019	1.284	-2365.722
21	6	274	223	0.4519	0.321	0.570	0.020	0.004	0.000	0.024	0.438	0.147	0.095	0.380	2.912	0.751	0.066	0.087	7.723	-2430.181
21	6	155	138	0.5716	0.090	0.673	0.018	0.013	0.000	0.122	0.412	0.042	0.223	0.151	2.833	0.598	0.194	0.172	5.574	-1457.711
21	6	486	301	0.5174	0.146	0.153	0.009	0.002	0.004	0.061	0.348	0.075	0.108	0.213	3.452	0.805	0.036	0.031	1.000	-3557.055
21	6	574	404	0.4975	0.000	0.273	0.020	0.012	0.008	0.045	0.483	0.118	0.258	0.373	3.377	0.730	0.098	0.058	1.185	-4940.321
21	6	1322	686	0.4159	0.153	0.142	0.027	0.006	0.008	0.047	0.367	0.123	0.150	0.143	3.351	0.799	0.177	0.078	3.858	-10658.949
21	6	216	170	0.5620	0.090	0.289	0.015	0.007	0.012	0.109	0.421	0.099	0.131	0.116	3.552	0.734	0.125	0.091	3.535	-1810.553
21	6	777	345	0.4499	0.093	0.084	0.005	0.004	0.012	0.025	0.202	0.091	0.074	0.039	3.379	0.913	0.067	0.046	9.968	-5042.801
21	6	568	328	0.5797	0.136	0.140	0.017	0.000	0.013	0.035	0.301	0.076	0.053	0.171	4.193	0.885	0.053	0.117	3.820	-4178.433
21	6	845	404	0.4844	0.110	0.140	0.013	0.006	0.006	0.044	0.344	0.070	0.098	0.057	2.911	0.923	0.049	0.040	4.001	-5906.018
21	6	443	209	0.5191	0.055	0.097	0.021	0.007	0.008	0.029	0.204	0.073	0.058	0.092	2.221	0.855	0.060	0.028	3.059	-2850.595
21	6	577	252	0.4504	0.066	0.048	0.022	0.007	0.000	0.018	0.242	0.075	0.070	0.093	3.738	0.783	0.020	0.045	1.000	-3680.146
21	6	783	442	0.4464	0.092	0.190	0.013	0.011	0.008	0.051	0.380	0.171	0.118	0.126	3.256	0.833	0.114	0.081	1.755	-6210.731
21	6	430	223	0.5999	0.380	0.015	0.037	0.005	0.010	0.035	0.428	0.075	0.090	0.000	3.604	0.000	0.000	0.036	1.447	-3042.196
21	6	323	239	0.5779	0.519	0.157	0.055	0.009	0.027	0.047	0.908	0.184	0.160	0.476	6.387	0.693	0.152	0.055	4.498	-2967.477
21	6	483	199	0.3759	0.037	0.048	0.013	0.000	0.004	0.011	0.238	0.052	0.080	0.032	4.094	0.750	0.005	0.035	1.000	-2852.647
21	6	324	240	0.4759	0.190	0.344	0.004	0.000	0.049	0.057	0.460	0.140	0.048	0.149	3.665	0.734	0.117	0.043	3.911	-2577.191
21	6	306	210	0.5933	0.116	0.357	0.043	0.004	0.003	0.023	0.285	0.168	0.101	0.091	3.391	0.799	0.092	0.064	3.791	-2390.251
21	6	157	121	0.5300	0.020	0.154	0.049	0.000	0.007	0.056	0.423	0.034	0.078	0.077	4.290	0.827	0.000	0.132	2.220	-1126.116
21	6	208	131	0.5562	0.088	0.164	0.011	0.011	0.004	0.026	0.144	0.032	0.057	0.050	2.373	0.788	0.034	0.016	1.811	-1301.521
21	6	257	158	0.6131	0.085	0.100	0.043	0.004	0.016	0.012	0.444	0.074	0.033	0.097	2.525	0.962	0.025	0.046	1.000	-1763.041
21	6	695	434	0.5711	0.124	0.186	0.028	0.014	0.008	0.036	0.327	0.126	0.152	0.141	4.077	0.831	0.103	0.094	1.509	-5532.668
21	6	736	282	0.4232	0.038	0.072	0.016	0.003	0.014	0.020	0.164	0.042	0.052	0.062	3.477	0.860	0.066	0.056	1.000	-4519.437
21	6	511	292	0.5754	0.106	0.061	0.021	0.014	0.004	0.018	0.220	0.077	0.097	0.145	3.838	0.758	0.137	0.080	1.000	-3609.004
21	6	372	106	0.6653	0.036	0.035	0.017	0.003	0.000	0.000	0.055	0.017	0.005	0.000	7.906	0.846	0.000	0.015	1.000	-1693.965
21	6	495	221	0.5828	0.100	0.098	0.046	0.004	0.010	0.024	0.289	0.063	0.011	0.095	4.799	0.977	0.023	0.004	13.162	-2972.850
21	6	444	266	0.5858	0.059	0.249	0.021	0.023	0.004	0.042	0.456	0.039	0.081	0.103	4.012	0.845	0.016	0.031	1.372	-3115.967
21	6	576	362	0.4046	0.119	0.408	0.000	0.051	0.038	0.044	0.285	0.262	0.013	0.087	2.977	0.493	0.323	0.089	8.861	-4544.940
21	6	320	208	0.5535	0.012	2.705	0.053	0.010	0.003	0.040	0.225	0.094	0.142	0.046	2.136	0.836	0.015	0.036	46.250	-2425.013
21	6	142	117	0.5282	0.693	0.000	0.000	0.022	0.019	0.087	0.709	0.074	0.043	2.962	4.650	0.939	0.058	0.063	1.000	-1218.487
21	6	273	161	0.6227	0.024	0.076	0.043	0.007	0.004	0.013	0.355	0.008	0.074	0.037	3.715	0.750	0.012	0.144	2.774	-1745.323
21	6	324	222	0.4995	0.133	0.159	0.043	0.000	0.068	0.006	0.308	0.089	0.058	0.101	2.222	0.727	0.199	0.007	3.498	-2403.396
21	6	638	291	0.4484	0.039	0.092	0.017	0.003	0.005	0.025	0.388	0.118	0.088	0.045	2.114	0.887	0.029	0.027	1.849	-4195.686
21	6	629	269	0.4872	0.036	0.072	0.017	0.000	0.003	0.016	0.180	0.056	0.063	0.096	2.674	0.910	0.047	0.026	3.091	-3895.229
21	6	333	213	0.5648	0.110	0.176	0.010	0.015	0.005	0.021	0.359	0.130	0.169	0.113	3.013	0.692	0.093	0.041	1.000	-2507.132
21	6	516	283	0.4586	0.098	0.152	0.012	0.017	0.011	0.027	0.280	0.079	0.068	0.068	3.099	0.733	0.207	0.083	4.154	-3735.335
21	6	684	278	0.4427	0.082	0.058	0.014	0.004	0.003	0.028	0.204	0.105	0.082	0.021	3.481	0.799	0.023	0.029	1.000	-4317.776
21	6	375	313	0.4708	0.134	1.151	0.035	0.015	0.012	0.061	0.578	0.126	0.181	0.193	3.757	0.481	0.343	0.148	44.736	-3622.962
21	6	311	214	0.5003	0.075	0.239	0.044	0.003	0.017	0.095	0.453	0.059	0.114	0.134	3.363	0.837	0.053	0.022	2.667	-2367.445
21	6	456	245	0.5538	0.147	0.118	0.041	0.003	0.006	0.040	0.293	0.129	0.088	0.091	6.991	0.878	0.092	0.041	1.000	-3181.039
21	6	378	260	0.6081	0.115	0.669	0.065	0.008	0.006	0.036	0.577	0.121	0.123	0.076	3.681	0.782	0.100	0.060	12.146	-3149.857
21	6	229	181	0.5895	0.166	0.423	0.027	0.000	0.000	0.039	0.494	0.116	0.164	0.089	4.783	0.808	0.080	0.075	7.149	-1836.580
21	6	321	217	0.4273	0.079	0.164	0.037	0.006	0.006	0.032	0.270	0.089	0.067	0.062	3.862	0.837	0.069	0.108	3.657	-2276.595
21	6	457	285	0.6242	0.153	0.358	0.031	0.000	0.012	0.075	0.315	0.052	0.049	0.102	5.219	0.898	0.032	0.019	3.658	-3242.315
21	6	384	257	0.5080	0.131	0.130	0.062	0.008	0.013	0.047	0.336	0.084	0.091	0.107	2.555	0.728	0.070	0.082	1.522	-2988.804
21	6	609	365	0.4605	0.131	0.225	0.023	0.002	0.005	0.018	0.225	0.305	0.043	0.077	3.021	0.745	0.166	0.047	2.509	-4312.064
21	6	330	223	0.4330	0.070	0.230	0.052	0.004	0.008	0.060	0.363	0.110	0.130	0.073	3.708	0.618	0.162	0.031	3.248	-2628.803
21	6	810	319	0.4228	0.031	0.094	0.017	0.002	0.005	0.018	0.214	0.053	0.132	0.047	3.248	0.913	0.032	0.034	2.178	-5061.836
21	6	193	120	0.3866	0.029	0.106	0.000	0.000	0.005	0.011	0.195	0.139	0.021	0.046	3.886	0.090	0.000	0.059	1.000	-1182.025
21	6	388	269	0.5317	0.145	0.204	0.031	0.011	0.018	0.034	0.314	0.108	0.100	0.148	4.454	0.747	0.079	0.136	3.486	-3123.632
21	6	531	272	0.4626	0.048	0.119	0.015	0.002	0.002	0.028	0.257	0.138	0.066	0.054	2.898	0.942	0.031	0.042	8.733	-3480.996
21	6	592	224	0.4720	0.040	0.062	0.010	0.008	0.008	0.033	0.201	0.042	0.057	0.021	2.913	0.838	0.026	0.000	1.000	-3520.778
21	6	367	227	0.5669	0.102	0.202	0.014	0.008	0.003	0.048	0.224	0.086	0.073	0.113	4.755	0.766	0.053	0.041	3.338	-2577.797
21	6	391	154	0.5463	0.020	0.095	0.024	0.003	0.005	0.014	0.148	0.018	0.032	0.006	2.945	0.813	0.027	0.008	2.075	-2174.522
21	6	691	299	0.4784	0.054	0.078	0.018	0.005	0.008	0.020	0.168	0.074	0.078	0.054	4.242	0.910	0.012	0.061	3.468	-4363.109
21	6	234	144	0.5836	0.136	0.056	0.009	0.000	0.017	0.022	0.321	0.128	0.001	0.122	4.437	0.718	0.011	0.023	1.000	-1497.319
21	6	253	152	0.4442	0.063	0.058	0.017	0.000	0.000	0.017	0.349	0.138	0.062	0.017	3.348	0.971	0.029	0.033	1.030	-1603.717
21	6	459	376	0.5986	0.212	0.971	0.106	0.002	0.005	0.120	0.662	0.149	0.184	0.233	3.592	0.570	0.319	0.130	11.092	-4747.018
21	6	1148	572	0.4563	0.099	0.144	0.027	0.007	0.006	0.034	0.423	0.152	0.088	0.059	3.699	0.898	0.046	0.101	5.096	-8681.302
21	6	383	316	0.5735	0.256	0.475	0.049	0.006	0.016	0.089	0.522	0.149	0.116	0.228	5.148	0.605	0.291	0.097	5.677	-3593.539
21	6	690	376	0.6077	0.120	0.213	0.019	0.011	0.010	0.046	0.350	0.087	0.091	0.115	4.851	0.857	0.062	0.042	1.416	-5077.638
21	6	546	276	0.4852	0.117	0.072	0.012	0.015	0.004	0.022	0.332	0.106	0.095	0.091	2.626	0.944	0.015	0.053	1.000	-3779.670
21	6	495	367	0.4378	0.195	0.196	0.053	0.013	0.006	0.087	0.739	0.178	0.181	0.202	3.207	0.774	0.194	0.089	1.000	-4574.062
21	6	122	83	0.5528	0.121	0.234	0.000	0.026	0.000	0.000	0.209	0.000	0.136	0.115	5.444	0.450	0.122	0.042	1.705	-804.063
21	6	329	253	0.5513	0.129	0.199	0.045	0.006	0.016	0.048	0.470	0.173	0.108	0.172	4.140	0.628	0.095	0.117	1.719	-2817.117
21	6	358	195	0.6171	0.082	0.161	0.010	0.000	0.003	0.050	0.225	0.089	0.045	0.069	3.520	0.810	0.050	0.015	1.112	-2363.989
21	6	611	390	0.4936	0.156	0.214	0.010	0.008	0.002	0.045	0.307	0.180	0.161	0.097	3.416	0.817	0.115	0.080	2.742	-4875.289
21	6	479	315	0.4561	0.121	0.168	0.028	0.002	0.007	0.037	0.988	0.075	0.287	0.145	2.917	0.795	0.115	0.055	2.232	-4040.027
21	6	430	223	0.6084	0.017	0.154	0.015	0.015	0.007	0.037	0.291	0.052	0.078	0.081	3.542	0.873	0.045	0.056	3.586	-2891.272
21	6	1029	410	0.4863	0.048	0.102	0.019	0.003	0.006	0.021	0.278	0.060	0.052	0.077	2.828	0.928	0.026	0.029	1.515	-6689.163
21	6	1927	730	0.4780	0.067	0.108	0.017	0.004	0.007	0.031	0.418	0.119	0.080	0.070	3.099	0.921	0.065	0.048	1.000	-13796.697
21	6	682	389	0.4886	0.095	0.200	0.042	0.010	0.011	0.064	0.244	0.065	0.099	0.133	3.043	0.830	0.052	0.067	1.000	-5180.697
21	6	600	342	0.6595	0.177	0.175	0.025	0.008	0.012	0.084	0.386	0.095	0.090	0.223	4.413	0.888	0.079	0.044	7.183	-4549.067
21	6	677	292	0.4704	0.078	0.079	0.021	0.000	0.005	0.019	0.253	0.052	0.047	0.058	2.970	0.956	0.000	0.014	4.119	-4101.307
21	6	696	301	0.4241	0.063	0.102	0.015	0.005	0.008	0.017	0.199	0.096	0.102	0.058	3.146	0.957	0.025	0.032	9.838	-4449.349
21	6	519	310	0.5043	0.066	0.227	0.050	0.012	0.006	0.039	0.367	0.099	0.099	0.127	2.863	0.891	0.057	0.027	1.322	-3914.051
21	6	925	534	0.5605	0.186	0.220	0.043	0.010	0.008	0.051	0.344	0.086	0.134	0.204	4.004	0.818	0.062	0.052	3.012	-7354.440
21	6	566	168	0.4555	0.020	0.015	0.012	0.000	0.002	0.006	0.089	0.041	0.032	0.034	3.576	0.653	0.000	0.042	1.000	-2990.291
21	6	768	301	0.5602	0.079	0.104	0.015	0.005	0.007	0.026	0.160	0.029	0.072	0.019	4.029	0.935	0.047	0.044	9.654	-4719.003
21	6	210	138	0.6280	0.092	0.245	0.003	0.010	0.010	0.044	0.604	0.000	0.110	0.065	2.979	0.727	0.036	0.042	1.000	-1509.267
21	6	457	316	0.6619	0.122	0.450	0.038	0.005	0.019	0.073	0.791	0.148	0.066	0.101	3.885	0.862	0.108	0.058	5.104	-3917.781
21	6	819	485	0.5087	0.119	0.168	0.035	0.009	0.002	0.047	0.399	0.067	0.125	0.116	3.498	0.838	0.155	0.087	21.061	-6383.301
21	6	502	321	0.4477	0.086	0.125	0.013	0.006	0.002	0.043	0.306	0.143	0.077	0.119	2.416	0.835	0.110	0.128	14.304	-3768.601
21	6	349	229	0.5495	0.099	0.277	0.043	0.006	0.006	0.021	0.340	0.093	0.067	0.061	3.612	0.791	0.112	0.085	10.294	-2625.437
21	6	288	217	0.5803	0.205	0.508	0.142	0.015	0.003	0.068	0.622	0.073	0.093	0.210	4.543	0.691	0.150	0.060	1.645	-2591.486
21	6	242	177	0.5526	0.090	0.434	0.079	0.013	0.000	0.032	0.317	0.087	0.116	0.080	5.659	0.713	0.124	0.066	4.626	-1941.093
21	6	1164	626	0.5084	0.082	0.133	0.024	0.004	0.013	0.045	0.365	0.131	0.107	0.119	2.952	0.857	0.105	0.064	5.574	-8828.798
21	6	400	242	0.4078	0.084	0.109	0.033	0.003	0.000	0.036	0.319	0.103	0.102	0.075	4.819	0.712	0.144	0.108	5.435	-2933.172
21	6	212	162	0.4460	0.129	0.297	0.007	0.015	0.010	0.051	0.340	0.142	0.069	0.078	3.244	0.779	0.107	0.098	5.960	-1676.649
21	6	386	174	0.4765	0.008	0.093	0.010	0.000	0.005	0.024	0.201	0.057	0.060	0.045	3.625	0.930	0.028	0.022	5.613	-2330.555
21	6	396	233	0.5994	0.161	0.061	0.018	0.000	0.003	0.050	0.295	0.159	0.152	0.184	4.869	0.795	0.051	0.057	1.000	-2880.936
21	6	377	250	0.5805	0.178	0.131	0.027	0.008	0.005	0.053	0.392	0.078	0.081	0.166	2.996	0.875	0.092	0.065	4.739	-2902.984
21	6	391	170	0.4044	0.061	0.080	0.007	0.000	0.003	0.020	0.198	0.071	0.049	0.076	2.939	0.947	0.012	0.023	7.250	-2326.294
21	6	334	215	0.4611	0.000	0.009	0.019	0.000	0.003	0.049	0.624	0.201	0.054	0.258	3.824	0.000	0.000	0.030	999.000	-2306.225
21	6	314	203	0.5643	0.040	0.268	0.015	0.006	0.004	0.030	0.290	0.099	0.098	0.077	2.840	0.742	0.117	0.047	2.614	-2292.644
21	6	237	207	0.4420	0.231	0.296	0.032	0.000	0.017	0.085	0.463	0.090	0.152	0.235	3.549	0.557	0.197	0.243	4.471	-2203.779
21	6	357	229	0.5227	0.107	0.239	0.028	0.012	0.014	0.036	0.408	0.093	0.135	0.115	3.237	0.747	0.144	0.037	1.401	-2809.180
21	6	449	327	0.5292	0.110	0.249	0.053	0.002	0.005	0.042	0.416	0.115	0.112	0.174	2.995	0.750	0.143	0.135	5.579	-3815.364
21	6	519	348	0.4075	0.090	0.280	0.017	0.004	0.006	0.041	0.507	0.148	0.110	0.161	3.758	0.680	0.246	0.116	8.956	-4398.868
21	6	443	180	0.6222	0.019	0.040	0.024	0.017	0.002	0.017	0.122	0.081	0.051	0.088	4.746	0.827	0.155	0.033	23.431	-2707.740
21	6	354	141	0.5655	0.015	0.065	0.000	0.005	0.006	0.018	0.069	0.015	0.014	0.025	2.159	0.877	0.099	0.000	5.892	-1864.094
21	6	455	331	0.4374	0.151	0.221	0.040	0.011	0.007	0.055	0.558	0.107	0.140	0.108	3.395	0.655	0.113	0.097	3.939	-3920.156
21	6	242	220	0.4294	0.146	0.911	0.064	0.022	0.009	0.022	0.947	0.139	0.165	0.168	3.331	0.295	0.395	0.121	13.199	-2506.848
21	6	851	478	0.5011	0.205	0.154	0.023	0.005	0.005	0.040	0.315	0.089	0.136	0.143	4.299	0.804	0.166	0.065	5.555	-6625.707
21	6	828	432	0.4622	0.116	0.148	0.021	0.005	0.008	0.057	0.240	0.085	0.080	0.165	2.631	0.871	0.079	0.056	1.891	-6123.547
21	6	422	256	0.5972	0.000	0.178	0.008	0.012	0.006	0.058	0.418	0.105	0.071	0.288	4.906	0.833	0.099	0.051	1.000	-3143.460
21	6	410	290	0.5353	0.116	0.214	0.017	0.005	0.002	0.066	0.323	0.196	0.100	0.137	3.638	0.697	0.203	0.106	3.099	-3438.312
21	6	308	258	0.5918	0.249	0.433	0.097	0.038	0.014	0.053	0.588	0.137	0.203	0.315	4.127	0.521	0.185	0.111	2.580	-3092.774
21	6	491	331	0.5803	0.146	0.108	0.022	0.006	0.007	0.050	0.430	0.136	0.105	0.217	4.214	0.824	0.143	0.093	6.098	-3898.430
21	6	883	335	0.5114	0.083	0.086	0.012	0.000	0.001	0.015	0.173	0.097	0.082	0.055	3.717	0.909	0.021	0.006	1.628	-5405.733
21	6	263	179	0.4759	0.111	0.215	0.000	0.000	0.004	0.016	0.514	0.259	0.110	0.034	3.348	0.864	0.096	0.033	25.792	-1935.599
21	6	297	179	0.4420	0.108	0.196	0.029	0.007	0.007	0.011	0.186	0.078	0.081	0.039	3.956	0.854	0.047	0.021	7.636	-1994.815
21	6	618	341	0.5229	0.069	0.168	0.035	0.008	0.008	0.053	0.283	0.120	0.074	0.135	2.881	0.883	0.045	0.066	1.899	-4608.692
21	6	689	380	0.5254	0.141	0.154	0.017	0.007	0.007	0.021	0.255	0.109	0.133	0.175	3.353	0.761	0.121	0.056	1.000	-5254.673
21	6	620	405	0.4418	0.138	0.160	0.025	0.008	0.007	0.042	0.402	0.120	0.103	0.198	3.570	0.680	0.169	0.163	2.482	-5226.372
21	6	691	451	0.5473	0.162	0.183	0.021	0.011	0.016	0.045	0.448	0.145	0.147	0.080	2.412	0.609	0.101	0.110	1.000	-5921.242
21	6	228	98	0.6251	0.037	0.000	0.013	0.000	0.000	0.000	0.032	0.004	0.009	0.053	5.610	1.000	0.000	0.182	5.956	-1079.742
21	6	763	455	0.6275	0.150	0.178	0.033	0.020	0.005	0.048	0.418	0.096	0.143	0.155	5.112	0.781	0.098	0.073	1.561	-6004.077
21	6	105	86	0.5474	0.092	0.502	0.027	0.028	0.000	0.076	0.185	0.000	0.080	0.112	7.949	0.676	0.026	0.173	11.021	-792.216
21	6	214	143	0.4683	0.066	0.039	0.021	0.010	0.005	0.004	0.242	0.115	0.101	0.056	4.163	0.888	0.040	0.055	1.000	-1392.628
21	6	304	228	0.5025	0.181	0.246	0.009	0.020	0.007	0.028	0.338	0.052	0.145	0.134	2.619	0.783	0.106	0.044	1.536	-2386.731
21	6	175	150	0.4908	0.137	0.421	0.030	0.018	0.005	0.059	0.312	0.082	0.232	0.164	2.888	0.678	0.171	0.130	9.761	-1563.722
21	6	446	310	0.5729	0.235	0.225	0.004	0.013	0.006	0.075	0.440	0.072	0.126	0.269	3.448	0.726	0.218	0.067	1.000	-3782.844
21	6	512	269	0.4486	0.081	0.109	0.038	0.004	0.008	0.004	0.319	0.064	0.177	0.096	5.259	0.745	0.111	0.040	1.186	-3628.384
21	6	133	118	0.5926	0.450	0.857	0.114	0.000	0.016	0.156	0.458	0.169	0.006	0.397	3.832	0.446	0.137	0.082	1.768	-1323.740
21	6	421	241	0.5907	0.049	0.179	0.016	0.000	0.015	0.054	0.211	0.066	0.129	0.101	5.427	0.938	0.012	0.042	3.018	-2811.088
21	6	264	163	0.5386	0.070	0.237	0.013	0.000	0.004	0.050	0.310	0.077	0.119	0.060	2.363	0.806	0.123	0.018	4.571	-1907.183
21	6	1224	536	0.5045	0.086	0.093	0.016	0.003	0.001	0.033	0.246	0.093	0.084	0.073	3.968	0.867	0.079	0.072	1.597	-8191.682
21	6	788	329	0.5357	0.096	0.107	0.015	0.005	0.005	0.023	0.225	0.059	0.084	0.059	3.222	0.917	0.035	0.012	1.355	-4972.929
21	6	583	380	0.5367	0.176	0.100	0.020	0.009	0.007	0.038	0.441	0.172	0.193	0.179	3.888	0.429	0.050	0.067	1.000	-4751.475
21	6	223	170	0.6802	0.171	0.057	0.061	0.009	0.009	0.103	0.711	0.120	0.120	0.253	3.755	0.000	0.000	0.049	1.000	-1854.069
21	6	138	129	0.5936	0.186	0.437	0.043	0.015	0.015	0.009	0.680	0.351	0.224	0.161	3.517	0.882	0.000	0.234	7.499	-1367.791
21	6	261	172	0.5345	0.099	0.115	0.022	0.008	0.004	0.018	0.303	0.062	0.051	0.085	2.344	0.620	0.022	0.065	1.588	-1823.804
21	6	783	469	0.4396	0.150	0.257	0.015	0.004	0.003	0.031	0.338	0.101	0.112	0.134	3.175	0.692	0.153	0.094	5.785	-6249.558
21	6	396	229	0.5498	0.167	0.088	0.023	0.010	0.011	0.020	0.302	0.069	0.097	0.159	3.676	0.944	0.022	0.036	11.015	-2756.958
21	6	376	171	0.5030	0.056	0.141	0.000	0.003	0.000	0.019	0.135	0.076	0.030	0.031	2.857	0.922	0.031	0.021	4.878	-2239.860
21	6	445	287	0.6653	0.243	0.311	0.032	0.005	0.007	0.061	0.967	0.105	0.116	0.204	6.051	0.787	0.142	0.028	3.662	-3656.356
21	6	472	191	0.4511	0.000	0.093	0.010	0.007	0.000	0.023	0.107	0.032	0.049	0.108	3.577	0.732	0.007	0.033	1.000	-2771.464
21	6	274	211	0.5206	0.153	0.386	0.039	0.010	0.015	0.077	0.397	0.073	0.101	0.154	2.404	0.782	0.110	0.140	6.783	-2404.236
21	6	636	261	0.5870	0.065	0.069	0.015	0.000	0.002	0.028	0.173	0.045	0.093	0.055	5.558	0.785	0.029	0.032	1.000	-3878.115
21	6	189	138	0.5367	0.067	0.290	0.000	0.011	0.005	0.051	0.469	0.021	0.113	0.093	3.394	0.751	0.057	0.080	2.075	-1381.479
21	6	515	318	0.4782	0.055	0.124	0.022	0.008	0.010	0.032	0.387	0.145	0.107	0.123	3.034	0.679	0.101	0.082	1.934	-3972.210
21	6	1142	427	0.4598	0.046	0.103	0.019	0.006	0.004	0.028	0.201	0.064	0.065	0.074	3.670	0.825	0.102	0.065	2.574	-7483.476
21	6	381	236	0.5359	0.053	0.240	0.007	0.012	0.002	0.046	0.236	0.076	0.036	0.072	4.993	0.733	0.081	0.023	1.658	-2640.890
21	6	348	152	0.5342	0.000	0.091	0.011	0.000	0.000	0.022	0.070	0.054	0.040	0.036	3.445	0.863	0.000	0.090	2.551	-1958.117
21	6	337	236	0.5981	0.155	0.220	0.039	0.010	0.009	0.036	0.448	0.136	0.042	0.110	3.366	0.724	0.122	0.069	3.581	-2655.124
21	6	669	408	0.6438	0.096	0.451	0.064	0.012	0.001	0.052	0.534	0.079	0.081	0.142	4.031	0.908	0.051	0.031	10.681	-5130.363
21	6	298	235	0.5204	0.224	0.379	0.033	0.006	0.022	0.068	0.502	0.070	0.155	0.206	3.544	0.743	0.207	0.085	4.935	-2648.060
21	6	452	310	0.5339	0.102	0.269	0.048	0.014	0.004	0.054	0.303	0.100	0.096	0.110	3.896	0.629	0.254	0.190	5.473	-3724.257
21	6	363	216	0.6220	0.111	0.059	0.018	0.023	0.003	0.040	0.290	0.037	0.081	0.153	3.289	0.986	0.014	0.074	1.000	-2503.100
21	6	657	338	0.5135	0.144	0.075	0.029	0.006	0.003	0.034	0.247	0.089	0.079	0.146	3.576	0.933	0.052	0.043	16.403	-4576.861
21	6	183	136	0.5036	0.114	0.168	0.070	0.004	0.018	0.000	0.329	0.062	0.104	0.062	2.074	0.337	0.003	0.111	1.000	-1352.917
21	6	320	187	0.5482	0.108	0.189	0.011	0.003	0.006	0.040	0.190	0.062	0.082	0.113	4.302	0.777	0.017	0.020	1.000	-2099.304
21	6	407	140	0.4955	0.000	0.088	0.000	0.003	0.000	0.010	0.075	0.030	0.060	0.013	3.423	0.893	0.000	0.091	5.495	-2158.768
21	6	880	411	0.4446	0.067	0.093	0.012	0.012	0.009	0.029	0.209	0.073	0.078	0.085	2.427	0.931	0.042	0.051	3.151	-5852.551
21	6	380	261	0.5125	0.110	0.196	0.030	0.016	0.005	0.028	0.609	0.149	0.115	0.128	3.146	0.831	0.034	0.074	1.000	-3069.610
21	6	497	335	0.6059	0.108	2.799	0.061	0.000	0.000	0.040	0.421	0.107	0.130	0.120	5.919	0.709	0.197	0.066	100.024	-4086.742
21	6	339	198	0.5051	0.083	0.052	0.012	0.009	0.000	0.050	0.344	0.084	0.026	0.104	5.017	0.963	0.037	0.047	1.000	-2245.653
21	6	1055	678	0.4102	0.103	0.200	0.031	0.005	0.007	0.040	0.510	0.145	0.171	0.128	3.855	0.738	0.194	0.117	7.355	-8826.047
21	6	159	118	0.4303	0.060	0.073	0.017	0.006	0.000	0.023	0.358	0.024	0.065	0.089	2.658	0.591	0.013	0.049	1.000	-993.240
21	6	214	169	0.6449	0.154	0.266	0.067	0.013	0.028	0.076	0.329	0.103	0.038	0.120	4.898	0.770	0.061	0.048	3.579	-1660.416
21	6	459	191	0.5007	0.010	0.101	0.010	0.014	0.000	0.015	0.123	0.043	0.049	0.033	2.830	0.906	0.004	0.045	1.650	-2641.750
21	6	497	246	0.6204	0.057	0.213	0.019	0.013	0.009	0.067	0.243	0.101	0.032	0.120	5.059	0.883	0.005	0.009	1.327	-3093.424
21	6	470	354	0.6505	0.390	0.231	0.040	0.015	0.000	0.072	0.798	0.076	0.110	0.362	3.924	0.910	0.085	0.081	1.000	-3962.204
21	6	527	334	0.4380	0.144	0.221	0.012	0.009	0.004	0.058	0.447	0.149	0.221	0.096	3.347	0.748	0.199	0.032	6.928	-4299.836
21	6	333	166	0.4344	0.004	0.093	0.017	0.006	0.003	0.012	0.175	0.075	0.066	0.044	6.128	0.688	0.018	0.068	1.641	-2010.452
21	6	603	387	0.4474	0.118	0.183	0.041	0.016	0.007	0.024	0.448	0.081	0.182	0.157	2.938	0.702	0.171	0.077	1.688	-5026.285
21	6	402	295	0.6403	0.185	0.317	0.026	0.008	0.014	0.117	0.718	0.219	0.109	0.209	4.590	0.818	0.121	0.103	6.382	-3598.275
21	6	381	323	0.6482	0.082	0.882	0.067	0.012	0.013	0.098	1.055	0.223	0.217	0.107	3.635	0.705	0.214	0.085	7.087	-3832.647
21	6	342	220	0.4552	0.119	0.050	0.017	0.006	0.000	0.027	0.366	0.134	0.119	0.106	1.670	0.565	0.012	0.050	1.000	-2452.639
21	6	449	286	0.5544	0.106	0.211	0.019	0.005	0.005	0.027	0.296	0.147	0.127	0.134	3.650	0.873	0.121	0.102	4.756	-3524.347
21	6	623	257	0.4504	0.039	0.077	0.010	0.003	0.000	0.033	0.184	0.089	0.077	0.022	2.979	0.919	0.030	0.025	2.856	-3809.519
21	6	304	192	0.6151	0.148	0.247	0.054	0.000	0.010	0.112	0.225	0.049	0.074	0.117	4.882	0.790	0.079	0.043	1.894	-2263.361
21	6	281	192	0.6301	0.144	0.248	0.027	0.013	0.039	0.033	0.318	0.093	0.041	0.079	4.868	0.306	0.186	0.010	3.280	-2225.373
21	6	251	174	0.5358	0.119	0.101	0.012	0.000	0.004	0.041	0.343	0.063	0.100	0.093	3.484	0.793	0.111	0.000	4.694	-1757.040
21	6	437	304	0.4175	0.104	0.219	0.024	0.005	0.009	0.045	0.455	0.203	0.136	0.104	3.019	0.724	0.133	0.079	2.459	-3640.115
21	6	278	226	0.6256	0.188	0.452	0.052	0.019	0.000	0.049	0.320	0.138	0.126	0.214	3.820	0.788	0.094	0.166	8.916	-2466.958
21	6	326	188	0.3897	0.085	0.178	0.042	0.003	0.000	0.003	0.231	0.133	0.088	0.050	3.240	0.880	0.062	0.014	5.228	-2162.523
21	6	329	275	0.5424	0.200	0.845	0.103	0.016	0.006	0.070	1.526	0.245	0.203	0.261	3.554	0.653	0.154	0.095	12.443	-3424.343
21	6	680	269	0.5288	0.055	0.097	0.012	0.003	0.004	0.022	0.166	0.070	0.033	0.047	5.096	0.941	0.033	0.070	6.932	-4194.055
21	6	192	164	0.5123	0.241	0.360	0.045	0.000	0.011	0.032	0.296	0.091	0.134	0.206	4.250	0.715	0.194	0.133	8.687	-1633.615
21	6	661	314	0.4487	0.108	0.156	0.013	0.008	0.003	0.027	0.296	0.121	0.040	0.058	2.544	0.911	0.023	0.013	2.390	-4364.173
21	6	300	198	0.5876	0.114	0.155	0.040	0.000	0.007	0.027	0.187	0.109	0.083	0.115	3.402	0.504	0.100	0.017	2.302	-2176.170
21	6	334	230	0.5849	0.029	0.202	0.060	0.008	0.011	0.073	0.403	0.152	0.083	0.114	3.537	0.661	0.114	0.026	1.545	-2645.400
21	6	209	159	0.6248	0.164	0.109	0.035	0.000	0.005	0.036	0.458	0.116	0.079	0.181	2.563	0.000	0.000	0.125	1.047	-1656.010
21	6	583	324	0.4351	0.072	0.125	0.016	0.007	0.005	0.019	0.311	0.123	0.189	0.034	2.661	0.845	0.150	0.087	25.172	-4337.372
21	6	918	505	0.6356	0.119	0.207	0.060	0.013	0.023	0.048	0.350	0.098	0.092	0.145	4.710	0.811	0.142	0.069	1.692	-7337.656
21	6	352	161	0.6572	0.034	0.083	0.008	0.006	0.006	0.037	0.318	0.017	0.055	0.071	3.179	0.916	0.023	0.026	1.950	-2057.430
21	6	1107	586	0.4866	0.190	0.200	0.029	0.010	0.008	0.028	0.366	0.121	0.125	0.262	3.432	0.941	0.044	0.045	9.052	-8619.035
21	6	564	339	0.4040	0.075	0.130	0.013	0.012	0.005	0.043	0.483	0.142	0.137	0.119	3.437	0.661	0.095	0.076	1.000	-4425.374
21	6	454	282	0.5018	0.125	0.155	0.015	0.001	0.006	0.041	0.293	0.079	0.110	0.157	3.810	0.729	0.113	0.059	3.436	-3409.672
21	6	425	251	0.6019	0.210	0.226	0.005	0.005	0.000	0.072	0.239	0.033	0.070	0.281	2.476	0.889	0.028	0.041	1.000	-3010.153
21	6	1176	469	0.4792	0.126	0.077	0.011	0.004	0.004	0.017	0.233	0.092	0.070	0.000	3.715	0.967	0.033	0.105	1.000	-7722.184
21	6	531	336	0.5277	0.102	0.173	0.028	0.008	0.004	0.031	0.451	0.105	0.087	0.094	3.965	0.890	0.086	0.061	4.500	-3966.587
21	6	541	277	0.4109	0.024	0.114	0.017	0.002	0.008	0.040	0.244	0.092	0.082	0.064	3.636	0.850	0.051	0.058	1.000	-3611.988
21	6	323	276	0.4723	0.161	0.228	0.036	0.012	0.023	0.087	0.764	0.158	0.204	0.169	4.772	0.480	0.255	0.190	7.248	-3144.173
21	6	482	337	0.6671	0.317	0.301	0.028	0.012	0.023	0.088	0.535	0.141	0.082	0.314	5.994	0.786	0.135	0.056	1.000	-4091.121
21	6	280	220	0.6267	0.245	0.295	0.046	0.004	0.003	0.046	0.418	0.115	0.150	0.226	4.935	0.638	0.168	0.096	1.832	-2413.372
21	6	989	594	0.5316	0.174	0.160	0.027	0.009	0.010	0.052	0.403	0.095	0.113	0.153	5.541	0.689	0.245	0.101	4.850	-7829.180
21	6	304	220	0.5596	0.113	0.125	0.009	0.008	0.008	0.073	0.404	0.159	0.159	0.069	2.286	0.746	0.082	0.072	1.000	-2458.503
21	6	415	238	0.4875	0.078	0.101	0.018	0.003	0.007	0.030	0.316	0.117	0.085	0.124	2.870	0.619	0.018	0.043	1.000	-2854.735
21	6	338	252	0.4386	0.071	0.651	0.026	0.019	0.027	0.038	0.564	0.142	0.070	0.134	3.981	0.460	0.273	0.052	7.078	-3056.063
21	6	386	160	0.6368	0.064	0.085	0.046	0.008	0.000	0.007	0.194	0.093	0.003	0.010	5.638	0.811	0.017	0.012	1.000	-2182.646
21	6	285	185	0.5573	0.086	0.170	0.049	0.004	0.007	0.015	0.210	0.088	0.075	0.107	3.581	0.750	0.049	0.044	1.583	-1985.476
21	6	346	304	0.5616	0.235	0.820	0.052	0.018	0.015	0.081	0.788	0.164	0.080	0.244	4.540	0.507	0.347	0.052	5.808	-3484.191
21	6	1643	999	0.3831	0.143	0.158	0.032	0.009	0.006	0.052	0.560	0.145	0.156	0.207	3.017	0.723	0.246	0.144	4.023	-14432.711
21	6	434	319	0.5456	0.202	0.163	0.000	0.012	0.007	0.037	0.463	0.121	0.184	0.131	4.167	0.832	0.153	0.176	1.000	-3607.244
21	6	297	194	0.5219	0.171	0.052	0.003	0.007	0.003	0.038	0.316	0.132	0.167	0.077	3.299	0.957	0.043	0.031	1.000	-2089.885
21	6	293	224	0.5682	0.501	0.196	0.000	0.030	0.013	0.115	0.519	0.118	0.131	0.517	5.541	0.566	0.227	0.026	8.800	-2638.706
21	6	490	311	0.5275	0.133	0.244	0.031	0.007	0.016	0.067	0.375	0.110	0.130	0.074	3.667	0.855	0.108	0.062	5.947	-3907.833
21	6	427	247	0.5110	0.062	0.156	0.033	0.009	0.007	0.021	0.233	0.078	0.051	0.128	3.043	0.858	0.103	0.021	5.463	-2945.438
21	6	417	239	0.5606	0.091	0.103	0.033	0.019	0.008	0.058	0.335	0.041	0.099	0.097	4.202	0.883	0.082	0.058	1.000	-2984.959
21	6	496	193	0.5279	0.051	0.069	0.005	0.000	0.004	0.008	0.078	0.056	0.066	0.064	4.729	0.910	0.060	0.000	6.478	-2814.209
21	6	777	403	0.6035	0.125	0.224	0.047	0.011	0.006	0.053	0.326	0.105	0.087	0.133	5.417	0.883	0.089	0.028	2.624	-5687.730
21	6	636	264	0.4308	0.060	0.082	0.019	0.002	0.006	0.030	0.221	0.037	0.073	0.067	2.978	0.928	0.024	0.017	4.180	-3960.422
21	6	363	275	0.6036	0.105	0.348	0.059	0.003	0.005	0.085	0.618	0.174	0.088	0.156	3.442	0.679	0.138	0.069	2.475	-3203.687
21	6	160	109	0.5354	0.070	0.112	0.000	0.000	0.000	0.040	0.249	0.110	0.078	0.026	4.606	0.785	0.000	0.056	5.162	-1037.681
21	6	404	246	0.6283	0.139	0.437	0.003	0.003	0.008	0.025	0.159	0.129	0.088	0.106	5.740	0.884	0.022	0.051	18.350	-2858.332
21	6	470	303	0.4750	0.079	1.479	0.014	0.007	0.000	0.026	0.404	0.078	0.169	0.163	3.270	0.894	0.102	0.053	999.000	-3549.884
21	6	451	288	0.4301	0.082	0.196	0.015	0.004	0.007	0.013	0.476	0.133	0.109	0.086	3.432	0.895	0.075	0.130	10.766	-3485.896
21	6	247	213	0.5342	0.177	0.305	0.049	0.006	0.019	0.059	0.572	0.159	0.127	0.226	3.852	0.150	0.055	0.090	1.424	-2323.256
21	6	327	180	0.5887	0.139	0.122	0.025	0.013	0.006	0.020	0.256	0.053	0.131	0.170	5.875	0.912	0.035	0.019	1.000	-2157.281
21	6	264	212	0.4621	0.196	0.241	0.063	0.004	0.004	0.052	0.542	0.182	0.110	0.181	3.533	0.541	0.099	0.093	1.755	-2326.740
21	6	302	110	0.4570	0.040	0.039	0.003	0.003	0.000	0.014	0.104	0.007	0.027	0.001	4.006	0.746	0.024	0.049	1.391	-1584.372
21	6	553	326	0.6107	0.139	0.161	0.022	0.007	0.002	0.052	0.375	0.085	0.085	0.050	4.825	0.821	0.051	0.039	2.069	-3885.805
21	6	254	218	0.5099	0.188	0.503	0.044	0.012	0.021	0.060	0.674	0.088	0.170	0.226	5.037	0.425	0.198	0.107	8.212	-2443.691
21	6	317	183	0.6506	0.015	0.369	0.019	0.004	0.003	0.104	0.367	0.053	0.069	0.061	8.392	0.864	0.095	0.022	5.606	-2153.099
21	6	200	153	0.4183	0.037	0.423	0.032	0.000	0.000	0.085	0.477	0.126	0.095	0.023	4.558	0.484	0.203	0.015	5.749	-1587.983
21	6	285	202	0.5360	0.104	0.140	0.029	0.004	0.007	0.044	0.392	0.101	0.087	0.104	4.054	0.694	0.102	0.062	2.584	-2154.257
21	6	543	312	0.6049	0.135	0.156	0.034	0.004	0.012	0.045	0.341	0.066	0.077	0.120	3.523	0.826	0.109	0.034	3.959	-3974.944
21	6	365	247	0.5304	0.088	0.236	0.021	0.003	0.008	0.031	0.229	0.119	0.087	0.087	3.292	0.837	0.025	0.132	4.269	-2733.748
21	6	306	193	0.6999	0.066	0.246	0.043	0.007	0.014	0.037	0.369	0.095	0.103	0.099	3.937	0.800	0.062	0.058	1.000	-2244.029
21	6	332	260	0.6294	0.212	0.531	0.000	0.080	0.104	0.088	0.617	0.087	0.163	0.177	5.836	0.676	0.193	0.066	3.252	-2994.076
21	6	353	239	0.5240	0.074	0.177	0.001	0.006	0.012	0.043	0.499	0.101	0.094	0.152	3.823	0.836	0.107	0.053	6.325	-2713.169
21	6	349	177	0.4502	0.059	0.566	0.033	0.000	0.006	0.003	0.157	0.025	0.009	0.006	3.455	0.716	0.141	0.022	35.252	-2195.466
21	6	738	486	0.4697	0.058	0.098	0.028	0.006	0.005	0.034	0.676	0.131	0.234	0.104	3.881	0.774	0.174	0.127	1.000	-6137.542
21	6	591	425	0.4204	0.126	0.244	0.022	0.032	0.007	0.046	0.612	0.220	0.109	0.102	3.531	0.785	0.211	0.198	16.074	-5150.817
21	6	385	292	0.5156	0.170	0.192	0.038	0.005	0.008	0.053	0.305	0.246	0.173	0.155	3.939	0.689	0.193	0.168	4.855	-3410.316
21	6	282	187	0.4598	0.227	0.146	0.014	0.007	0.000	0.027	0.654	0.073	0.074	0.224	3.410	0.844	0.076	0.056	14.352	-2144.777
21	6	197	163	0.4589	0.101	0.190	0.046	0.026	0.000	0.030	0.752	0.160	0.091	0.068	4.318	0.607	0.179	0.077	3.900	-1674.898
21	6	287	233	0.6080	0.344	0.268	0.076	0.011	0.021	0.048	0.421	0.123	0.106	0.290	2.990	0.777	0.056	0.134	4.426	-2611.643
21	6	269	216	0.5113	0.191	0.230	0.018	0.012	0.008	0.045	0.313	0.132	0.123	0.216	4.755	0.493	0.122	0.156	3.002	-2269.045
21	6	244	166	0.6759	0.109	0.163	0.013	0.022	0.005	0.015	0.433	0.006	0.230	0.110	4.324	0.759	0.053	0.033	1.000	-1724.196
21	6	953	588	0.4089	0.098	0.203	0.022	0.013	0.011	0.023	0.320	0.133	0.184	0.159	3.986	0.626	0.290	0.087	4.153	-7786.341
21	6	302	179	0.6813	0.113	0.273	0.043	0.010	0.010	0.030	0.205	0.085	0.057	0.130	4.590	0.854	0.019	0.073	2.313	-2105.659
21	6	312	240	0.4359	0.108	0.296	0.010	0.006	0.007	0.085	0.590	0.177	0.144	0.178	3.824	0.418	0.376	0.032	6.346	-2860.738
21	6	319	192	0.4713	0.062	0.076	0.014	0.009	0.011	0.021	0.274	0.070	0.171	0.107	4.031	0.405	0.023	0.010	1.000	-2165.819
21	6	616	250	0.4634	0.060	0.063	0.013	0.000	0.008	0.014	0.202	0.045	0.033	0.016	5.547	0.779	0.014	0.052	1.000	-3602.908
21	6	429	327	0.4088	0.300	0.207	0.036	0.005	0.010	0.022	0.482	0.121	0.155	0.294	3.540	0.676	0.152	0.131	2.123	-3834.480
21	6	548	258	0.4037	0.044	0.087	0.010	0.001	0.005	0.026	0.197	0.100	0.067	0.103	2.870	0.857	0.042	0.043	1.000	-3530.933
21	6	315	208	0.7381	0.084	0.391	0.050	0.026	0.006	0.070	0.309	0.134	0.178	0.134	5.005	0.870	0.088	0.082	12.930	-2472.543
21	6	491	280	0.5060	0.054	0.167	0.024	0.015	0.002	0.047	0.223	0.059	0.121	0.106	3.770	0.786	0.111	0.074	1.000	-3560.138
21	6	654	243	0.4189	0.060	0.075	0.009	0.002	0.000	0.019	0.159	0.045	0.128	0.005	2.587	0.860	0.022	0.019	1.000	-3825.581
21	6	481	192	0.4730	0.085	0.053	0.013	0.002	0.000	0.011	0.153	0.054	0.039	0.015	1.794	0.935	0.028	0.018	5.714	-2809.021
21	6	341	266	0.5389	0.192	0.265	0.028	0.020	0.013	0.069	0.464	0.146	0.090	0.191	3.212	0.498	0.081	0.094	1.000	-3017.002
21	6	144	114	0.5135	0.117	0.679	0.055	0.000	0.014	0.024	0.175	0.056	0.185	0.087	3.430	0.666	0.245	0.108	12.770	-1183.783
21	6	137	126	0.4688	0.253	0.084	0.023	0.007	0.000	0.022	0.917	0.114	0.260	0.303	3.979	0.000	0.000	0.150	999.000	-1257.323
21	6	987	538	0.5011	0.169	0.193	0.028	0.007	0.006	0.045	0.415	0.114	0.084	0.188	2.295	0.900	0.074	0.073	1.000	-7785.085
21	6	150	121	0.4713	0.123	0.251	0.014	0.020	0.000	0.000	0.387	0.111	0.044	0.074	11.297	0.513	0.055	0.067	26.057	-1081.654
21	6	252	166	0.4101	0.100	0.260	0.023	0.004	0.000	0.034	0.285	0.030	0.041	0.125	4.965	0.813	0.069	0.105	10.096	-1787.177
21	6	579	368	0.4544	0.089	0.251	0.023	0.007	0.008	0.023	0.327	0.128	0.111	0.108	3.604	0.766	0.216	0.060	10.554	-4430.253
21	6	254	189	0.4650	0.051	0.379	0.020	0.008	0.004	0.035	0.346	0.139	0.142	0.120	3.484	0.804	0.102	0.059	5.439	-2030.126
21	6	1442	631	0.5160	0.105	0.133	0.025	0.009	0.007	0.031	0.339	0.118	0.100	0.076	3.060	0.872	0.066	0.063	1.894	-10490.163
21	6	175	153	0.3907	0.163	0.711	0.052	0.019	0.011	0.065	0.653	0.122	0.243	0.228	5.359	0.310	0.295	0.063	5.801	-1636.786
21	6	226	140	0.4739	0.105	0.178	0.015	0.000	0.000	0.022	0.150	0.121	0.095	0.037	5.088	0.862	0.067	0.005	3.827	-1472.724
21	6	378	292	0.6386	0.250	0.627	0.080	0.013	0.028	0.104	0.943	0.110	0.142	0.244	6.634	0.840	0.084	0.070	3.865	-3467.152
21	6	187	162	0.4745	0.185	11.224	0.012	0.006	0.011	0.067	0.273	0.154	0.077	0.155	4.909	0.637	0.132	0.069	115.720	-1678.173
21	6	202	148	0.5952	0.071	0.378	0.041	0.011	0.005	0.039	0.357	0.072	0.050	0.138	5.337	0.534	0.102	0.104	1.648	-1584.645
21	6	172	119	0.4583	0.163	0.043	0.037	0.006	0.012	0.013	0.360	0.057	0.117	0.079	1.921	0.778	0.050	0.040	1.473	-1191.569
21	6	148	121	0.5927	0.254	0.027	0.029	0.021	0.000	0.042	0.618	0.206	0.078	0.212	2.227	0.000	0.000	0.097	999.000	-1273.543
21	6	601	391	0.4291	0.096	0.218	0.029	0.023	0.016	0.065	0.335	0.138	0.134	0.166	2.891	0.753	0.126	0.109	2.826	-5038.153
21	6	154	131	0.4510	0.052	0.407	0.036	0.000	0.013	0.084	0.436	0.129	0.268	0.145	4.466	0.559	0.263	0.006	1.557	-1333.435
21	6	111	72	0.5956	0.059	0.079	0.000	0.000	0.000	0.009	0.115	0.006	0.040	0.117	5.897	0.629	0.000	0.067	1.000	-619.494
21	6	241	172	0.4347	0.101	0.273	0.018	0.000	0.000	0.038	0.321	0.077	0.099	0.113	3.728	0.572	0.171	0.068	2.055	-1884.486
21	6	312	247	0.5935	0.133	0.264	0.013	0.003	0.000	0.034	0.515	0.174	0.154	0.122	5.703	0.286	0.553	0.000	11.213	-2689.973
21	6	145	127	0.6438	0.738	1.561	0.005	0.036	0.003	0.116	0.435	0.082	0.085	0.739	5.391	0.553	0.250	0.042	5.226	-1392.682
21	6	312	245	0.7318	0.251	0.633	0.061	0.000	0.092	0.046	1.130	0.125	0.117	0.231	10.141	0.781	0.153	0.047	4.207	-2656.144
21	6	232	160	0.5943	0.089	0.181	0.013	0.004	0.014	0.029	0.449	0.092	0.063	0.137	2.651	0.813	0.081	0.054	2.390	-1728.334
21	6	422	248	0.5849	0.149	0.250	0.034	0.000	0.005	0.045	0.247	0.037	0.074	0.090	4.168	0.887	0.012	0.038	3.207	-2905.725
