1	6	435	272	0.5123	0.074	0.130	0.034	0.009	0.002	0.061	0.299	0.080	0.106	0.147	4.399	0.660	0.273	0.043	-3341.700
21	6	236	132	0.4400	0.000	0.050	0.044	0.005	0.000	0.033	0.190	0.046	0.100	0.064	2.468	0.848	0.047	0.027	-1466.259
21	6	286	176	0.4578	0.164	0.177	0.006	0.004	0.004	0.019	0.484	0.027	0.042	0.162	1.999	0.922	0.078	0.019	-1884.759
21	6	866	334	0.5401	0.062	0.065	0.019	0.001	0.004	0.029	0.167	0.038	0.051	0.129	4.328	0.927	0.073	0.011	-5303.007
21	6	273	188	0.4225	0.082	0.105	0.029	0.008	0.000	0.029	0.451	0.133	0.175	0.139	4.438	0.747	0.126	0.063	-2114.652
21	6	306	258	0.6316	0.195	0.210	0.044	0.027	0.011	0.074	0.559	0.165	0.165	0.249	4.101	0.668	0.124	0.197	-2908.085
21	6	787	383	0.4543	0.096	0.056	0.009	0.005	0.003	0.021	0.350	0.086	0.105	0.026	3.512	0.831	0.057	0.102	-5415.477
21	6	695	338	0.4812	0.029	0.111	0.008	0.004	0.005	0.020	0.394	0.110	0.099	0.099	3.480	0.959	0.041	0.038	-4765.953
21	6	878	542	0.3816	0.139	0.142	0.028	0.009	0.004	0.052	0.689	0.127	0.173	0.138	3.416	0.499	0.287	0.105	-7603.036
21	6	335	251	0.4618	0.184	0.262	0.031	0.009	0.013	0.067	0.277	0.272	0.013	0.148	2.860	0.575	0.238	0.071	-2678.554
21	6	330	182	0.4408	0.055	0.070	0.003	0.016	0.003	0.040	0.395	0.052	0.094	0.072	2.919	0.937	0.063	0.045	-2209.796
21	6	318	150	0.4160	0.000	0.056	0.001	0.007	0.003	0.013	0.123	0.110	0.033	0.073	3.365	0.850	0.000	0.062	-1843.512
21	6	1543	608	0.5598	0.145	0.118	0.026	0.008	0.005	0.030	0.282	0.067	0.083	0.056	3.218	0.973	0.027	0.027	-10297.659
21	6	467	233	0.6109	0.053	0.063	0.019	0.013	0.003	0.041	0.289	0.070	0.072	0.085	5.749	0.971	0.029	0.059	-3047.322
21	6	305	235	0.4106	0.128	0.259	0.042	0.013	0.030	0.023	0.472	0.072	0.145	0.143	3.346	0.732	0.134	0.086	-2521.505
21	6	294	177	0.5533	0.042	0.149	0.040	0.007	0.004	0.017	0.224	0.116	0.058	0.124	2.546	0.872	0.018	0.080	-2069.379
21	6	465	341	0.3948	0.156	0.154	0.053	0.004	0.013	0.013	0.773	0.229	0.177	0.182	2.730	0.484	0.343	0.088	-4197.174
21	6	300	183	0.5733	0.075	0.058	0.031	0.020	0.000	0.028	0.321	0.117	0.070	0.115	3.978	0.908	0.092	0.078	-2144.457
21	6	186	152	0.5398	0.195	0.219	0.112	0.019	0.009	0.099	0.773	0.022	0.180	0.172	5.465	0.826	0.174	0.082	-1606.250
21	6	509	317	0.6370	0.157	0.171	0.046	0.009	0.006	0.037	0.308	0.071	0.078	0.159	4.319	0.785	0.112	0.085	-3843.036
21	6	173	129	0.4468	0.087	0.030	0.037	0.006	0.000	0.036	0.551	0.209	0.000	0.080	2.862	0.868	0.052	0.055	-1212.863
21	6	474	289	0.5564	0.079	0.085	0.034	0.009	0.004	0.033	0.340	0.175	0.130	0.027	3.573	0.831	0.169	0.113	-3573.731
21	6	381	244	0.4927	0.106	0.112	0.015	0.013	0.008	0.033	0.337	0.050	0.102	0.129	3.517	0.744	0.107	0.080	-2813.633
21	6	448	259	0.4669	0.031	0.074	0.022	0.002	0.002	0.022	0.424	0.156	0.098	0.158	3.162	0.965	0.035	0.052	-3179.887
21	6	798	325	0.5244	0.084	0.102	0.014	0.002	0.004	0.030	0.211	0.089	0.051	0.049	3.667	0.973	0.027	0.042	-4802.895
21	6	200	112	0.5606	0.064	0.166	0.003	0.000	0.000	0.036	0.307	0.067	0.106	0.040	4.600	0.812	0.065	0.000	-1214.179
21	6	401	276	0.6433	0.213	0.144	0.037	0.011	0.023	0.099	0.393	0.178	0.116	0.162	4.501	0.880	0.120	0.076	-3330.310
21	6	940	577	0.4546	0.175	0.137	0.031	0.008	0.008	0.039	0.602	0.131	0.113	0.115	3.508	0.735	0.106	0.093	-7774.698
21	6	308	175	0.4340	0.042	0.052	0.018	0.000	0.010	0.019	0.320	0.014	0.189	0.052	4.783	0.699	0.130	0.033	-2066.403
21	6	317	180	0.4301	0.072	0.107	0.012	0.006	0.003	0.017	0.266	0.103	0.054	0.000	1.958	0.996	0.004	0.067	-2034.698
21	6	371	180	0.5400	0.067	0.049	0.010	0.006	0.003	0.032	0.229	0.031	0.050	0.054	3.793	0.859	0.010	0.045	-2276.586
21	6	972	440	0.4197	0.099	0.082	0.023	0.010	0.004	0.033	0.307	0.086	0.048	0.086	4.106	0.733	0.132	0.082	-6784.083
21	6	385	239	0.4411	0.076	0.091	0.026	0.004	0.007	0.040	0.690	0.095	0.161	0.053	3.961	0.903	0.097	0.055	-2856.531
21	6	562	309	0.4238	0.133	0.072	0.028	0.005	0.004	0.028	0.219	0.097	0.120	0.112	3.207	0.859	0.115	0.064	-4002.916
21	6	439	328	0.5207	0.201	0.170	0.045	0.019	0.009	0.069	0.697	0.164	0.145	0.145	3.268	0.329	0.338	0.021	-4167.995
21	6	144	60	0.6497	0.000	0.007	0.022	0.000	0.000	0.007	0.036	0.043	0.006	0.000	9.924	1.000	0.000	0.218	-659.968
21	6	476	314	0.6093	0.212	0.283	0.092	0.026	0.001	0.056	0.725	0.099	0.147	0.287	7.572	0.879	0.097	0.041	-3871.805
21	6	344	176	0.4226	0.070	0.062	0.039	0.012	0.000	0.029	0.213	0.055	0.130	0.053	3.066	0.816	0.184	0.053	-2310.978
21	6	220	144	0.5999	0.129	0.090	0.042	0.000	0.005	0.020	0.224	0.021	0.108	0.126	5.073	0.452	0.063	0.092	-1521.096
21	6	2057	662	0.5129	0.152	0.123	0.021	0.006	0.007	0.029	0.219	0.085	0.093	0.109	2.100	0.992	0.008	0.009	-13142.248
21	6	316	268	0.4032	0.184	0.316	0.042	0.010	0.010	0.052	0.618	0.181	0.167	0.231	3.261	0.414	0.283	0.113	-3050.829
21	6	256	182	0.5432	0.233	0.108	0.011	0.008	0.000	0.070	0.521	0.162	0.030	0.248	3.620	0.767	0.216	0.080	-2105.053
21	6	309	218	0.5255	0.213	0.129	0.024	0.010	0.003	0.048	0.313	0.073	0.074	0.225	3.153	0.907	0.093	0.084	-2378.319
21	6	206	174	0.5677	0.338	0.292	0.011	0.025	0.000	0.051	0.729	0.122	0.175	0.254	4.175	0.654	0.020	0.120	-1814.117
21	6	578	431	0.5313	0.229	0.293	0.054	0.009	0.024	0.083	0.525	0.161	0.165	0.153	3.643	0.701	0.095	0.132	-5411.171
21	6	115	101	0.6768	0.628	1.210	0.120	0.000	0.009	0.000	0.502	0.000	0.198	0.575	9.079	0.327	0.380	0.037	-1072.672
21	6	252	234	0.6078	0.508	0.482	0.088	0.018	0.016	0.073	0.726	0.092	0.251	0.490	5.332	0.293	0.284	0.192	-2554.318
21	6	949	393	0.5709	0.108	0.167	0.024	0.011	0.010	0.026	0.224	0.087	0.070	0.160	3.067	0.953	0.030	0.023	-6335.739
21	6	209	167	0.5963	0.116	0.079	0.000	0.029	0.005	0.117	0.511	0.051	0.131	0.118	3.618	0.872	0.065	0.174	-1692.255
21	6	449	278	0.6382	0.140	0.113	0.019	0.009	0.020	0.069	0.539	0.080	0.095	0.130	3.273	0.799	0.039	0.042	-3356.048
21	6	626	338	0.6499	0.153	0.226	0.048	0.003	0.018	0.056	0.253	0.040	0.058	0.096	5.158	0.914	0.046	0.039	-4368.490
21	6	732	411	0.4559	0.087	0.114	0.024	0.008	0.006	0.012	0.335	0.128	0.162	0.121	3.756	0.856	0.137	0.069	-5468.065
21	6	181	124	0.6065	0.316	0.005	0.000	0.000	0.005	0.063	0.427	0.048	0.063	0.260	4.730	0.861	0.139	0.054	-1321.322
21	6	1027	416	0.5485	0.058	0.111	0.018	0.009	0.002	0.032	0.240	0.059	0.071	0.080	3.105	0.970	0.030	0.031	-6667.164
21	6	159	115	0.4410	0.118	0.065	0.013	0.013	0.000	0.013	0.206	0.029	0.095	0.058	3.451	0.940	0.060	0.111	-1045.461
21	6	314	167	0.4338	0.135	0.029	0.002	0.000	0.003	0.015	0.196	0.041	0.116	0.186	3.937	0.975	0.025	0.025	-1958.408
21	6	174	135	0.4220	0.104	0.047	0.030	0.006	0.000	0.050	0.375	0.046	0.198	0.096	3.098	0.565	0.118	0.174	-1307.511
21	6	310	234	0.4330	0.099	0.176	0.036	0.012	0.024	0.050	0.403	0.138	0.197	0.134	3.854	0.655	0.345	0.164	-2691.841
21	6	445	308	0.5873	0.187	0.163	0.024	0.002	0.010	0.064	0.321	0.107	0.069	0.147	6.124	0.650	0.204	0.132	-3516.236
21	6	191	135	0.6245	0.166	0.047	0.033	0.000	0.027	0.076	0.291	0.112	0.074	0.212	5.407	0.866	0.134	0.067	-1428.738
21	6	305	233	0.5590	0.210	0.271	0.042	0.017	0.014	0.050	0.466	0.073	0.130	0.229	3.699	0.775	0.192	0.066	-2602.507
21	6	602	306	0.6471	0.172	0.128	0.014	0.006	0.009	0.081	0.288	0.088	0.098	0.134	5.598	0.909	0.091	0.045	-4257.638
21	6	212	182	0.4777	0.176	0.184	0.060	0.015	0.035	0.113	0.479	0.180	0.128	0.093	3.266	0.313	0.117	0.230	-1972.828
21	6	276	175	0.7054	0.228	0.062	0.036	0.000	0.007	0.077	0.328	0.089	0.007	0.212	4.842	0.885	0.039	0.069	-1933.971
21	6	291	207	0.6605	0.196	0.168	0.008	0.007	0.022	0.090	0.368	0.061	0.108	0.192	5.431	0.735	0.045	0.095	-2270.333
21	6	364	260	0.6292	0.191	0.152	0.015	0.015	0.012	0.061	0.412	0.101	0.115	0.175	6.159	0.320	0.257	0.011	-2943.956
21	6	407	251	0.4707	0.088	0.064	0.021	0.002	0.008	0.032	0.231	0.106	0.093	0.079	2.969	0.966	0.034	0.073	-2763.963
21	6	485	222	0.4574	0.069	0.056	0.004	0.011	0.002	0.039	0.202	0.067	0.056	0.032	2.938	0.924	0.037	0.024	-2985.967
21	6	946	514	0.5855	0.116	0.141	0.040	0.010	0.023	0.058	0.363	0.112	0.099	0.125	5.220	0.888	0.061	0.060	-7171.784
21	6	173	165	0.4762	0.296	0.499	0.008	0.000	0.012	0.039	0.674	0.587	0.266	0.290	3.023	0.132	0.446	0.000	-1964.232
21	6	254	110	0.3869	0.072	0.022	0.018	0.000	0.009	0.000	0.125	0.055	0.030	0.002	1.488	0.961	0.039	0.004	-1351.794
21	6	274	152	0.5462	0.085	0.083	0.013	0.003	0.015	0.051	0.190	0.046	0.076	0.040	3.559	0.964	0.036	0.023	-1738.182
21	6	282	199	0.5445	0.122	0.108	0.042	0.006	0.028	0.081	0.397	0.121	0.126	0.182	4.342	0.865	0.055	0.057	-2212.300
21	6	311	212	0.4185	0.079	0.065	0.026	0.000	0.000	0.046	0.564	0.144	0.085	0.122	3.708	0.940	0.060	0.091	-2337.022
21	6	232	180	0.5060	0.175	0.107	0.028	0.000	0.004	0.047	0.498	0.158	0.111	0.151	2.406	0.635	0.094	0.054	-1836.483
21	6	428	242	0.4567	0.110	0.057	0.018	0.000	0.002	0.021	0.490	0.071	0.159	0.071	3.669	0.956	0.044	0.029	-2901.491
21	6	399	275	0.4113	0.161	0.109	0.022	0.007	0.006	0.028	0.530	0.144	0.146	0.089	2.968	0.557	0.107	0.135	-3247.010
21	6	1133	459	0.5321	0.068	0.062	0.015	0.003	0.000	0.027	0.280	0.060	0.074	0.079	2.694	0.973	0.027	0.063	-7376.442
21	6	612	249	0.4153	0.063	0.060	0.016	0.000	0.000	0.025	0.445	0.086	0.076	0.021	2.842	0.936	0.017	0.015	-3764.859
21	6	422	200	0.4635	0.077	0.051	0.020	0.000	0.000	0.000	0.161	0.077	0.238	0.019	4.063	0.942	0.009	0.026	-2586.861
21	6	347	158	0.5040	0.059	0.089	0.018	0.000	0.012	0.009	0.138	0.048	0.067	0.023	3.032	0.958	0.009	0.024	-2028.081
21	6	433	267	0.5799	0.132	0.147	0.025	0.007	0.005	0.047	0.313	0.065	0.094	0.091	4.596	0.866	0.098	0.064	-3121.436
21	6	520	299	0.5874	0.072	0.190	0.036	0.002	0.006	0.052	0.406	0.100	0.122	0.121	3.279	0.863	0.137	0.055	-3914.023
21	6	291	177	0.6242	0.092	0.060	0.013	0.018	0.012	0.064	0.413	0.089	0.120	0.110	5.813	0.981	0.019	0.035	-1993.602
21	6	197	157	0.6161	0.137	0.182	0.029	0.021	0.026	0.097	0.405	0.114	0.200	0.176	3.487	0.650	0.232	0.105	-1765.616
21	6	313	213	0.6574	0.184	0.106	0.015	0.015	0.024	0.099	0.452	0.099	0.063	0.266	4.384	0.975	0.025	0.050	-2371.354
21	6	370	230	0.4497	0.113	0.077	0.014	0.005	0.000	0.039	0.345	0.158	0.050	0.176	2.421	0.871	0.020	0.095	-2765.851
21	6	257	205	0.5660	0.232	0.237	0.025	0.000	0.004	0.051	0.507	0.070	0.127	0.235	3.277	0.564	0.139	0.130	-2271.549
21	6	377	220	0.4630	0.096	0.017	0.023	0.006	0.011	0.031	0.239	0.160	0.049	0.053	2.612	0.994	0.006	0.076	-2507.557
21	6	308	232	0.4022	0.180	0.077	0.030	0.007	0.010	0.058	0.508	0.149	0.111	0.220	2.890	0.576	0.134	0.115	-2622.080
21	6	788	530	0.4890	0.372	0.199	0.050	0.008	0.015	0.090	0.421	0.078	0.086	0.457	3.947	0.837	0.163	0.137	-7133.661
21	6	377	260	0.5288	0.131	0.158	0.023	0.001	0.010	0.083	0.542	0.104	0.121	0.142	4.197	0.780	0.084	0.067	-3050.415
21	6	253	181	0.4999	0.198	0.090	0.044	0.000	0.021	0.054	0.367	0.105	0.076	0.208	3.693	0.953	0.047	0.055	-1872.521
21	6	482	386	0.5678	0.206	0.315	0.061	0.011	0.009	0.100	0.802	0.138	0.168	0.301	3.538	0.542	0.236	0.091	-4759.511
21	6	803	368	0.4236	0.069	0.057	0.019	0.007	0.004	0.031	0.270	0.103	0.158	0.028	3.638	0.908	0.084	0.032	-5427.668
21	6	1144	444	0.4593	0.027	0.072	0.011	0.003	0.003	0.023	0.250	0.098	0.092	0.107	3.215	0.940	0.060	0.042	-7479.097
21	6	317	202	0.4038	0.093	0.058	0.019	0.004	0.003	0.030	0.384	0.108	0.107	0.080	3.374	0.657	0.089	0.080	-2276.676
21	6	350	214	0.5259	0.166	0.195	0.016	0.009	0.008	0.046	0.180	0.134	0.053	0.138	2.375	0.972	0.028	0.017	-2402.835
21	6	380	252	0.6021	0.231	0.190	0.056	0.011	0.000	0.052	0.529	0.083	0.179	0.167	3.257	0.887	0.094	0.051	-3082.620
21	6	140	128	0.4659	0.134	0.317	0.054	0.028	0.016	0.029	0.532	0.225	0.198	0.187	2.692	0.172	0.110	0.249	-1387.542
21	6	144	137	0.4439	0.154	0.483	0.040	0.008	0.006	0.142	0.834	0.327	0.059	0.192	4.613	0.421	0.196	0.169	-1435.582
21	6	1072	513	0.6192	0.133	0.144	0.033	0.004	0.006	0.034	0.314	0.058	0.084	0.176	4.050	0.870	0.043	0.049	-7658.408
21	6	728	470	0.4238	0.072	0.102	0.014	0.003	0.006	0.042	0.444	0.145	0.195	0.108	3.778	0.709	0.291	0.142	-5756.146
21	6	270	148	0.4734	0.040	0.087	0.019	0.004	0.004	0.013	0.271	0.067	0.016	0.038	1.459	0.753	0.009	0.058	-1687.408
21	6	360	168	0.4108	0.033	0.061	0.025	0.005	0.006	0.008	0.230	0.043	0.077	0.050	4.366	0.965	0.035	0.025	-2154.485
21	6	843	464	0.4315	0.102	0.138	0.022	0.003	0.005	0.045	0.355	0.142	0.110	0.102	4.544	0.817	0.116	0.106	-6471.092
21	6	413	193	0.6338	0.146	0.084	0.009	0.000	0.003	0.048	0.163	0.066	0.033	0.046	5.004	0.994	0.006	0.028	-2459.324
21	6	454	256	0.6042	0.111	0.161	0.018	0.004	0.007	0.027	0.220	0.074	0.079	0.123	3.278	0.783	0.007	0.033	-3077.503
21	6	411	325	0.4233	0.197	0.133	0.025	0.007	0.011	0.072	0.606	0.146	0.135	0.280	3.121	0.721	0.279	0.170	-3712.319
21	6	1514	501	0.6434	0.075	0.074	0.016	0.008	0.007	0.034	0.265	0.087	0.049	0.070	3.553	0.820	0.154	0.005	-9529.295
21	6	709	415	0.5268	0.188	0.111	0.037	0.007	0.012	0.046	0.319	0.068	0.146	0.154	3.591	0.820	0.120	0.103	-5600.838
21	6	783	460	0.4935	0.109	0.169	0.039	0.005	0.014	0.031	0.386	0.115	0.111	0.186	2.801	0.783	0.107	0.067	-6243.445
21	6	297	265	0.4360	0.293	0.353	0.065	0.017	0.021	0.087	0.489	0.087	0.314	0.218	3.016	0.192	0.153	0.202	-3087.796
21	6	545	192	0.5566	0.040	0.040	0.008	0.010	0.010	0.016	0.178	0.016	0.054	0.026	3.014	0.983	0.017	0.026	-3020.268
21	6	183	119	0.5549	0.086	0.131	0.023	0.016	0.018	0.025	0.155	0.030	0.015	0.121	5.265	0.752	0.074	0.013	-1171.530
21	6	1075	543	0.4644	0.139	0.118	0.021	0.007	0.006	0.034	0.260	0.090	0.107	0.099	3.044	0.892	0.046	0.079	-7800.757
21	6	585	405	0.5091	0.204	0.208	0.043	0.009	0.002	0.060	0.379	0.166	0.114	0.200	2.910	0.646	0.222	0.090	-5144.387
21	6	219	162	0.6700	0.235	0.174	0.028	0.009	0.030	0.049	0.566	0.087	0.105	0.195	6.269	0.394	0.055	0.091	-1813.117
21	6	640	344	0.5232	0.149	0.155	0.031	0.003	0.010	0.027	0.291	0.108	0.093	0.163	3.120	0.898	0.068	0.041	-4666.262
21	6	450	273	0.5524	0.123	0.141	0.035	0.016	0.009	0.036	0.327	0.024	0.180	0.093	6.252	0.852	0.106	0.042	-3288.145
21	6	151	132	0.5915	0.141	0.151	0.043	0.000	0.007	0.116	0.539	0.088	0.211	0.110	5.498	0.000	0.000	0.098	-1315.913
21	6	416	257	0.5944	0.227	0.328	0.015	0.023	0.012	0.101	0.262	0.121	0.050	0.219	5.739	0.976	0.024	0.038	-3098.025
21	6	635	319	0.4837	0.167	0.094	0.024	0.008	0.012	0.036	0.223	0.063	0.104	0.001	4.021	0.939	0.036	0.040	-4241.839
21	6	1238	426	0.5333	0.112	0.079	0.016	0.005	0.006	0.027	0.224	0.058	0.075	0.038	2.676	0.961	0.010	0.007	-7524.861
21	6	316	191	0.4331	0.102	0.098	0.006	0.000	0.003	0.034	0.309	0.100	0.098	0.081	2.582	0.573	0.082	0.059	-2252.789
21	6	2047	1129	0.5141	0.170	0.213	0.058	0.008	0.010	0.076	0.481	0.127	0.115	0.214	2.861	0.896	0.104	0.080	-17502.925
21	6	147	108	0.5608	0.067	0.031	0.040	0.014	0.007	0.037	0.406	0.072	0.006	0.117	2.689	0.888	0.112	0.105	-1052.226
21	6	654	363	0.4665	0.110	0.128	0.040	0.009	0.004	0.017	0.365	0.085	0.126	0.148	2.629	0.666	0.085	0.035	-4948.442
21	6	291	256	0.4535	0.225	0.285	0.037	0.003	0.007	0.102	0.540	0.195	0.109	0.308	3.847	0.389	0.198	0.169	-2839.641
21	6	456	245	0.4582	0.096	0.105	0.029	0.009	0.005	0.032	0.251	0.130	0.045	0.038	3.087	0.850	0.121	0.032	-3129.685
21	6	907	424	0.6161	0.230	0.113	0.041	0.002	0.008	0.080	0.268	0.080	0.123	0.290	5.197	0.967	0.033	0.028	-6259.594
21	6	299	270	0.4737	0.176	0.294	0.031	0.005	0.018	0.098	0.712	0.165	0.179	0.208	3.617	0.104	0.061	0.365	-3003.436
21	6	276	176	0.6114	0.155	0.158	0.043	0.043	0.023	0.133	0.365	0.079	0.136	0.142	3.346	0.856	0.119	0.078	-2248.334
21	6	834	417	0.6280	0.129	0.128	0.029	0.013	0.012	0.047	0.394	0.092	0.099	0.091	4.742	0.947	0.042	0.027	-5820.717
21	6	448	323	0.4822	0.179	0.088	0.049	0.006	0.014	0.033	0.469	0.129	0.185	0.240	3.097	0.650	0.153	0.124	-3922.686
21	6	299	197	0.4790	0.122	0.135	0.056	0.007	0.004	0.047	0.346	0.148	0.027	0.144	4.301	0.856	0.068	0.049	-2154.480
21	6	759	314	0.4607	0.119	0.052	0.011	0.006	0.008	0.027	0.332	0.152	0.068	0.000	4.057	0.995	0.005	0.024	-4872.380
21	6	547	287	0.3907	0.107	0.126	0.030	0.002	0.004	0.020	0.357	0.121	0.024	0.082	3.389	0.898	0.078	0.079	-3585.039
21	6	1534	838	0.4919	0.205	0.216	0.030	0.010	0.009	0.030	0.417	0.123	0.139	0.223	3.358	0.910	0.090	0.088	-12589.121
21	6	156	116	0.5526	0.251	0.108	0.009	0.000	0.000	0.033	0.275	0.109	0.035	0.203	2.780	0.830	0.125	0.072	-1146.284
21	6	443	265	0.4013	0.169	0.132	0.023	0.002	0.002	0.042	0.361	0.054	0.070	0.210	4.033	0.765	0.131	0.152	-3356.166
21	6	245	133	0.5838	0.056	0.045	0.040	0.004	0.000	0.025	0.173	0.062	0.040	0.121	4.582	1.000	0.000	0.063	-1499.712
21	6	421	243	0.4292	0.136	0.094	0.012	0.005	0.002	0.025	0.184	0.119	0.115	0.063	3.413	0.796	0.114	0.069	-2953.354
21	6	382	234	0.6262	0.190	0.141	0.033	0.003	0.008	0.045	0.232	0.090	0.066	0.151	3.380	0.791	0.115	0.063	-2796.308
21	6	277	225	0.6852	0.317	0.103	0.044	0.018	0.026	0.122	0.955	0.220	0.097	0.291	3.290	0.571	0.248	0.107	-2674.985
21	6	458	166	0.5119	0.039	0.040	0.005	0.000	0.000	0.013	0.124	0.051	0.027	0.015	1.938	0.976	0.000	0.050	-2487.484
21	6	901	524	0.3982	0.094	0.132	0.015	0.017	0.011	0.044	0.489	0.106	0.077	0.106	3.800	0.667	0.196	0.080	-6935.807
21	6	524	289	0.5277	0.128	0.086	0.039	0.008	0.008	0.047	0.415	0.091	0.116	0.129	3.311	0.860	0.060	0.037	-3801.578
21	6	158	138	0.6397	0.415	0.181	0.050	0.012	0.007	0.076	0.625	0.131	0.058	0.410	4.311	0.754	0.100	0.140	-1397.569
21	6	1117	612	0.4213	0.104	0.109	0.028	0.005	0.009	0.036	0.411	0.176	0.179	0.067	3.571	0.718	0.217	0.085	-8911.291
21	6	540	281	0.6095	0.023	0.104	0.015	0.006	0.004	0.045	0.307	0.081	0.088	0.083	4.724	0.978	0.022	0.048	-3560.372
21	6	353	195	0.4967	0.089	0.057	0.019	0.006	0.005	0.054	0.280	0.089	0.088	0.086	2.321	0.624	0.067	0.051	-2455.633
21	6	314	191	0.6279	0.096	0.096	0.031	0.010	0.003	0.072	0.304	0.064	0.093	0.186	5.526	0.884	0.053	0.066	-2241.575
21	6	709	353	0.4818	0.048	0.084	0.005	0.002	0.007	0.040	0.174	0.114	0.060	0.137	3.219	0.956	0.044	0.038	-4631.718
21	6	368	164	0.5557	0.120	0.015	0.005	0.008	0.003	0.020	0.146	0.041	0.049	0.055	6.333	0.978	0.022	0.024	-2112.663
21	6	466	356	0.4674	0.136	0.171	0.039	0.013	0.009	0.042	0.658	0.208	0.148	0.219	3.119	0.593	0.154	0.125	-4271.947
21	6	545	310	0.6925	0.142	0.118	0.020	0.004	0.015	0.116	0.495	0.061	0.151	0.153	5.813	0.955	0.043	0.034	-3995.793
21	6	344	232	0.6161	0.224	0.138	0.045	0.020	0.003	0.071	0.311	0.038	0.124	0.153	4.213	0.882	0.118	0.071	-2628.984
21	6	809	569	0.6108	0.255	0.246	0.060	0.022	0.006	0.072	0.711	0.159	0.140	0.262	5.009	0.763	0.237	0.074	-6967.169
21	6	560	314	0.5860	0.101	0.192	0.034	0.004	0.007	0.048	0.250	0.075	0.070	0.149	4.007	0.819	0.066	0.034	-4019.271
21	6	441	232	0.4679	0.047	0.075	0.014	0.003	0.007	0.060	0.231	0.038	0.087	0.063	3.242	0.974	0.026	0.029	-2780.827
21	6	889	356	0.5774	0.061	0.080	0.022	0.006	0.003	0.025	0.189	0.076	0.073	0.129	3.339	0.972	0.027	0.019	-5580.999
21	6	283	192	0.5803	0.059	0.139	0.060	0.003	0.011	0.075	0.344	0.058	0.073	0.120	5.068	0.611	0.110	0.077	-2151.568
21	6	321	180	0.4323	0.087	0.089	0.041	0.003	0.003	0.011	0.224	0.064	0.116	0.078	2.476	0.922	0.027	0.035	-2127.325
21	6	1141	538	0.4606	0.138	0.128	0.033	0.004	0.007	0.024	0.312	0.075	0.094	0.112	2.717	0.950	0.050	0.056	-8254.245
21	6	253	124	0.7216	0.055	0.077	0.004	0.000	0.004	0.077	0.267	0.011	0.098	0.069	8.260	0.952	0.048	0.041	-1510.470
21	6	778	363	0.4772	0.052	0.113	0.015	0.004	0.004	0.045	0.261	0.133	0.080	0.020	2.478	0.832	0.030	0.073	-5345.434
21	6	920	406	0.5497	0.128	0.044	0.016	0.007	0.005	0.035	0.264	0.067	0.096	0.044	3.233	0.976	0.015	0.032	-5959.813
21	6	334	218	0.5492	0.208	0.153	0.016	0.000	0.003	0.024	0.289	0.056	0.056	0.165	2.484	0.939	0.061	0.061	-2391.651
21	6	295	199	0.4939	0.142	0.115	0.026	0.000	0.010	0.042	0.238	0.152	0.142	0.093	3.638	0.699	0.051	0.041	-2168.683
21	6	521	328	0.4681	0.162	0.196	0.008	0.016	0.000	0.063	0.451	0.108	0.115	0.083	3.205	0.735	0.079	0.095	-4187.966
21	6	398	163	0.6653	0.106	0.066	0.013	0.003	0.003	0.034	0.214	0.035	0.049	0.000	4.964	0.985	0.015	0.022	-2280.782
21	6	478	324	0.4506	0.173	0.216	0.039	0.026	0.004	0.029	0.422	0.125	0.091	0.155	2.545	0.807	0.124	0.088	-3971.601
21	6	231	122	0.5233	0.049	0.096	0.015	0.004	0.000	0.011	0.149	0.049	0.075	0.001	2.674	0.794	0.026	0.007	-1321.072
21	6	311	234	0.4699	0.165	0.110	0.061	0.007	0.003	0.038	0.481	0.116	0.085	0.154	2.503	0.719	0.163	0.137	-2594.449
21	6	373	295	0.4076	0.251	0.212	0.026	0.005	0.009	0.013	0.673	0.070	0.175	0.258	2.848	0.000	0.000	0.060	-3383.495
21	6	210	137	0.4685	0.024	0.098	0.022	0.005	0.000	0.018	0.246	0.061	0.058	0.095	4.274	0.318	0.034	0.025	-1337.788
21	6	141	120	0.5768	0.204	0.187	0.028	0.007	0.000	0.241	0.495	0.049	0.107	0.163	2.035	0.314	0.076	0.193	-1284.515
21	6	189	133	0.5481	0.166	0.104	0.026	0.000	0.000	0.028	0.352	0.046	0.037	0.195	4.390	0.913	0.087	0.078	-1290.145
21	6	419	235	0.5678	0.165	0.119	0.040	0.010	0.007	0.034	0.349	0.083	0.081	0.109	3.872	0.918	0.082	0.035	-3019.059
21	6	228	190	0.6390	0.215	0.222	0.039	0.000	0.004	0.059	0.541	0.120	0.127	0.212	3.756	0.358	0.195	0.134	-2055.793
21	6	230	149	0.4737	0.129	0.029	0.018	0.018	0.000	0.014	0.281	0.123	0.125	0.088	3.399	0.410	0.044	0.119	-1640.392
21	6	652	354	0.6232	0.178	0.071	0.022	0.008	0.011	0.033	0.379	0.125	0.117	0.160	5.055	0.953	0.025	0.048	-4744.223
21	6	358	236	0.6325	0.096	0.152	0.036	0.003	0.008	0.036	0.359	0.090	0.054	0.164	4.724	0.763	0.000	0.122	-2622.154
21	6	373	311	0.4789	0.196	0.389	0.052	0.016	0.014	0.060	0.608	0.123	0.160	0.192	2.720	0.436	0.273	0.085	-3681.397
21	6	879	456	0.5245	0.070	0.144	0.024	0.005	0.011	0.055	0.369	0.099	0.145	0.123	3.908	0.916	0.084	0.062	-6608.843
21	6	391	170	0.6490	0.057	0.091	0.023	0.003	0.003	0.028	0.187	0.033	0.066	0.074	3.828	0.930	0.002	0.024	-2267.154
21	6	429	254	0.5625	0.244	0.036	0.009	0.005	0.007	0.026	0.231	0.123	0.149	0.255	3.896	0.897	0.030	0.019	-2948.480
21	6	206	104	0.5609	0.090	0.068	0.000	0.000	0.000	0.054	0.180	0.053	0.037	0.000	5.545	0.992	0.008	0.054	-1166.833
21	6	338	239	0.5695	0.284	0.508	0.061	0.023	0.022	0.059	0.648	0.078	0.095	0.229	3.997	0.762	0.125	0.060	-2929.126
21	6	362	125	0.4738	0.001	0.018	0.018	0.003	0.003	0.009	0.042	0.016	0.040	0.040	2.147	0.991	0.000	0.054	-1828.389
21	6	844	414	0.4667	0.071	0.108	0.022	0.003	0.001	0.045	0.330	0.073	0.073	0.105	3.600	0.470	0.341	0.000	-5932.006
21	6	225	152	0.4674	0.064	0.054	0.029	0.014	0.000	0.023	0.328	0.105	0.135	0.137	3.615	0.449	0.225	0.072	-1696.157
21	6	291	200	0.5656	0.215	0.135	0.040	0.017	0.012	0.022	0.365	0.089	0.077	0.131	3.148	0.841	0.105	0.096	-2296.805
21	6	239	126	0.4609	0.021	0.080	0.013	0.000	0.004	0.000	0.197	0.057	0.087	0.019	3.285	0.904	0.013	0.029	-1386.901
21	6	618	334	0.4879	0.078	0.086	0.032	0.017	0.008	0.029	0.294	0.123	0.167	0.142	2.807	0.916	0.031	0.033	-4411.609
21	6	251	165	0.4893	0.097	0.044	0.046	0.000	0.017	0.039	0.194	0.071	0.119	0.072	3.502	0.896	0.104	0.051	-1703.596
21	6	375	206	0.4817	0.102	0.118	0.025	0.006	0.004	0.038	0.205	0.086	0.102	0.058	2.368	0.909	0.026	0.025	-2448.374
21	6	269	162	0.5247	0.096	0.098	0.022	0.008	0.004	0.034	0.220	0.049	0.141	0.092	3.929	0.953	0.047	0.032	-1773.453
21	6	1098	439	0.4458	0.082	0.119	0.013	0.004	0.006	0.031	0.155	0.066	0.065	0.092	2.780	0.868	0.065	0.026	-7118.249
21	6	219	150	0.4338	0.129	0.056	0.000	0.019	0.000	0.043	0.307	0.091	0.078	0.074	1.981	0.912	0.044	0.038	-1466.759
21	6	555	290	0.5116	0.085	0.073	0.017	0.013	0.007	0.035	0.255	0.137	0.076	0.097	3.631	0.923	0.031	0.066	-3860.898
21	6	329	230	0.5137	0.196	0.155	0.033	0.005	0.020	0.084	0.469	0.167	0.112	0.153	3.074	0.594	0.186	0.048	-2756.602
21	6	503	258	0.6219	0.084	0.098	0.039	0.005	0.005	0.018	0.430	0.043	0.059	0.093	2.555	0.977	0.023	0.024	-3258.765
21	6	140	131	0.5778	0.611	0.846	0.100	0.000	0.023	0.124	0.694	0.119	0.272	0.587	3.804	0.374	0.335	0.109	-1555.825
21	6	202	117	0.4917	0.074	0.066	0.005	0.000	0.005	0.005	0.159	0.061	0.059	0.012	2.576	0.957	0.043	0.025	-1186.946
21	6	294	209	0.5692	0.110	0.102	0.066	0.000	0.003	0.048	0.485	0.079	0.084	0.148	2.632	0.921	0.047	0.073	-2248.594
21	6	220	175	0.4510	0.143	0.125	0.027	0.006	0.009	0.066	0.496	0.175	0.057	0.157	2.060	0.840	0.073	0.142	-1850.918
21	6	296	133	0.5215	0.056	0.040	0.025	0.010	0.010	0.010	0.168	0.016	0.044	0.011	1.869	0.856	0.000	0.022	-1661.593
21	6	762	426	0.4477	0.111	0.112	0.016	0.008	0.006	0.025	0.447	0.200	0.118	0.092	4.124	0.876	0.124	0.093	-5933.856
21	6	877	528	0.5641	0.165	0.149	0.044	0.011	0.009	0.049	0.311	0.140	0.135	0.160	3.272	0.850	0.090	0.085	-7052.378
21	6	499	300	0.6036	0.071	0.129	0.033	0.009	0.000	0.026	0.410	0.091	0.072	0.069	3.235	0.961	0.039	0.035	-3430.035
21	6	367	203	0.4532	0.042	0.110	0.018	0.000	0.006	0.034	0.284	0.068	0.104	0.056	4.736	0.889	0.068	0.064	-2453.459
21	6	325	254	0.4259	0.167	0.144	0.022	0.007	0.003	0.053	0.545	0.189	0.192	0.151	3.892	0.664	0.106	0.097	-2740.082
21	6	639	296	0.5356	0.210	0.103	0.005	0.016	0.006	0.020	0.215	0.089	0.100	0.129	4.373	0.992	0.008	0.015	-4147.333
21	6	362	202	0.4675	0.093	0.105	0.017	0.003	0.003	0.066	0.250	0.109	0.110	0.084	2.240	0.986	0.014	0.052	-2484.942
21	6	375	207	0.4470	0.071	0.205	0.016	0.003	0.000	0.015	0.222	0.037	0.073	0.058	2.935	0.836	0.038	0.031	-2467.644
21	6	437	284	0.4458	0.144	0.129	0.019	0.010	0.005	0.065	0.367	0.029	0.122	0.185	3.050	0.743	0.021	0.090	-3324.494
21	6	249	145	0.3992	0.000	0.040	0.017	0.016	0.009	0.022	0.249	0.073	0.025	0.153	3.107	0.831	0.015	0.071	-1566.341
21	6	314	210	0.6309	0.074	0.195	0.070	0.014	0.009	0.093	0.477	0.091	0.148	0.107	8.825	0.971	0.029	0.078	-2406.560
21	6	412	298	0.5089	0.069	0.192	0.030	0.005	0.010	0.027	0.354	0.100	0.139	0.143	3.132	0.846	0.101	0.143	-3302.411
21	6	437	152	0.6171	0.061	0.065	0.013	0.000	0.000	0.022	0.114	0.022	0.045	0.003	3.701	1.000	0.000	0.030	-2316.927
21	6	274	214	0.4535	0.322	0.233	0.021	0.004	0.000	0.024	0.364	0.137	0.122	0.361	3.000	0.807	0.056	0.109	-2316.499
21	6	155	130	0.5658	0.126	0.193	0.010	0.007	0.000	0.131	0.448	0.065	0.168	0.131	2.746	0.648	0.352	0.131	-1356.522
21	6	486	292	0.5157	0.164	0.115	0.012	0.002	0.004	0.054	0.348	0.070	0.104	0.180	3.229	0.917	0.027	0.043	-3492.115
21	6	574	399	0.4980	0.202	0.223	0.020	0.012	0.008	0.043	0.481	0.119	0.253	0.184	3.295	0.750	0.097	0.065	-4893.817
21	6	1322	683	0.4182	0.151	0.128	0.028	0.006	0.008	0.048	0.356	0.129	0.143	0.141	3.245	0.820	0.180	0.083	-10610.593
21	6	216	172	0.5597	0.116	0.163	0.015	0.006	0.027	0.082	0.406	0.125	0.137	0.141	4.380	0.821	0.122	0.125	-1787.338
21	6	777	337	0.4518	0.072	0.057	0.006	0.004	0.011	0.021	0.203	0.086	0.070	0.064	3.257	0.949	0.051	0.053	-4942.760
21	6	568	325	0.5833	0.137	0.101	0.020	0.000	0.014	0.032	0.303	0.064	0.054	0.174	4.344	0.815	0.043	0.118	-4112.427
21	6	845	396	0.4872	0.108	0.100	0.013	0.007	0.006	0.042	0.339	0.071	0.092	0.077	3.059	0.942	0.058	0.038	-5823.303
21	6	443	200	0.5168	0.073	0.048	0.021	0.004	0.010	0.029	0.197	0.064	0.065	0.083	2.465	0.918	0.082	0.034	-2802.626
21	6	577	246	0.4448	0.080	0.039	0.021	0.007	0.000	0.017	0.235	0.074	0.084	0.070	3.851	0.888	0.032	0.048	-3671.279
21	6	783	442	0.4465	0.093	0.159	0.012	0.011	0.006	0.056	0.363	0.168	0.116	0.129	3.265	0.890	0.110	0.095	-6147.967
21	6	430	225	0.5960	0.241	0.007	0.044	0.003	0.010	0.037	0.469	0.072	0.091	0.195	4.176	0.000	0.000	0.028	-3045.436
21	6	323	239	0.5701	0.503	0.074	0.035	0.013	0.027	0.056	0.813	0.189	0.169	0.425	5.254	0.541	0.109	0.066	-2938.564
21	6	483	199	0.3844	0.063	0.043	0.018	0.000	0.002	0.011	0.242	0.062	0.074	0.002	4.363	0.870	0.001	0.048	-2855.758
21	6	324	239	0.4838	0.152	0.166	0.002	0.000	0.051	0.070	0.454	0.112	0.073	0.177	3.372	0.730	0.109	0.062	-2518.031
21	6	306	198	0.5856	0.099	0.180	0.026	0.004	0.003	0.032	0.263	0.174	0.088	0.101	3.295	0.799	0.110	0.044	-2241.966
21	6	157	112	0.5278	0.081	0.046	0.042	0.000	0.020	0.050	0.374	0.041	0.096	0.019	4.420	0.886	0.114	0.085	-1079.547
21	6	208	131	0.5573	0.000	0.069	0.022	0.016	0.004	0.029	0.164	0.036	0.060	0.120	1.714	0.965	0.035	0.045	-1282.419
21	6	257	156	0.6189	0.101	0.060	0.057	0.008	0.011	0.010	0.403	0.080	0.028	0.097	2.922	1.000	0.000	0.063	-1752.157
21	6	695	423	0.5669	0.133	0.143	0.029	0.015	0.010	0.039	0.322	0.118	0.163	0.138	4.219	0.825	0.107	0.081	-5447.305
21	6	736	270	0.4205	0.003	0.052	0.017	0.003	0.011	0.021	0.162	0.050	0.045	0.084	3.501	0.964	0.036	0.069	-4410.305
21	6	511	301	0.5818	0.145	0.064	0.025	0.016	0.011	0.020	0.236	0.071	0.116	0.090	3.603	0.827	0.166	0.104	-3704.041
21	6	372	99	0.6674	0.000	0.021	0.014	0.003	0.000	0.000	0.057	0.020	0.004	0.037	9.031	0.982	0.000	0.007	-1648.096
21	6	495	223	0.5817	0.106	0.095	0.051	0.007	0.004	0.019	0.258	0.055	0.012	0.102	3.732	0.978	0.022	0.015	-3023.013
21	6	444	257	0.5859	0.098	0.163	0.022	0.020	0.004	0.050	0.470	0.034	0.085	0.054	4.155	0.957	0.023	0.036	-3023.842
21	6	576	358	0.4074	0.087	0.260	0.000	0.046	0.057	0.043	0.315	0.225	0.000	0.122	2.915	0.472	0.401	0.054	-4426.350
21	6	320	204	0.5490	0.014	0.432	0.051	0.010	0.003	0.044	0.217	0.090	0.117	0.030	1.941	0.746	0.064	0.013	-2373.985
21	6	142	117	0.4910	1.893	0.196	0.000	0.015	0.007	0.068	0.560	0.092	0.036	1.915	4.964	0.835	0.165	0.068	-1261.333
21	6	273	156	0.6046	0.050	0.027	0.043	0.007	0.004	0.009	0.360	0.004	0.082	0.030	3.233	0.861	0.057	0.107	-1696.158
21	6	324	225	0.5025	0.108	0.110	0.022	0.021	0.051	0.006	0.287	0.081	0.054	0.139	2.594	0.800	0.200	0.040	-2343.159
21	6	638	284	0.4459	0.052	0.067	0.017	0.005	0.007	0.026	0.386	0.115	0.084	0.048	2.023	0.936	0.027	0.024	-4131.254
21	6	629	271	0.4841	0.084	0.061	0.012	0.000	0.003	0.024	0.197	0.054	0.064	0.050	2.758	0.896	0.056	0.024	-3903.837
21	6	333	210	0.5624	0.075	0.123	0.010	0.011	0.009	0.025	0.331	0.136	0.147	0.144	2.673	0.815	0.095	0.057	-2476.897
21	6	516	280	0.4677	0.071	0.106	0.010	0.017	0.013	0.026	0.271	0.080	0.062	0.102	3.244	0.790	0.210	0.119	-3673.988
21	6	684	278	0.4346	0.053	0.043	0.012	0.003	0.003	0.028	0.212	0.102	0.083	0.054	3.325	0.910	0.021	0.030	-4260.563
21	6	375	309	0.4801	0.166	0.280	0.042	0.024	0.013	0.061	0.586	0.145	0.210	0.155	3.292	0.458	0.368	0.154	-3600.659
21	6	311	204	0.5053	0.104	0.143	0.035	0.003	0.016	0.107	0.482	0.045	0.143	0.069	2.942	0.908	0.029	0.039	-2315.068
21	6	456	240	0.5499	0.112	0.089	0.043	0.004	0.003	0.048	0.291	0.114	0.082	0.104	6.778	0.932	0.068	0.043	-3095.973
21	6	378	250	0.6191	0.074	0.185	0.076	0.011	0.006	0.036	0.534	0.113	0.106	0.118	3.732	0.716	0.096	0.062	-3000.187
21	6	229	180	0.5794	0.183	0.142	0.007	0.000	0.000	0.053	0.678	0.066	0.223	0.156	4.573	0.902	0.098	0.061	-1769.512
21	6	321	213	0.4342	0.063	0.092	0.027	0.003	0.003	0.034	0.273	0.118	0.059	0.106	4.191	0.906	0.094	0.116	-2229.695
21	6	457	272	0.6165	0.107	0.203	0.031	0.000	0.007	0.053	0.323	0.041	0.063	0.173	4.660	0.934	0.029	0.021	-3136.420
21	6	384	254	0.5093	0.112	0.079	0.072	0.011	0.010	0.051	0.322	0.077	0.094	0.156	3.101	0.927	0.073	0.109	-2951.206
21	6	609	360	0.4592	0.174	0.146	0.023	0.002	0.003	0.018	0.169	0.347	0.005	0.070	2.860	0.818	0.167	0.064	-4222.433
21	6	330	214	0.4278	0.061	0.135	0.053	0.012	0.007	0.060	0.391	0.104	0.127	0.097	4.356	0.485	0.190	0.005	-2587.331
21	6	810	312	0.4217	0.041	0.075	0.016	0.002	0.005	0.017	0.198	0.059	0.128	0.037	3.251	0.981	0.018	0.047	-4973.803
21	6	193	113	0.4007	0.020	0.055	0.000	0.000	0.005	0.011	0.228	0.122	0.021	0.051	2.674	0.844	0.016	0.048	-1152.702
21	6	388	260	0.5297	0.134	0.135	0.030	0.008	0.018	0.026	0.319	0.116	0.112	0.151	4.474	0.624	0.068	0.166	-3091.467
21	6	531	268	0.4639	0.017	0.073	0.020	0.002	0.002	0.027	0.252	0.138	0.083	0.078	3.082	0.965	0.035	0.046	-3445.745
21	6	592	213	0.4723	0.000	0.041	0.012	0.010	0.004	0.029	0.188	0.049	0.049	0.054	3.024	0.995	0.005	0.016	-3418.159
21	6	367	218	0.5618	0.115	0.095	0.012	0.005	0.003	0.055	0.224	0.097	0.077	0.102	4.302	0.842	0.051	0.058	-2514.682
21	6	391	140	0.5494	0.002	0.054	0.023	0.002	0.008	0.014	0.126	0.017	0.032	0.036	3.705	0.917	0.042	0.007	-2116.042
21	6	691	294	0.4826	0.078	0.058	0.021	0.005	0.008	0.017	0.171	0.076	0.081	0.025	3.966	0.902	0.006	0.064	-4302.898
21	6	234	143	0.5829	0.105	0.050	0.021	0.004	0.017	0.024	0.361	0.160	0.000	0.110	3.475	0.946	0.054	0.021	-1537.099
21	6	253	146	0.4572	0.035	0.048	0.012	0.000	0.000	0.016	0.330	0.187	0.059	0.051	3.706	0.923	0.077	0.023	-1621.453
21	6	459	369	0.6013	0.202	0.442	0.106	0.004	0.005	0.113	0.666	0.149	0.193	0.224	3.657	0.586	0.390	0.125	-4630.776
21	6	1148	563	0.4591	0.089	0.118	0.027	0.007	0.006	0.030	0.422	0.149	0.091	0.066	3.894	0.853	0.043	0.105	-8564.222
21	6	383	311	0.5751	0.291	0.287	0.065	0.006	0.014	0.069	0.505	0.150	0.114	0.251	5.326	0.598	0.279	0.096	-3501.400
21	6	690	372	0.6035	0.130	0.183	0.025	0.013	0.010	0.042	0.350	0.082	0.098	0.130	4.979	0.885	0.086	0.039	-5067.824
21	6	546	284	0.4886	0.091	0.063	0.017	0.015	0.004	0.025	0.359	0.101	0.102	0.153	2.641	0.971	0.029	0.057	-3867.535
21	6	495	363	0.4372	0.189	0.167	0.042	0.011	0.006	0.096	0.732	0.166	0.182	0.228	3.312	0.795	0.205	0.088	-4508.130
21	6	122	72	0.5546	0.124	0.054	0.000	0.008	0.000	0.000	0.185	0.000	0.086	0.171	5.423	0.496	0.067	0.080	-721.165
21	6	329	255	0.5561	0.129	0.106	0.041	0.006	0.016	0.045	0.432	0.173	0.113	0.186	3.787	0.784	0.088	0.167	-2748.510
21	6	358	187	0.6153	0.087	0.107	0.008	0.000	0.003	0.045	0.217	0.092	0.036	0.074	4.050	0.979	0.000	0.042	-2278.687
21	6	611	379	0.4900	0.119	0.151	0.006	0.008	0.002	0.049	0.285	0.182	0.139	0.149	3.325	0.879	0.089	0.102	-4768.243
21	6	479	308	0.4574	0.133	0.098	0.029	0.002	0.007	0.032	0.964	0.067	0.280	0.172	2.724	0.838	0.125	0.051	-3945.653
21	6	430	217	0.6121	0.045	0.101	0.012	0.014	0.009	0.034	0.281	0.049	0.091	0.075	3.684	0.872	0.058	0.051	-2840.570
21	6	1029	401	0.4850	0.080	0.078	0.018	0.003	0.006	0.021	0.273	0.056	0.058	0.055	2.800	0.981	0.019	0.034	-6603.243
21	6	1927	723	0.4772	0.056	0.100	0.016	0.004	0.007	0.034	0.418	0.118	0.079	0.082	3.084	0.933	0.067	0.046	-13749.237
21	6	682	388	0.4920	0.129	0.171	0.044	0.009	0.016	0.062	0.251	0.060	0.106	0.100	3.281	0.938	0.050	0.079	-5139.818
21	6	600	342	0.6599	0.216	0.115	0.021	0.008	0.012	0.097	0.394	0.096	0.085	0.184	4.511	0.883	0.082	0.045	-4504.389
21	6	677	279	0.4769	0.069	0.063	0.020	0.000	0.006	0.020	0.249	0.052	0.048	0.050	3.278	0.979	0.003	0.016	-4042.329
21	6	696	291	0.4222	0.039	0.070	0.014	0.005	0.006	0.018	0.203	0.096	0.108	0.079	3.069	0.973	0.027	0.029	-4367.935
21	6	519	305	0.5101	0.097	0.167	0.049	0.012	0.006	0.040	0.404	0.081	0.103	0.115	3.437	0.964	0.036	0.034	-3797.143
21	6	925	535	0.5636	0.229	0.167	0.040	0.011	0.008	0.051	0.368	0.095	0.136	0.163	4.229	0.758	0.060	0.057	-7341.371
21	6	566	171	0.4522	0.021	0.015	0.012	0.000	0.004	0.006	0.093	0.041	0.032	0.042	3.874	0.619	0.000	0.051	-3015.753
21	6	768	293	0.5591	0.063	0.074	0.015	0.007	0.007	0.023	0.153	0.028	0.076	0.036	3.962	0.958	0.042	0.047	-4638.047
21	6	210	133	0.6116	0.063	0.234	0.000	0.005	0.005	0.051	0.587	0.005	0.090	0.061	2.761	0.976	0.024	0.053	-1449.615
21	6	457	311	0.6577	0.105	0.268	0.032	0.006	0.014	0.074	0.738	0.171	0.069	0.109	3.404	0.906	0.094	0.065	-3838.749
21	6	819	472	0.5123	0.116	0.116	0.034	0.007	0.003	0.047	0.384	0.062	0.111	0.130	3.526	0.841	0.159	0.082	-6253.826
21	6	502	309	0.4549	0.106	0.069	0.014	0.004	0.002	0.035	0.276	0.130	0.084	0.110	2.533	0.783	0.112	0.121	-3644.076
21	6	349	221	0.5526	0.068	0.121	0.044	0.009	0.006	0.026	0.333	0.101	0.055	0.084	3.779	0.748	0.122	0.096	-2532.711
21	6	288	213	0.5829	0.194	0.356	0.112	0.019	0.003	0.055	0.643	0.078	0.080	0.167	4.648	0.849	0.096	0.081	-2462.115
21	6	242	169	0.5521	0.083	0.230	0.065	0.012	0.000	0.031	0.365	0.070	0.114	0.064	5.642	0.667	0.102	0.052	-1831.033
21	6	1164	628	0.5101	0.089	0.115	0.026	0.005	0.013	0.045	0.369	0.134	0.116	0.119	2.856	0.824	0.115	0.064	-8859.541
21	6	400	234	0.3982	0.093	0.048	0.037	0.005	0.000	0.034	0.286	0.086	0.105	0.085	4.426	0.570	0.075	0.133	-2846.866
21	6	212	148	0.4410	0.132	0.132	0.006	0.025	0.009	0.041	0.416	0.133	0.080	0.075	2.675	0.839	0.161	0.054	-1616.285
21	6	386	176	0.4846	0.035	0.059	0.011	0.000	0.005	0.018	0.210	0.064	0.062	0.027	3.212	0.902	0.047	0.024	-2330.162
21	6	396	237	0.6028	0.158	0.056	0.018	0.000	0.003	0.044	0.288	0.151	0.166	0.202	4.274	0.964	0.036	0.078	-2913.525
21	6	377	245	0.5772	0.217	0.048	0.028	0.011	0.005	0.041	0.400	0.083	0.088	0.129	2.873	0.934	0.066	0.087	-2857.253
21	6	391	167	0.4035	0.065	0.040	0.008	0.000	0.003	0.016	0.204	0.065	0.054	0.072	2.963	0.946	0.008	0.013	-2249.476
21	6	334	217	0.4600	0.166	0.012	0.017	0.000	0.003	0.051	0.585	0.188	0.050	0.089	3.313	0.000	0.000	0.035	-2331.290
21	6	314	194	0.5575	0.040	0.120	0.014	0.010	0.004	0.034	0.255	0.107	0.085	0.062	3.214	0.922	0.042	0.092	-2153.781
21	6	237	211	0.4413	0.217	0.165	0.026	0.000	0.026	0.082	0.522	0.098	0.149	0.276	3.841	0.363	0.168	0.246	-2184.227
21	6	357	228	0.5236	0.128	0.172	0.023	0.015	0.014	0.037	0.459	0.090	0.153	0.114	3.404	0.786	0.181	0.043	-2809.449
21	6	449	322	0.5282	0.108	0.163	0.055	0.005	0.005	0.042	0.446	0.112	0.107	0.164	2.980	0.765	0.143	0.144	-3753.705
21	6	519	345	0.4097	0.158	0.133	0.017	0.004	0.006	0.043	0.519	0.138	0.134	0.097	3.842	0.554	0.182	0.123	-4303.307
21	6	443	176	0.6227	0.054	0.031	0.027	0.012	0.002	0.013	0.123	0.075	0.041	0.054	5.112	0.798	0.092	0.072	-2656.208
21	6	354	137	0.5604	0.008	0.050	0.000	0.006	0.003	0.012	0.073	0.012	0.018	0.022	2.537	0.905	0.062	0.002	-1799.737
21	6	455	325	0.4311	0.167	0.133	0.047	0.011	0.005	0.044	0.532	0.090	0.140	0.115	3.233	0.422	0.076	0.111	-3834.876
21	6	242	218	0.4318	0.137	0.414	0.044	0.013	0.009	0.029	0.932	0.158	0.148	0.134	3.193	0.235	0.704	0.000	-2397.517
21	6	851	476	0.4960	0.175	0.124	0.026	0.005	0.006	0.040	0.307	0.095	0.131	0.198	3.955	0.846	0.154	0.074	-6615.766
21	6	828	424	0.4637	0.106	0.109	0.024	0.006	0.005	0.054	0.243	0.077	0.085	0.183	2.810	0.912	0.088	0.062	-6033.986
21	6	422	254	0.5918	0.167	0.116	0.013	0.011	0.009	0.050	0.399	0.127	0.051	0.145	4.613	0.872	0.106	0.062	-3128.237
21	6	410	288	0.5346	0.108	0.142	0.016	0.008	0.002	0.061	0.332	0.207	0.094	0.158	3.370	0.782	0.218	0.127	-3395.049
21	6	308	252	0.5912	0.300	0.297	0.084	0.043	0.012	0.063	0.597	0.145	0.219	0.238	4.283	0.505	0.198	0.105	-3027.187
21	6	491	319	0.5773	0.155	0.083	0.024	0.006	0.007	0.039	0.426	0.115	0.099	0.219	4.095	0.828	0.161	0.087	-3817.553
21	6	883	336	0.5103	0.059	0.069	0.012	0.000	0.001	0.013	0.172	0.097	0.076	0.087	3.789	0.983	0.010	0.021	-5345.857
21	6	263	174	0.4819	0.092	0.052	0.000	0.000	0.004	0.020	0.488	0.182	0.152	0.066	3.487	0.903	0.032	0.056	-1843.517
21	6	297	176	0.4516	0.103	0.085	0.023	0.007	0.014	0.012	0.160	0.075	0.077	0.044	3.726	0.944	0.002	0.069	-1926.645
21	6	618	332	0.5158	0.101	0.132	0.030	0.013	0.007	0.059	0.271	0.116	0.078	0.099	2.736	0.896	0.042	0.060	-4509.614
21	6	689	372	0.5261	0.167	0.125	0.014	0.007	0.007	0.022	0.254	0.113	0.119	0.156	3.379	0.879	0.107	0.074	-5168.741
21	6	620	395	0.4368	0.160	0.106	0.023	0.008	0.007	0.034	0.415	0.126	0.103	0.191	3.643	0.536	0.160	0.157	-5159.517
21	6	691	453	0.5506	0.100	0.146	0.022	0.011	0.014	0.051	0.443	0.143	0.151	0.156	2.434	0.777	0.130	0.123	-5893.453
21	6	228	100	0.6251	0.037	0.000	0.008	0.000	0.000	0.000	0.028	0.004	0.009	0.056	4.099	1.000	0.000	0.263	-1081.077
21	6	763	448	0.6257	0.159	0.139	0.033	0.024	0.004	0.050	0.419	0.095	0.143	0.145	5.422	0.800	0.081	0.085	-5937.816
21	6	105	80	0.5570	0.090	0.085	0.065	0.020	0.000	0.052	0.146	0.000	0.070	0.107	6.002	1.000	0.000	0.324	-714.006
21	6	214	145	0.4629	0.085	0.032	0.021	0.005	0.005	0.004	0.202	0.088	0.141	0.029	4.377	1.000	0.000	0.086	-1371.396
21	6	304	223	0.5104	0.169	0.111	0.009	0.010	0.007	0.033	0.375	0.051	0.147	0.159	2.519	0.866	0.074	0.065	-2308.043
21	6	175	148	0.4898	0.197	0.144	0.033	0.030	0.005	0.077	0.300	0.086	0.229	0.213	2.979	0.587	0.170	0.152	-1553.665
21	6	446	310	0.5816	0.243	0.158	0.005	0.009	0.005	0.071	0.494	0.083	0.129	0.301	3.630	0.782	0.218	0.074	-3751.639
21	6	512	260	0.4519	0.087	0.078	0.037	0.004	0.008	0.007	0.282	0.061	0.178	0.075	4.696	0.794	0.097	0.044	-3533.765
21	6	133	118	0.6432	0.501	0.302	0.059	0.000	0.015	0.236	0.492	0.124	0.019	0.482	3.763	0.405	0.224	0.095	-1288.130
21	6	421	236	0.5976	0.084	0.123	0.017	0.000	0.015	0.057	0.253	0.083	0.136	0.091	6.064	0.942	0.055	0.037	-2829.842
21	6	264	160	0.5304	0.089	0.085	0.014	0.000	0.004	0.041	0.323	0.084	0.138	0.078	2.626	0.913	0.087	0.042	-1837.731
21	6	1224	529	0.5088	0.100	0.078	0.016	0.004	0.001	0.034	0.236	0.093	0.089	0.054	4.025	0.917	0.083	0.073	-8112.241
21	6	788	321	0.5341	0.092	0.080	0.013	0.005	0.007	0.027	0.218	0.056	0.083	0.063	3.539	0.957	0.028	0.016	-4889.191
21	6	583	385	0.5349	0.172	0.089	0.024	0.009	0.009	0.040	0.425	0.179	0.195	0.171	3.955	0.685	0.072	0.079	-4752.659
21	6	223	177	0.6752	0.261	0.036	0.060	0.014	0.013	0.082	0.597	0.083	0.105	0.236	3.477	0.000	0.000	0.086	-1859.376
21	6	138	126	0.6045	0.192	0.107	0.060	0.007	0.015	0.031	0.593	0.347	0.297	0.229	4.260	0.721	0.157	0.250	-1340.124
21	6	261	172	0.5349	0.126	0.074	0.021	0.008	0.004	0.019	0.324	0.039	0.083	0.091	2.861	0.286	0.026	0.070	-1830.445
21	6	783	469	0.4364	0.128	0.195	0.018	0.004	0.004	0.025	0.343	0.102	0.115	0.150	3.028	0.490	0.097	0.109	-6210.933
21	6	396	226	0.5519	0.144	0.053	0.022	0.010	0.008	0.021	0.284	0.073	0.073	0.172	3.845	0.950	0.021	0.050	-2696.005
21	6	376	156	0.5052	0.060	0.076	0.000	0.003	0.000	0.019	0.109	0.073	0.040	0.020	2.968	0.989	0.011	0.020	-2125.990
21	6	445	286	0.6644	0.223	0.176	0.032	0.005	0.009	0.067	0.847	0.099	0.132	0.219	5.257	0.812	0.123	0.041	-3645.756
21	6	472	186	0.4581	0.021	0.064	0.013	0.009	0.000	0.022	0.115	0.033	0.057	0.081	3.765	0.906	0.051	0.023	-2754.090
21	6	274	204	0.5343	0.189	0.150	0.042	0.014	0.008	0.080	0.390	0.084	0.121	0.151	2.639	0.672	0.176	0.104	-2329.838
21	6	636	255	0.5889	0.054	0.052	0.017	0.000	0.002	0.026	0.164	0.053	0.086	0.070	5.728	0.934	0.018	0.038	-3822.896
21	6	189	136	0.5350	0.072	0.132	0.000	0.011	0.005	0.040	0.394	0.034	0.120	0.138	2.502	0.872	0.000	0.105	-1347.378
21	6	515	308	0.4755	0.071	0.086	0.028	0.010	0.014	0.040	0.398	0.140	0.116	0.113	2.930	0.803	0.137	0.073	-3957.294
21	6	1142	420	0.4580	0.043	0.084	0.023	0.007	0.004	0.025	0.200	0.058	0.066	0.074	3.454	0.845	0.083	0.073	-7388.018
21	6	381	223	0.5368	0.064	0.149	0.009	0.015	0.002	0.039	0.240	0.072	0.037	0.072	4.880	0.871	0.056	0.046	-2543.298
21	6	348	144	0.5247	0.025	0.048	0.008	0.000	0.000	0.023	0.093	0.061	0.037	0.018	3.633	0.981	0.019	0.093	-1930.897
21	6	337	231	0.6013	0.111	0.156	0.036	0.010	0.009	0.043	0.386	0.134	0.045	0.126	3.407	0.739	0.098	0.098	-2578.817
21	6	669	402	0.6417	0.136	0.214	0.071	0.012	0.001	0.053	0.521	0.066	0.095	0.120	4.170	0.932	0.053	0.036	-5034.962
21	6	298	237	0.5081	0.189	0.237	0.028	0.005	0.019	0.082	0.485	0.083	0.121	0.219	2.825	0.792	0.208	0.105	-2599.656
21	6	452	306	0.5361	0.085	0.160	0.058	0.009	0.004	0.055	0.323	0.108	0.105	0.137	3.752	0.709	0.291	0.200	-3678.740
21	6	363	215	0.6310	0.158	0.063	0.021	0.017	0.003	0.034	0.283	0.032	0.092	0.114	3.138	0.986	0.014	0.093	-2533.825
21	6	657	335	0.5114	0.000	0.053	0.025	0.005	0.003	0.034	0.243	0.088	0.072	0.318	3.672	0.948	0.052	0.045	-4529.253
21	6	183	128	0.4951	0.149	0.095	0.051	0.011	0.017	0.000	0.300	0.052	0.119	0.053	2.706	0.684	0.000	0.133	-1290.666
21	6	320	187	0.5547	0.125	0.137	0.014	0.003	0.010	0.030	0.203	0.049	0.087	0.105	4.823	0.819	0.022	0.025	-2067.884
21	6	407	130	0.5006	0.000	0.038	0.000	0.005	0.000	0.008	0.087	0.033	0.052	0.017	2.623	0.959	0.041	0.056	-2099.638
21	6	880	405	0.4408	0.087	0.080	0.012	0.008	0.009	0.026	0.213	0.075	0.069	0.070	2.586	0.955	0.040	0.056	-5771.169
21	6	380	256	0.5125	0.148	0.147	0.022	0.013	0.005	0.033	0.609	0.154	0.137	0.134	3.290	0.933	0.067	0.071	-3053.325
21	6	497	332	0.6082	0.082	0.290	0.057	0.000	0.000	0.035	0.454	0.123	0.125	0.144	5.469	0.655	0.229	0.062	-4016.550
21	6	339	197	0.5147	0.072	0.054	0.017	0.009	0.000	0.041	0.354	0.073	0.027	0.123	5.517	0.952	0.048	0.040	-2239.582
21	6	1055	673	0.4086	0.129	0.148	0.030	0.005	0.007	0.036	0.513	0.145	0.168	0.101	3.773	0.785	0.215	0.125	-8725.790
21	6	159	120	0.4695	0.065	0.023	0.026	0.006	0.000	0.020	0.433	0.018	0.042	0.089	2.130	0.876	0.033	0.061	-995.757
21	6	214	158	0.6518	0.105	0.176	0.081	0.019	0.022	0.079	0.279	0.138	0.045	0.150	4.925	0.792	0.078	0.044	-1631.921
21	6	459	177	0.5035	0.003	0.069	0.007	0.007	0.000	0.016	0.128	0.042	0.043	0.040	3.419	1.000	0.000	0.031	-2516.493
21	6	497	230	0.6125	0.078	0.131	0.032	0.010	0.010	0.054	0.251	0.102	0.025	0.093	4.245	0.946	0.000	0.010	-2980.739
21	6	470	358	0.6584	0.436	0.214	0.046	0.015	0.000	0.067	0.756	0.107	0.097	0.424	4.410	0.884	0.116	0.079	-4006.252
21	6	527	332	0.4371	0.064	0.145	0.013	0.015	0.002	0.064	0.416	0.142	0.240	0.182	3.042	0.796	0.202	0.046	-4266.129
21	6	333	161	0.4309	0.049	0.064	0.020	0.009	0.003	0.016	0.165	0.064	0.068	0.000	7.092	0.725	0.000	0.077	-1956.885
21	6	603	383	0.4457	0.139	0.148	0.033	0.014	0.006	0.028	0.462	0.088	0.178	0.120	3.143	0.733	0.192	0.075	-4945.616
21	6	402	292	0.6522	0.213	0.192	0.048	0.005	0.011	0.112	0.663	0.204	0.120	0.172	4.306	0.819	0.114	0.105	-3545.156
21	6	381	318	0.6501	0.140	0.496	0.062	0.012	0.013	0.087	1.001	0.228	0.243	0.064	3.303	0.702	0.238	0.091	-3794.844
21	6	342	215	0.4532	0.090	0.038	0.012	0.003	0.000	0.038	0.339	0.116	0.122	0.108	2.024	0.981	0.019	0.060	-2387.293
21	6	449	282	0.5511	0.130	0.167	0.013	0.005	0.009	0.031	0.279	0.162	0.126	0.118	3.164	0.879	0.121	0.108	-3527.750
21	6	623	247	0.4493	0.056	0.052	0.010	0.002	0.000	0.031	0.188	0.083	0.075	0.005	2.854	0.967	0.033	0.022	-3707.516
21	6	304	182	0.5995	0.140	0.129	0.063	0.000	0.007	0.112	0.201	0.057	0.053	0.151	5.441	0.930	0.070	0.054	-2153.893
21	6	281	188	0.6218	0.139	0.179	0.024	0.014	0.046	0.044	0.279	0.106	0.035	0.093	4.777	0.328	0.312	0.000	-2206.459
21	6	251	170	0.5467	0.106	0.050	0.012	0.000	0.008	0.055	0.362	0.057	0.093	0.076	2.851	0.736	0.056	0.021	-1716.300
21	6	437	299	0.4296	0.107	0.146	0.022	0.008	0.009	0.047	0.446	0.194	0.146	0.094	2.995	0.721	0.092	0.096	-3576.330
21	6	278	216	0.6294	0.207	0.208	0.062	0.011	0.000	0.051	0.381	0.124	0.141	0.184	3.565	0.768	0.173	0.114	-2396.622
21	6	326	176	0.3906	0.090	0.097	0.032	0.003	0.000	0.006	0.188	0.147	0.070	0.055	3.036	0.978	0.022	0.034	-2063.191
21	6	329	273	0.5332	0.259	0.341	0.092	0.009	0.006	0.073	1.215	0.237	0.174	0.166	3.441	0.640	0.147	0.119	-3296.393
21	6	680	262	0.5342	0.037	0.069	0.011	0.005	0.005	0.022	0.155	0.072	0.033	0.073	4.993	0.955	0.024	0.075	-4125.291
21	6	192	160	0.5010	0.182	0.172	0.029	0.000	0.016	0.021	0.350	0.085	0.110	0.202	3.357	0.749	0.145	0.139	-1551.558
21	6	661	306	0.4551	0.086	0.118	0.013	0.006	0.003	0.025	0.298	0.120	0.043	0.088	2.514	0.936	0.016	0.023	-4323.115
21	6	300	192	0.5797	0.080	0.094	0.056	0.000	0.007	0.022	0.188	0.108	0.076	0.154	2.718	0.559	0.075	0.061	-2142.322
21	6	334	225	0.5756	0.077	0.154	0.043	0.008	0.011	0.055	0.405	0.128	0.104	0.064	3.300	0.760	0.084	0.036	-2535.106
21	6	209	157	0.6059	0.141	0.062	0.034	0.000	0.005	0.042	0.483	0.080	0.091	0.195	2.595	0.875	0.090	0.123	-1611.991
21	6	583	323	0.4294	0.022	0.086	0.020	0.007	0.005	0.017	0.309	0.130	0.183	0.077	2.553	0.881	0.119	0.091	-4269.685
21	6	918	495	0.6371	0.143	0.171	0.056	0.011	0.021	0.051	0.342	0.106	0.089	0.121	4.717	0.867	0.133	0.080	-7248.499
21	6	352	153	0.6595	0.067	0.045	0.015	0.003	0.006	0.033	0.257	0.010	0.065	0.018	2.684	0.993	0.005	0.033	-1978.846
21	6	1107	574	0.4854	0.259	0.123	0.028	0.009	0.008	0.033	0.379	0.130	0.118	0.201	3.513	0.958	0.042	0.046	-8496.890
21	6	564	330	0.4058	0.048	0.099	0.010	0.012	0.005	0.053	0.467	0.139	0.138	0.143	3.371	0.824	0.150	0.079	-4373.366
21	6	454	273	0.4941	0.165	0.082	0.020	0.000	0.011	0.045	0.287	0.074	0.133	0.175	3.924	0.817	0.183	0.043	-3395.797
21	6	425	250	0.6066	0.255	0.156	0.009	0.010	0.000	0.064	0.218	0.031	0.075	0.260	2.907	0.978	0.009	0.062	-2992.270
21	6	1176	467	0.4798	0.097	0.074	0.011	0.004	0.004	0.017	0.234	0.094	0.065	0.035	3.647	0.962	0.038	0.100	-7723.875
21	6	531	336	0.5313	0.104	0.108	0.028	0.008	0.004	0.035	0.482	0.097	0.093	0.115	3.942	0.921	0.079	0.064	-3929.375
21	6	541	274	0.4169	0.070	0.094	0.018	0.002	0.006	0.038	0.240	0.086	0.091	0.041	3.534	0.926	0.053	0.057	-3592.558
21	6	323	271	0.4705	0.193	0.103	0.032	0.014	0.018	0.088	0.776	0.163	0.213	0.142	4.197	0.172	0.119	0.154	-3080.856
21	6	482	339	0.6700	0.320	0.204	0.035	0.010	0.016	0.088	0.534	0.141	0.090	0.335	5.956	0.855	0.145	0.068	-4058.533
21	6	280	210	0.6109	0.269	0.178	0.032	0.004	0.004	0.061	0.429	0.113	0.114	0.189	5.437	0.822	0.097	0.131	-2298.706
21	6	989	589	0.5328	0.172	0.132	0.026	0.009	0.009	0.049	0.393	0.095	0.108	0.155	5.534	0.678	0.259	0.112	-7766.140
21	6	304	222	0.5664	0.088	0.105	0.010	0.004	0.009	0.059	0.386	0.176	0.164	0.087	2.636	0.905	0.071	0.098	-2426.790
21	6	415	239	0.4875	0.097	0.086	0.024	0.003	0.010	0.021	0.324	0.115	0.082	0.095	2.809	0.779	0.024	0.056	-2856.866
21	6	338	243	0.4281	0.141	0.305	0.022	0.025	0.027	0.041	0.530	0.135	0.084	0.124	4.131	0.476	0.384	0.058	-2962.400
21	6	386	155	0.6397	0.051	0.068	0.053	0.005	0.000	0.006	0.217	0.114	0.000	0.019	5.353	0.892	0.041	0.000	-2164.787
21	6	285	173	0.5584	0.054	0.104	0.047	0.009	0.006	0.017	0.202	0.091	0.074	0.107	4.495	0.954	0.022	0.055	-1875.386
21	6	346	296	0.5518	0.190	0.465	0.056	0.018	0.012	0.070	0.903	0.171	0.085	0.256	4.429	0.481	0.341	0.040	-3394.919
21	6	1643	994	0.3832	0.177	0.142	0.030	0.009	0.006	0.055	0.546	0.145	0.151	0.173	2.955	0.749	0.251	0.153	-14363.347
21	6	434	323	0.5449	0.200	0.145	0.000	0.014	0.007	0.042	0.499	0.132	0.165	0.200	4.684	0.805	0.195	0.173	-3665.602
21	6	297	197	0.5116	0.293	0.032	0.009	0.007	0.003	0.044	0.330	0.126	0.151	0.005	3.033	0.961	0.039	0.035	-2117.243
21	6	293	223	0.5630	0.497	0.079	0.007	0.020	0.016	0.117	0.492	0.119	0.121	0.443	4.810	0.000	0.000	0.061	-2607.395
21	6	490	310	0.5211	0.126	0.186	0.031	0.007	0.019	0.071	0.393	0.113	0.128	0.082	3.674	0.835	0.102	0.067	-3890.048
21	6	427	240	0.5038	0.044	0.094	0.037	0.012	0.007	0.018	0.242	0.087	0.047	0.136	3.472	0.898	0.084	0.029	-2853.974
21	6	417	231	0.5480	0.086	0.081	0.032	0.011	0.011	0.058	0.305	0.044	0.109	0.086	3.517	0.940	0.060	0.049	-2909.576
21	6	496	183	0.5236	0.081	0.044	0.004	0.000	0.006	0.009	0.086	0.048	0.056	0.024	4.676	0.957	0.043	0.002	-2729.612
21	6	777	396	0.6036	0.159	0.177	0.045	0.011	0.006	0.052	0.296	0.093	0.092	0.104	5.578	0.927	0.073	0.036	-5572.230
21	6	636	270	0.4304	0.077	0.058	0.020	0.002	0.004	0.027	0.236	0.033	0.081	0.081	3.525	0.862	0.049	0.020	-4009.633
21	6	363	270	0.5981	0.075	0.227	0.063	0.003	0.008	0.081	0.564	0.180	0.110	0.158	3.434	0.747	0.137	0.078	-3113.607
21	6	160	103	0.5299	0.055	0.045	0.000	0.000	0.000	0.020	0.230	0.105	0.072	0.033	3.181	0.835	0.022	0.057	-996.381
21	6	404	234	0.6278	0.140	0.133	0.003	0.007	0.008	0.025	0.151	0.125	0.086	0.090	5.380	0.861	0.037	0.043	-2724.786
21	6	470	306	0.4732	0.137	0.130	0.014	0.009	0.000	0.024	0.469	0.093	0.158	0.099	3.189	0.891	0.104	0.060	-3560.123
21	6	451	286	0.4273	0.096	0.094	0.021	0.005	0.009	0.018	0.500	0.147	0.104	0.083	3.277	0.884	0.068	0.131	-3456.960
21	6	247	203	0.5333	0.211	0.166	0.020	0.011	0.014	0.074	0.599	0.128	0.109	0.200	4.312	0.105	0.047	0.086	-2218.709
21	6	327	180	0.5957	0.135	0.090	0.018	0.009	0.009	0.014	0.272	0.040	0.137	0.188	5.795	0.978	0.020	0.029	-2141.116
21	6	264	209	0.4619	0.195	0.128	0.047	0.004	0.004	0.046	0.504	0.153	0.126	0.197	2.969	0.584	0.082	0.111	-2240.544
21	6	302	109	0.4452	0.001	0.033	0.009	0.003	0.000	0.008	0.118	0.003	0.021	0.041	3.581	0.811	0.034	0.020	-1561.252
21	6	553	322	0.6167	0.108	0.116	0.028	0.008	0.003	0.053	0.390	0.088	0.093	0.085	4.627	0.894	0.055	0.044	-3872.657
21	6	254	214	0.5112	0.252	0.257	0.049	0.015	0.031	0.063	0.708	0.061	0.187	0.219	4.914	0.120	0.051	0.160	-2444.065
21	6	317	174	0.6547	0.096	0.186	0.020	0.004	0.003	0.099	0.358	0.054	0.078	0.013	9.547	0.969	0.031	0.035	-2059.828
21	6	200	145	0.4094	0.051	0.159	0.054	0.000	0.000	0.105	0.501	0.134	0.097	0.035	5.773	0.549	0.240	0.011	-1520.321
21	6	285	195	0.5510	0.128	0.104	0.025	0.009	0.006	0.053	0.356	0.085	0.078	0.073	4.816	0.782	0.170	0.064	-2096.282
21	6	543	307	0.6002	0.130	0.099	0.037	0.004	0.008	0.048	0.353	0.059	0.072	0.127	3.351	0.848	0.088	0.044	-3893.303
21	6	365	238	0.5273	0.134	0.143	0.017	0.003	0.006	0.024	0.234	0.108	0.083	0.060	3.296	0.749	0.111	0.093	-2645.340
21	6	306	192	0.6951	0.119	0.158	0.042	0.011	0.013	0.056	0.353	0.075	0.139	0.074	3.523	0.868	0.057	0.062	-2242.325
21	6	332	260	0.6298	0.205	0.347	0.029	0.047	0.090	0.102	0.680	0.095	0.137	0.206	5.588	0.742	0.250	0.071	-2948.152
21	6	353	235	0.5368	0.159	0.118	0.005	0.009	0.009	0.030	0.436	0.105	0.108	0.094	3.769	0.870	0.130	0.066	-2681.639
21	6	349	166	0.4609	0.029	0.173	0.036	0.000	0.006	0.006	0.144	0.024	0.009	0.038	2.862	0.482	0.116	0.018	-2124.505
21	6	738	483	0.4603	0.039	0.092	0.028	0.004	0.006	0.036	0.670	0.129	0.228	0.128	3.852	0.817	0.183	0.130	-6111.861
21	6	591	425	0.4209	0.091	0.176	0.025	0.032	0.003	0.041	0.618	0.229	0.106	0.167	3.440	0.783	0.217	0.208	-5131.903
21	6	385	288	0.5113	0.176	0.126	0.032	0.008	0.008	0.048	0.296	0.223	0.162	0.168	3.710	0.416	0.116	0.181	-3332.758
21	6	282	185	0.4515	0.223	0.064	0.022	0.011	0.000	0.027	0.633	0.080	0.066	0.221	2.947	0.815	0.079	0.064	-2112.940
21	6	197	164	0.4584	0.120	0.087	0.046	0.025	0.000	0.040	0.795	0.143	0.095	0.095	4.079	0.194	0.053	0.110	-1662.536
21	6	287	230	0.6048	0.378	0.150	0.058	0.015	0.017	0.047	0.433	0.139	0.105	0.344	2.921	0.794	0.068	0.157	-2604.786
21	6	269	214	0.5215	0.195	0.114	0.013	0.015	0.008	0.046	0.326	0.147	0.138	0.187	4.625	0.313	0.099	0.177	-2222.167
21	6	244	158	0.6914	0.095	0.099	0.007	0.022	0.005	0.016	0.483	0.003	0.208	0.079	5.562	0.895	0.033	0.042	-1623.559
21	6	953	581	0.4059	0.128	0.162	0.025	0.013	0.011	0.021	0.333	0.119	0.180	0.129	4.084	0.624	0.297	0.091	-7665.008
21	6	302	171	0.6830	0.078	0.128	0.031	0.007	0.007	0.039	0.205	0.091	0.056	0.157	4.696	0.972	0.000	0.084	-2002.509
21	6	312	242	0.4418	0.127	0.181	0.026	0.005	0.011	0.080	0.582	0.182	0.130	0.171	3.933	0.234	0.211	0.035	-2827.040
21	6	319	184	0.4623	0.073	0.043	0.013	0.009	0.011	0.019	0.294	0.076	0.156	0.071	3.498	0.843	0.040	0.022	-2120.483
21	6	616	247	0.4623	0.035	0.052	0.015	0.000	0.008	0.017	0.203	0.044	0.041	0.045	5.820	0.908	0.023	0.048	-3605.048
21	6	429	324	0.4059	0.267	0.148	0.031	0.008	0.007	0.027	0.466	0.117	0.153	0.296	3.380	0.741	0.161	0.147	-3756.314
21	6	548	253	0.4082	0.056	0.070	0.012	0.003	0.008	0.023	0.200	0.113	0.059	0.084	2.734	0.898	0.051	0.032	-3500.639
21	6	315	198	0.7429	0.167	0.115	0.048	0.027	0.010	0.057	0.287	0.131	0.174	0.096	4.766	0.861	0.093	0.081	-2401.128
21	6	491	274	0.5094	0.108	0.127	0.029	0.012	0.004	0.044	0.206	0.062	0.116	0.046	3.872	0.906	0.094	0.087	-3476.715
21	6	654	238	0.4196	0.053	0.063	0.009	0.002	0.000	0.021	0.151	0.046	0.126	0.016	2.650	0.969	0.027	0.023	-3787.050
21	6	481	182	0.4703	0.028	0.030	0.011	0.002	0.000	0.008	0.150	0.054	0.044	0.057	2.140	0.979	0.021	0.025	-2726.923
21	6	341	258	0.5393	0.170	0.182	0.036	0.017	0.013	0.058	0.423	0.127	0.085	0.225	3.491	0.788	0.110	0.115	-2885.818
21	6	144	104	0.5174	0.106	0.160	0.038	0.000	0.014	0.043	0.189	0.047	0.122	0.139	3.845	0.753	0.247	0.024	-1057.543
21	6	137	121	0.4586	0.388	0.076	0.014	0.007	0.000	0.016	0.798	0.091	0.245	0.331	4.140	0.000	0.000	0.162	-1262.203
21	6	987	535	0.5059	0.174	0.175	0.025	0.005	0.006	0.042	0.416	0.106	0.081	0.171	2.341	0.924	0.076	0.078	-7697.199
21	6	150	116	0.4779	0.152	0.041	0.021	0.027	0.000	0.000	0.365	0.149	0.046	0.101	8.848	0.000	0.000	0.128	-1064.239
21	6	252	165	0.3940	0.153	0.120	0.028	0.004	0.000	0.016	0.304	0.033	0.051	0.138	6.248	0.791	0.108	0.122	-1754.348
21	6	579	355	0.4604	0.099	0.170	0.023	0.006	0.010	0.025	0.303	0.112	0.111	0.104	3.222	0.791	0.191	0.068	-4343.679
21	6	254	180	0.4587	0.098	0.154	0.022	0.008	0.004	0.025	0.357	0.151	0.143	0.041	2.448	0.959	0.041	0.083	-1903.325
21	6	1442	625	0.5180	0.119	0.116	0.027	0.009	0.008	0.031	0.344	0.114	0.098	0.066	3.104	0.877	0.067	0.066	-10466.340
21	6	175	149	0.4001	0.158	0.298	0.025	0.006	0.012	0.074	0.505	0.090	0.175	0.181	4.801	0.333	0.667	0.051	-1522.209
21	6	226	140	0.4693	0.039	0.097	0.009	0.000	0.000	0.018	0.159	0.146	0.135	0.107	4.961	0.933	0.033	0.040	-1460.180
21	6	378	288	0.6451	0.270	0.425	0.080	0.016	0.028	0.106	0.843	0.114	0.144	0.279	6.608	0.895	0.105	0.073	-3418.332
21	6	187	163	0.4875	0.169	0.825	0.000	0.007	0.021	0.077	0.277	0.164	0.061	0.195	2.932	0.541	0.173	0.038	-1706.721
21	6	202	141	0.5850	0.094	0.167	0.035	0.021	0.005	0.062	0.373	0.123	0.054	0.141	5.987	0.650	0.350	0.056	-1565.264
21	6	172	120	0.4968	0.086	0.027	0.022	0.006	0.006	0.022	0.297	0.111	0.067	0.148	1.900	0.918	0.040	0.062	-1176.296
21	6	148	126	0.5957	0.285	0.035	0.041	0.043	0.000	0.052	0.468	0.162	0.084	0.237	2.589	0.000	0.000	0.137	-1296.462
21	6	601	391	0.4315	0.126	0.171	0.028	0.017	0.014	0.068	0.311	0.133	0.146	0.154	3.172	0.756	0.143	0.124	-4978.305
21	6	154	125	0.4735	0.070	0.193	0.027	0.000	0.020	0.094	0.321	0.163	0.199	0.118	5.392	0.722	0.275	0.009	-1224.353
21	6	111	75	0.6001	0.073	0.074	0.000	0.000	0.000	0.009	0.122	0.019	0.017	0.146	13.499	0.911	0.089	0.131	-632.184
21	6	241	161	0.4315	0.101	0.124	0.021	0.000	0.000	0.022	0.370	0.102	0.095	0.127	4.153	0.656	0.208	0.074	-1814.301
21	6	312	242	0.5876	0.155	0.160	0.004	0.003	0.000	0.039	0.533	0.158	0.160	0.132	5.504	0.313	0.687	0.000	-2658.226
21	6	145	128	0.6403	0.772	0.783	0.026	0.034	0.003	0.074	0.610	0.128	0.091	0.778	6.440	0.619	0.225	0.078	-1389.898
21	6	312	246	0.7226	0.293	0.424	0.057	0.000	0.070	0.045	1.016	0.116	0.114	0.290	10.099	0.846	0.154	0.064	-2625.118
21	6	232	156	0.5938	0.122	0.079	0.004	0.004	0.014	0.037	0.537	0.067	0.056	0.103	2.883	0.917	0.083	0.064	-1663.094
21	6	422	246	0.5788	0.122	0.170	0.034	0.000	0.007	0.041	0.266	0.048	0.074	0.117	4.403	0.887	0.029	0.041	-2885.907
