1	8	10000	9276	0.5120	0.299	0.294	0.292	0.295	0.300	0.305	0.293	0.295	0.303	0.309	0.301	0.289	0.302	0.304	1.993	0.571	0.285	0.191	1.000	-178088.244
2	8	10000	9280	0.5111	0.321	0.304	0.292	0.301	0.295	0.304	0.313	0.270	0.301	0.288	0.315	0.308	0.291	0.300	2.018	0.610	0.313	0.206	1.000	-179159.285
3	8	10000	9240	0.5111	0.271	0.289	0.302	0.303	0.278	0.303	0.301	0.323	0.302	0.298	0.294	0.307	0.282	0.309	1.999	0.590	0.313	0.196	1.148	-178076.971
4	8	10000	9291	0.5161	0.290	0.303	0.310	0.317	0.306	0.314	0.294	0.302	0.296	0.297	0.299	0.302	0.302	0.298	1.990	0.592	0.288	0.201	1.046	-179285.194
5	8	10000	9274	0.5130	0.120	0.322	0.305	0.302	0.299	0.311	0.293	0.491	0.318	0.307	0.297	0.295	0.308	0.302	2.009	0.608	0.314	0.205	1.000	-179994.411
6	8	10000	9259	0.5124	0.312	0.312	0.300	0.297	0.290	0.296	0.304	0.282	0.285	0.290	0.297	0.306	0.291	0.291	1.985	0.599	0.306	0.203	1.000	-178003.538
7	8	10000	9262	0.5143	0.279	0.296	0.294	0.294	0.298	0.284	0.304	0.309	0.281	0.291	0.298	0.300	0.294	0.291	1.968	0.608	0.290	0.199	1.099	-177224.018
8	8	10000	9225	0.5133	0.361	0.307	0.293	0.295	0.296	0.297	0.299	0.254	0.308	0.297	0.289	0.299	0.296	0.302	2.025	0.593	0.295	0.196	1.000	-177913.979
9	8	10000	9272	0.5151	0.279	0.301	0.295	0.304	0.303	0.319	0.304	0.326	0.301	0.299	0.304	0.287	0.291	0.311	2.028	0.636	0.311	0.207	1.510	-179205.572
10	8	10000	9307	0.5139	0.281	0.312	0.299	0.303	0.302	0.300	0.308	0.329	0.304	0.295	0.295	0.311	0.311	0.307	1.972	0.578	0.304	0.203	1.000	-180245.402
11	8	10000	9231	0.5102	0.001	0.310	0.293	0.304	0.294	0.301	0.292	0.586	0.314	0.297	0.302	0.306	0.302	0.301	2.022	0.574	0.288	0.198	1.054	-178667.393
12	8	10000	9289	0.5171	0.301	0.295	0.306	0.308	0.291	0.300	0.307	0.290	0.283	0.304	0.293	0.306	0.295	0.309	2.044	0.610	0.303	0.200	1.514	-178469.681
13	8	10000	9295	0.5099	0.295	0.307	0.297	0.302	0.304	0.309	0.299	0.312	0.294	0.300	0.310	0.315	0.287	0.302	2.022	0.618	0.306	0.202	1.000	-178901.550
14	8	10000	9314	0.5121	0.264	0.312	0.292	0.308	0.308	0.295	0.305	0.349	0.312	0.317	0.294	0.279	0.300	0.308	2.000	0.590	0.294	0.205	1.000	-179618.043
15	8	10000	9225	0.5150	0.298	0.294	0.308	0.298	0.295	0.296	0.297	0.294	0.313	0.306	0.311	0.279	0.303	0.305	1.970	0.614	0.294	0.197	1.000	-178365.281
16	8	10000	9263	0.5133	0.344	0.313	0.296	0.291	0.297	0.302	0.303	0.277	0.300	0.292	0.300	0.297	0.304	0.300	2.002	0.646	0.321	0.207	2.203	-178693.473
17	8	10000	9278	0.5164	0.303	0.287	0.297	0.306	0.296	0.290	0.314	0.291	0.293	0.308	0.307	0.296	0.299	0.310	1.987	0.611	0.308	0.206	1.000	-179019.944
18	8	10000	9286	0.5148	0.311	0.305	0.308	0.310	0.303	0.297	0.296	0.273	0.288	0.301	0.299	0.308	0.307	0.305	2.032	0.587	0.295	0.198	1.000	-178978.459
19	8	10000	9267	0.5141	0.317	0.293	0.308	0.301	0.287	0.303	0.302	0.299	0.299	0.296	0.304	0.304	0.299	0.296	2.014	0.595	0.305	0.195	1.301	-178724.545
20	8	10000	9248	0.5168	0.293	0.297	0.308	0.298	0.305	0.282	0.303	0.295	0.296	0.298	0.299	0.304	0.291	0.295	2.004	0.609	0.309	0.199	1.233	-178154.109
21	8	10000	9288	0.5134	0.032	0.315	0.295	0.304	0.299	0.299	0.302	0.586	0.290	0.300	0.306	0.297	0.294	0.315	2.013	0.619	0.302	0.198	1.000	-178624.320
22	8	10000	9311	0.5150	0.306	0.295	0.301	0.290	0.309	0.303	0.308	0.301	0.295	0.304	0.305	0.299	0.302	0.290	1.987	0.618	0.312	0.206	1.000	-179379.098
23	8	10000	9274	0.5137	0.295	0.309	0.301	0.303	0.296	0.304	0.285	0.316	0.303	0.301	0.301	0.288	0.299	0.303	1.954	0.586	0.291	0.200	1.032	-178851.988
24	8	10000	9343	0.5123	0.279	0.295	0.302	0.301	0.306	0.304	0.302	0.306	0.313	0.288	0.303	0.291	0.291	0.293	2.023	0.605	0.276	0.205	1.000	-177926.288
25	8	10000	9260	0.5119	0.266	0.314	0.302	0.295	0.295	0.282	0.316	0.325	0.299	0.308	0.303	0.304	0.303	0.287	2.006	0.597	0.302	0.193	1.000	-178252.142
26	8	10000	9282	0.5164	0.279	0.310	0.296	0.293	0.294	0.312	0.322	0.308	0.306	0.298	0.301	0.288	0.303	0.307	1.994	0.565	0.285	0.197	1.000	-179136.883
27	8	10000	9303	0.5134	0.342	0.291	0.312	0.300	0.301	0.300	0.302	0.290	0.305	0.309	0.300	0.292	0.311	0.285	1.987	0.578	0.281	0.197	1.000	-179348.203
28	8	10000	9260	0.5101	0.290	0.305	0.304	0.306	0.309	0.298	0.300	0.285	0.299	0.288	0.304	0.302	0.301	0.295	2.004	0.597	0.314	0.198	1.415	-178535.003
29	8	10000	9233	0.5121	0.291	0.294	0.301	0.292	0.287	0.304	0.303	0.303	0.298	0.306	0.296	0.301	0.286	0.303	1.971	0.601	0.293	0.199	1.102	-178013.939
30	8	10000	9292	0.5136	0.307	0.312	0.302	0.303	0.288	0.307	0.314	0.292	0.307	0.299	0.300	0.313	0.300	0.293	1.960	0.585	0.288	0.197	1.000	-179015.107
31	8	10000	9269	0.5161	0.299	0.322	0.292	0.306	0.298	0.296	0.310	0.296	0.306	0.303	0.292	0.296	0.302	0.301	2.000	0.595	0.307	0.195	1.308	-178921.751
32	8	10000	9282	0.5150	0.300	0.301	0.302	0.286	0.303	0.305	0.311	0.334	0.301	0.298	0.299	0.292	0.305	0.296	2.017	0.593	0.299	0.202	1.149	-179169.523
33	8	10000	9281	0.5138	0.256	0.307	0.313	0.291	0.302	0.306	0.307	0.331	0.309	0.292	0.294	0.292	0.298	0.294	2.023	0.555	0.294	0.192	1.000	-178537.410
34	8	10000	9255	0.5103	0.307	0.310	0.307	0.302	0.280	0.293	0.296	0.280	0.303	0.290	0.299	0.296	0.310	0.294	1.994	0.636	0.309	0.198	1.665	-177892.578
35	8	10000	9238	0.5096	0.301	0.297	0.296	0.298	0.300	0.304	0.287	0.302	0.286	0.296	0.300	0.290	0.304	0.297	2.040	0.611	0.300	0.200	1.111	-177385.486
36	8	10000	9246	0.5141	0.342	0.306	0.293	0.300	0.287	0.307	0.290	0.305	0.293	0.293	0.309	0.299	0.291	0.303	2.032	0.662	0.334	0.207	12.981	-178070.241
37	8	10000	9272	0.5102	0.621	0.300	0.306	0.293	0.299	0.290	0.299	0.000	0.292	0.289	0.290	0.297	0.300	0.289	1.986	0.668	0.332	0.213	106.482	-178132.081
38	8	10000	9273	0.5146	0.616	0.295	0.305	0.284	0.300	0.304	0.305	0.000	0.301	0.306	0.287	0.306	0.298	0.310	2.030	0.606	0.308	0.204	1.180	-179064.784
39	8	10000	9289	0.5133	0.298	0.295	0.289	0.303	0.307	0.292	0.309	0.306	0.295	0.294	0.298	0.299	0.302	0.298	1.958	0.601	0.298	0.200	1.000	-178492.466
40	8	10000	9315	0.5136	0.313	0.306	0.303	0.294	0.301	0.308	0.313	0.289	0.301	0.297	0.298	0.304	0.317	0.305	2.039	0.600	0.307	0.198	1.059	-179491.175
41	8	10000	9314	0.5155	0.292	0.299	0.322	0.293	0.300	0.299	0.300	0.302	0.292	0.301	0.306	0.321	0.294	0.307	1.978	0.580	0.303	0.205	1.000	-179877.765
42	8	10000	9309	0.5144	0.447	0.303	0.302	0.300	0.304	0.303	0.300	0.154	0.303	0.293	0.306	0.278	0.299	0.301	1.989	0.611	0.307	0.199	1.000	-178746.900
43	8	10000	9316	0.5133	0.322	0.296	0.292	0.312	0.311	0.298	0.314	0.281	0.293	0.302	0.311	0.304	0.296	0.313	2.038	0.597	0.320	0.200	1.000	-179888.280
44	8	10000	9307	0.5150	0.258	0.293	0.302	0.284	0.302	0.284	0.308	0.325	0.303	0.310	0.290	0.292	0.301	0.313	1.977	0.597	0.279	0.206	1.169	-178230.273
45	8	10000	9312	0.5132	0.257	0.314	0.307	0.308	0.309	0.303	0.301	0.345	0.295	0.304	0.302	0.304	0.296	0.297	1.975	0.584	0.288	0.202	1.000	-179550.929
46	8	10000	9287	0.5147	0.309	0.300	0.309	0.295	0.305	0.315	0.294	0.300	0.305	0.304	0.289	0.290	0.300	0.305	1.986	0.643	0.305	0.207	1.695	-178860.685
47	8	10000	9229	0.5183	0.269	0.301	0.307	0.288	0.301	0.305	0.291	0.331	0.300	0.304	0.293	0.310	0.308	0.297	2.011	0.602	0.308	0.193	1.135	-178441.844
48	8	10000	9277	0.5139	0.292	0.308	0.304	0.299	0.289	0.293	0.307	0.321	0.294	0.302	0.301	0.296	0.304	0.302	2.012	0.644	0.300	0.204	1.992	-178612.639
49	8	10000	9287	0.5124	0.310	0.305	0.292	0.298	0.299	0.313	0.292	0.297	0.299	0.305	0.301	0.292	0.293	0.301	2.013	0.574	0.292	0.201	1.000	-178766.309
50	8	10000	9251	0.5107	0.298	0.298	0.298	0.300	0.301	0.306	0.292	0.287	0.302	0.286	0.302	0.297	0.304	0.292	2.004	0.603	0.308	0.203	1.065	-178171.684
51	8	10000	9271	0.5185	0.277	0.300	0.296	0.292	0.303	0.295	0.293	0.315	0.303	0.299	0.299	0.300	0.294	0.295	1.966	0.612	0.303	0.199	1.221	-178012.463
52	8	10000	9249	0.5130	0.313	0.292	0.288	0.305	0.289	0.289	0.320	0.292	0.288	0.294	0.310	0.296	0.301	0.293	2.001	0.645	0.321	0.195	1.982	-177699.076
53	8	10000	9282	0.5156	0.271	0.307	0.311	0.299	0.313	0.289	0.300	0.319	0.308	0.303	0.292	0.298	0.301	0.300	2.004	0.608	0.303	0.198	1.000	-179034.712
54	8	10000	9295	0.5122	0.322	0.301	0.294	0.303	0.306	0.306	0.297	0.284	0.299	0.297	0.297	0.288	0.293	0.299	2.031	0.638	0.313	0.205	1.000	-178245.765
55	8	10000	9269	0.5176	0.253	0.294	0.298	0.296	0.277	0.308	0.300	0.315	0.316	0.297	0.282	0.287	0.288	0.311	1.978	0.600	0.289	0.198	1.051	-177271.125
56	8	10000	9281	0.5106	0.331	0.305	0.299	0.309	0.309	0.306	0.300	0.271	0.300	0.306	0.291	0.314	0.291	0.311	2.037	0.605	0.294	0.204	1.000	-178954.229
57	8	10000	9289	0.5114	0.303	0.296	0.294	0.303	0.311	0.314	0.301	0.287	0.307	0.305	0.300	0.289	0.298	0.306	1.982	0.638	0.314	0.200	2.003	-178845.502
58	8	10000	9288	0.5138	0.276	0.292	0.299	0.309	0.284	0.295	0.305	0.335	0.307	0.308	0.292	0.297	0.291	0.305	2.025	0.621	0.315	0.198	1.341	-178476.274
59	8	10000	9251	0.5119	0.336	0.303	0.299	0.294	0.301	0.298	0.297	0.259	0.288	0.304	0.294	0.293	0.299	0.310	1.993	0.621	0.284	0.204	1.000	-177884.220
60	8	10000	9296	0.5144	0.317	0.308	0.305	0.283	0.298	0.312	0.290	0.302	0.293	0.303	0.303	0.312	0.299	0.305	1.978	0.624	0.309	0.200	1.374	-178978.771
61	8	10000	9241	0.5105	0.311	0.294	0.310	0.300	0.299	0.297	0.300	0.283	0.305	0.295	0.312	0.288	0.305	0.291	1.956	0.592	0.295	0.200	1.000	-178518.318
62	8	10000	9299	0.5141	0.324	0.309	0.288	0.304	0.307	0.295	0.317	0.269	0.298	0.303	0.307	0.284	0.308	0.310	2.003	0.592	0.301	0.196	1.000	-179084.219
63	8	10000	9272	0.5103	0.287	0.293	0.292	0.307	0.296	0.310	0.299	0.322	0.301	0.298	0.295	0.294	0.314	0.295	2.009	0.640	0.306	0.208	1.217	-178747.923
64	8	10000	9246	0.5150	0.280	0.312	0.289	0.306	0.291	0.302	0.301	0.337	0.310	0.289	0.301	0.294	0.310	0.301	2.042	0.619	0.305	0.201	1.048	-178610.614
65	8	10000	9304	0.5118	0.298	0.318	0.303	0.295	0.304	0.299	0.296	0.304	0.305	0.313	0.294	0.295	0.306	0.305	1.981	0.606	0.304	0.201	1.230	-179258.004
66	8	10000	9221	0.5167	0.318	0.287	0.302	0.308	0.294	0.294	0.295	0.286	0.294	0.298	0.286	0.300	0.305	0.302	1.997	0.615	0.296	0.202	1.455	-178075.031
67	8	10000	9316	0.5146	0.297	0.308	0.310	0.302	0.297	0.318	0.290	0.339	0.305	0.311	0.292	0.302	0.300	0.304	1.977	0.591	0.320	0.194	1.000	-179834.793
68	8	10000	9282	0.5136	0.315	0.287	0.302	0.308	0.327	0.292	0.304	0.261	0.330	0.302	0.303	0.291	0.295	0.307	2.008	0.604	0.322	0.196	1.611	-179104.175
69	8	10000	9182	0.5114	0.284	0.305	0.306	0.289	0.293	0.296	0.288	0.317	0.283	0.301	0.290	0.310	0.297	0.289	2.015	0.623	0.298	0.202	1.000	-177235.030
70	8	10000	9278	0.5183	0.264	0.304	0.303	0.309	0.311	0.291	0.289	0.341	0.283	0.302	0.309	0.297	0.314	0.293	2.027	0.609	0.310	0.197	1.000	-178760.451
71	8	10000	9249	0.5132	0.303	0.298	0.318	0.283	0.287	0.305	0.297	0.289	0.304	0.285	0.292	0.288	0.295	0.303	1.984	0.627	0.305	0.199	1.444	-177487.369
72	8	10000	9274	0.5137	0.312	0.294	0.297	0.301	0.317	0.311	0.305	0.284	0.300	0.298	0.314	0.310	0.297	0.310	2.016	0.604	0.311	0.199	1.141	-179686.589
73	8	10000	9234	0.5097	0.332	0.290	0.294	0.300	0.307	0.299	0.303	0.292	0.300	0.304	0.295	0.303	0.307	0.295	1.966	0.611	0.297	0.204	1.000	-178601.169
74	8	10000	9294	0.5157	0.287	0.314	0.298	0.297	0.309	0.312	0.291	0.314	0.287	0.302	0.302	0.304	0.302	0.305	2.022	0.611	0.316	0.210	1.284	-179600.601
75	8	10000	9274	0.5136	0.323	0.301	0.302	0.306	0.294	0.295	0.302	0.271	0.291	0.298	0.305	0.301	0.319	0.294	1.970	0.603	0.307	0.197	1.000	-178947.866
76	8	10000	9293	0.5155	0.306	0.311	0.291	0.310	0.307	0.299	0.295	0.317	0.311	0.296	0.311	0.296	0.306	0.298	2.006	0.602	0.315	0.193	1.304	-179300.478
77	8	10000	9256	0.5099	0.326	0.314	0.309	0.302	0.286	0.295	0.284	0.266	0.296	0.297	0.302	0.290	0.291	0.301	1.981	0.625	0.309	0.197	1.208	-177550.077
78	8	10000	9298	0.5135	0.285	0.302	0.293	0.301	0.290	0.301	0.304	0.342	0.301	0.303	0.302	0.306	0.297	0.312	2.016	0.606	0.314	0.199	1.434	-179381.259
79	8	10000	9285	0.5149	0.267	0.302	0.308	0.305	0.303	0.293	0.311	0.346	0.306	0.306	0.303	0.295	0.299	0.308	2.002	0.592	0.311	0.195	1.154	-179477.639
80	8	10000	9213	0.5116	0.296	0.304	0.300	0.286	0.300	0.303	0.277	0.311	0.300	0.304	0.295	0.283	0.294	0.295	1.941	0.642	0.304	0.201	1.303	-177221.446
81	8	10000	9272	0.5143	0.280	0.309	0.300	0.297	0.309	0.300	0.304	0.309	0.302	0.291	0.310	0.300	0.296	0.303	2.010	0.596	0.296	0.198	1.028	-178841.333
82	8	10000	9298	0.5149	0.293	0.301	0.298	0.296	0.306	0.304	0.305	0.335	0.293	0.304	0.293	0.309	0.299	0.294	2.014	0.624	0.309	0.205	1.000	-179112.448
83	8	10000	9260	0.5155	0.307	0.286	0.298	0.301	0.310	0.301	0.297	0.291	0.306	0.291	0.290	0.307	0.300	0.297	1.956	0.587	0.289	0.194	1.000	-178160.881
84	8	10000	9260	0.5116	0.306	0.299	0.295	0.297	0.314	0.310	0.295	0.305	0.310	0.301	0.294	0.303	0.308	0.301	2.005	0.618	0.301	0.197	1.000	-178696.142
85	8	10000	9293	0.5113	0.292	0.300	0.303	0.295	0.306	0.297	0.303	0.310	0.304	0.288	0.316	0.306	0.295	0.307	2.056	0.587	0.294	0.199	1.186	-178785.281
86	8	10000	9271	0.5102	0.349	0.304	0.288	0.306	0.298	0.304	0.295	0.267	0.299	0.305	0.298	0.302	0.307	0.299	2.062	0.639	0.307	0.201	1.749	-178352.243
87	8	10000	9287	0.5136	0.293	0.293	0.307	0.292	0.309	0.295	0.295	0.300	0.292	0.300	0.295	0.306	0.307	0.294	2.023	0.604	0.298	0.204	1.166	-178343.893
88	8	10000	9204	0.5123	0.303	0.297	0.300	0.300	0.308	0.310	0.299	0.312	0.309	0.299	0.298	0.299	0.286	0.301	2.046	0.600	0.301	0.199	1.111	-178486.287
89	8	10000	9294	0.5130	0.319	0.309	0.299	0.296	0.289	0.315	0.297	0.265	0.310	0.291	0.299	0.311	0.291	0.299	2.033	0.642	0.311	0.206	1.676	-178200.057
90	8	10000	9269	0.5131	0.261	0.283	0.303	0.299	0.301	0.295	0.301	0.352	0.304	0.294	0.298	0.294	0.278	0.309	1.991	0.625	0.306	0.205	1.686	-178058.394
91	8	10000	9270	0.5106	0.315	0.325	0.294	0.293	0.311	0.311	0.291	0.280	0.305	0.294	0.306	0.284	0.291	0.309	2.024	0.605	0.287	0.205	1.000	-178653.110
92	8	10000	9199	0.5085	0.314	0.291	0.288	0.306	0.302	0.296	0.299	0.282	0.299	0.302	0.295	0.290	0.292	0.297	1.999	0.621	0.306	0.203	1.000	-177587.102
93	8	10000	9325	0.5150	0.000	0.296	0.292	0.316	0.303	0.289	0.304	0.598	0.296	0.292	0.310	0.296	0.300	0.287	1.967	0.620	0.300	0.207	1.000	-178538.295
94	8	10000	9296	0.5103	0.622	0.306	0.318	0.304	0.300	0.293	0.325	0.001	0.293	0.312	0.307	0.302	0.298	0.317	2.035	0.587	0.325	0.195	1.000	-180388.076
95	8	10000	9303	0.5185	0.310	0.308	0.302	0.283	0.321	0.300	0.285	0.286	0.310	0.310	0.308	0.288	0.293	0.292	2.012	0.588	0.305	0.199	1.000	-178807.870
96	8	10000	9342	0.5145	0.273	0.324	0.301	0.284	0.278	0.289	0.306	0.348	0.288	0.300	0.305	0.289	0.308	0.307	1.992	0.618	0.295	0.205	1.349	-178667.245
97	8	10000	9287	0.5167	0.323	0.306	0.299	0.303	0.297	0.296	0.304	0.295	0.291	0.300	0.296	0.298	0.296	0.298	1.978	0.603	0.307	0.199	1.000	-178685.806
98	8	10000	9289	0.5122	0.305	0.291	0.295	0.301	0.305	0.281	0.306	0.310	0.300	0.305	0.292	0.290	0.315	0.296	2.018	0.592	0.302	0.196	1.000	-178381.713
99	8	10000	9255	0.5122	0.278	0.294	0.298	0.296	0.294	0.300	0.287	0.329	0.295	0.302	0.302	0.276	0.291	0.295	1.974	0.626	0.306	0.198	1.446	-177125.666
100	8	10000	9344	0.5136	0.321	0.300	0.308	0.301	0.304	0.307	0.292	0.321	0.299	0.309	0.298	0.303	0.296	0.301	1.997	0.617	0.323	0.201	1.513	-179865.950
101	8	10000	9266	0.5097	0.300	0.295	0.302	0.300	0.300	0.300	0.289	0.299	0.292	0.312	0.304	0.303	0.289	0.291	1.960	0.614	0.300	0.199	1.000	-178054.555
102	8	10000	9279	0.5129	0.325	0.305	0.306	0.291	0.286	0.306	0.311	0.277	0.302	0.307	0.294	0.296	0.295	0.309	1.973	0.598	0.300	0.197	1.000	-178728.803
103	8	10000	9251	0.5124	0.175	0.314	0.304	0.298	0.294	0.293	0.301	0.425	0.304	0.287	0.309	0.300	0.290	0.306	1.987	0.604	0.303	0.199	1.000	-178375.023
104	8	10000	9230	0.5115	0.324	0.291	0.295	0.301	0.288	0.301	0.300	0.288	0.293	0.304	0.293	0.305	0.288	0.302	1.955	0.608	0.311	0.204	1.000	-178470.610
105	8	10000	9297	0.5165	0.318	0.306	0.294	0.292	0.315	0.301	0.305	0.285	0.305	0.292	0.307	0.309	0.312	0.295	1.993	0.595	0.306	0.198	1.051	-179521.923
106	8	10000	9258	0.5169	0.297	0.293	0.297	0.300	0.297	0.308	0.296	0.332	0.303	0.302	0.306	0.299	0.305	0.298	1.982	0.609	0.339	0.199	1.283	-179553.797
107	8	10000	9218	0.5113	0.282	0.303	0.295	0.297	0.297	0.305	0.291	0.302	0.301	0.294	0.302	0.286	0.298	0.304	1.976	0.601	0.302	0.194	1.000	-177830.949
108	8	10000	9290	0.5169	0.317	0.290	0.299	0.297	0.305	0.297	0.305	0.276	0.308	0.301	0.290	0.271	0.296	0.309	2.033	0.623	0.300	0.204	1.169	-177959.231
109	8	10000	9290	0.5136	0.308	0.317	0.313	0.293	0.299	0.297	0.299	0.302	0.309	0.302	0.305	0.290	0.305	0.287	2.008	0.614	0.298	0.203	1.000	-178853.606
110	8	10000	9287	0.5118	0.284	0.294	0.305	0.299	0.305	0.296	0.301	0.328	0.301	0.305	0.297	0.307	0.316	0.297	1.987	0.617	0.317	0.200	1.249	-179443.834
111	8	10000	9294	0.5167	0.279	0.306	0.295	0.295	0.293	0.310	0.281	0.308	0.300	0.304	0.313	0.303	0.301	0.298	1.995	0.580	0.281	0.201	1.000	-178537.869
112	8	10000	9265	0.5110	0.317	0.285	0.302	0.311	0.293	0.290	0.309	0.291	0.313	0.294	0.313	0.291	0.298	0.300	2.009	0.603	0.295	0.196	1.111	-178388.959
113	8	10000	9252	0.5153	0.318	0.291	0.309	0.286	0.301	0.304	0.309	0.287	0.302	0.295	0.310	0.290	0.302	0.295	2.009	0.639	0.321	0.197	2.115	-178305.621
114	8	10000	9277	0.5139	0.292	0.289	0.312	0.292	0.296	0.305	0.308	0.320	0.298	0.286	0.308	0.302	0.311	0.311	2.034	0.604	0.304	0.195	1.000	-178845.954
115	8	10000	9223	0.5099	0.282	0.295	0.301	0.308	0.285	0.302	0.296	0.329	0.306	0.287	0.301	0.288	0.299	0.294	1.973	0.589	0.295	0.202	1.000	-178231.271
116	8	10000	9281	0.5132	0.314	0.289	0.305	0.297	0.299	0.305	0.310	0.295	0.297	0.305	0.295	0.308	0.289	0.301	1.999	0.618	0.307	0.203	1.280	-178870.682
117	8	10000	9235	0.5140	0.310	0.296	0.302	0.312	0.291	0.301	0.289	0.301	0.300	0.302	0.291	0.297	0.305	0.299	1.978	0.593	0.297	0.199	1.030	-178640.478
118	8	10000	9302	0.5109	0.293	0.298	0.310	0.301	0.297	0.306	0.309	0.302	0.308	0.305	0.293	0.302	0.294	0.291	2.005	0.602	0.298	0.202	1.000	-178880.545
119	8	10000	9284	0.5132	0.291	0.310	0.304	0.304	0.302	0.293	0.296	0.321	0.308	0.288	0.311	0.299	0.304	0.290	2.002	0.604	0.302	0.200	1.198	-178664.336
120	8	10000	9301	0.5110	0.302	0.298	0.319	0.310	0.302	0.304	0.312	0.303	0.292	0.308	0.300	0.306	0.321	0.302	2.022	0.593	0.312	0.195	1.000	-180161.448
121	8	10000	9287	0.5129	0.255	0.295	0.300	0.292	0.316	0.318	0.303	0.324	0.309	0.297	0.305	0.299	0.298	0.299	2.020	0.587	0.289	0.199	1.000	-178852.179
122	8	10000	9323	0.5152	0.294	0.306	0.301	0.309	0.303	0.292	0.309	0.298	0.286	0.298	0.298	0.295	0.299	0.303	1.986	0.618	0.306	0.205	1.000	-178761.861
123	8	10000	9282	0.5141	0.309	0.308	0.295	0.302	0.290	0.304	0.276	0.286	0.286	0.299	0.303	0.303	0.308	0.291	1.988	0.618	0.311	0.204	1.000	-178094.015
124	8	10000	9266	0.5101	0.278	0.294	0.307	0.298	0.296	0.299	0.305	0.322	0.297	0.309	0.307	0.293	0.298	0.292	1.974	0.586	0.299	0.196	1.000	-178598.191
125	8	10000	9254	0.5177	0.305	0.305	0.303	0.285	0.296	0.295	0.325	0.314	0.294	0.292	0.297	0.299	0.289	0.304	1.986	0.631	0.306	0.206	1.000	-178526.383
126	8	10000	9311	0.5174	0.312	0.300	0.302	0.305	0.300	0.305	0.300	0.296	0.292	0.302	0.320	0.292	0.291	0.301	1.980	0.614	0.286	0.208	1.000	-178906.646
127	8	10000	9272	0.5133	0.271	0.304	0.296	0.307	0.303	0.306	0.289	0.327	0.311	0.293	0.285	0.303	0.292	0.298	2.009	0.574	0.300	0.197	1.000	-178314.680
128	8	10000	9219	0.5151	0.292	0.294	0.296	0.307	0.298	0.306	0.291	0.314	0.302	0.296	0.290	0.280	0.306	0.294	2.030	0.614	0.288	0.203	1.000	-177610.337
129	8	10000	9315	0.5166	0.272	0.308	0.299	0.314	0.318	0.301	0.305	0.349	0.303	0.303	0.312	0.313	0.299	0.299	2.014	0.587	0.308	0.194	1.000	-180055.682
130	8	10000	9284	0.5155	0.269	0.294	0.309	0.299	0.314	0.303	0.302	0.307	0.304	0.310	0.318	0.317	0.291	0.304	1.976	0.579	0.308	0.201	1.000	-180211.806
131	8	10000	9301	0.5106	0.304	0.286	0.301	0.297	0.295	0.302	0.295	0.303	0.278	0.300	0.303	0.310	0.307	0.300	1.983	0.643	0.307	0.207	1.427	-178491.451
132	8	10000	9302	0.5144	0.281	0.308	0.297	0.300	0.298	0.309	0.310	0.321	0.278	0.298	0.291	0.306	0.301	0.307	1.980	0.588	0.282	0.200	1.000	-178982.710
133	8	10000	9259	0.5145	0.277	0.305	0.282	0.300	0.305	0.309	0.293	0.304	0.306	0.303	0.297	0.311	0.314	0.291	1.983	0.603	0.296	0.195	1.000	-178256.647
134	8	10000	9264	0.5088	0.320	0.312	0.313	0.299	0.289	0.292	0.311	0.286	0.312	0.307	0.306	0.297	0.305	0.305	1.985	0.591	0.328	0.197	1.000	-179969.040
135	8	10000	9298	0.5152	0.313	0.299	0.301	0.294	0.302	0.293	0.280	0.284	0.295	0.295	0.301	0.298	0.299	0.300	2.057	0.600	0.288	0.204	1.005	-177787.826
136	8	10000	9273	0.5146	0.321	0.286	0.291	0.309	0.295	0.306	0.314	0.285	0.300	0.304	0.296	0.298	0.286	0.302	2.001	0.611	0.292	0.205	1.000	-178639.834
137	8	10000	9290	0.5108	0.301	0.292	0.293	0.302	0.304	0.298	0.301	0.312	0.304	0.305	0.297	0.294	0.305	0.297	2.014	0.587	0.290	0.202	1.000	-178690.404
138	8	10000	9229	0.5117	0.291	0.302	0.310	0.304	0.296	0.302	0.308	0.313	0.288	0.309	0.309	0.296	0.302	0.298	1.995	0.619	0.321	0.196	1.000	-178910.969
139	8	10000	9274	0.5168	0.415	0.301	0.303	0.308	0.308	0.311	0.306	0.165	0.293	0.305	0.300	0.307	0.310	0.302	2.023	0.614	0.321	0.200	1.000	-179440.672
140	8	10000	9266	0.5138	0.317	0.303	0.290	0.292	0.293	0.296	0.297	0.273	0.304	0.304	0.302	0.301	0.286	0.300	2.014	0.658	0.307	0.207	2.139	-177541.299
141	8	10000	9276	0.5094	0.330	0.287	0.280	0.304	0.295	0.285	0.304	0.296	0.308	0.281	0.296	0.303	0.307	0.307	1.973	0.603	0.288	0.203	1.110	-178040.331
142	8	10000	9231	0.5149	0.284	0.303	0.293	0.288	0.308	0.296	0.311	0.300	0.301	0.304	0.283	0.286	0.287	0.288	1.982	0.598	0.305	0.197	1.000	-177555.309
143	8	10000	9201	0.5122	0.288	0.313	0.290	0.300	0.288	0.295	0.296	0.286	0.313	0.305	0.300	0.288	0.285	0.302	1.964	0.607	0.298	0.196	1.048	-177519.528
144	8	10000	9276	0.5127	0.171	0.305	0.308	0.301	0.291	0.291	0.295	0.429	0.287	0.286	0.310	0.300	0.295	0.296	1.980	0.613	0.294	0.199	1.000	-177708.582
145	8	10000	9283	0.5146	0.267	0.321	0.289	0.310	0.301	0.303	0.302	0.331	0.299	0.308	0.308	0.303	0.313	0.303	2.002	0.594	0.309	0.200	1.000	-179706.662
146	8	10000	9261	0.5166	0.274	0.319	0.291	0.306	0.310	0.281	0.303	0.318	0.308	0.307	0.304	0.301	0.308	0.289	2.011	0.583	0.308	0.192	1.134	-178868.480
147	8	10000	9308	0.5146	0.287	0.300	0.293	0.290	0.297	0.299	0.315	0.336	0.300	0.294	0.293	0.302	0.293	0.295	2.019	0.647	0.328	0.207	2.387	-178454.555
148	8	10000	9285	0.5125	0.270	0.295	0.290	0.298	0.286	0.300	0.292	0.315	0.298	0.311	0.293	0.296	0.309	0.293	1.972	0.629	0.299	0.201	1.000	-177518.736
149	8	10000	9249	0.5113	0.319	0.282	0.308	0.299	0.311	0.300	0.288	0.277	0.294	0.301	0.301	0.301	0.297	0.291	1.987	0.648	0.306	0.203	1.504	-177864.513
150	8	10000	9312	0.5141	0.267	0.288	0.297	0.303	0.311	0.310	0.308	0.340	0.299	0.303	0.306	0.312	0.303	0.295	1.986	0.591	0.298	0.200	1.000	-179598.796
151	8	10000	9278	0.5131	0.306	0.298	0.290	0.299	0.302	0.300	0.307	0.296	0.297	0.315	0.299	0.292	0.302	0.290	2.045	0.599	0.299	0.194	1.000	-177925.514
152	8	10000	9304	0.5150	0.307	0.296	0.298	0.299	0.304	0.293	0.303	0.274	0.281	0.309	0.315	0.310	0.310	0.305	2.039	0.595	0.310	0.200	1.000	-179104.823
153	8	10000	9239	0.5136	0.319	0.306	0.290	0.295	0.302	0.289	0.295	0.298	0.289	0.301	0.308	0.308	0.293	0.293	2.003	0.591	0.306	0.199	1.000	-178190.193
154	8	10000	9268	0.5131	0.259	0.296	0.293	0.295	0.296	0.285	0.317	0.331	0.308	0.302	0.292	0.297	0.310	0.292	1.964	0.594	0.288	0.201	1.000	-178393.138
155	8	10000	9241	0.5149	0.602	0.286	0.295	0.300	0.284	0.299	0.297	0.000	0.301	0.301	0.304	0.293	0.300	0.296	2.013	0.616	0.308	0.202	1.052	-177898.957
156	8	10000	9315	0.5139	0.298	0.304	0.293	0.310	0.301	0.322	0.287	0.299	0.302	0.298	0.295	0.288	0.300	0.299	1.974	0.619	0.311	0.196	1.567	-178534.542
157	8	10000	9283	0.5151	0.277	0.290	0.308	0.297	0.306	0.292	0.307	0.303	0.309	0.289	0.297	0.317	0.306	0.293	1.930	0.608	0.286	0.199	1.000	-178742.184
158	8	10000	9247	0.5143	0.314	0.315	0.296	0.294	0.294	0.299	0.301	0.306	0.288	0.299	0.305	0.303	0.306	0.298	2.015	0.587	0.308	0.194	1.000	-178836.502
159	8	10000	9265	0.5130	0.296	0.301	0.304	0.299	0.300	0.299	0.306	0.307	0.306	0.318	0.289	0.324	0.306	0.284	2.016	0.614	0.307	0.200	1.000	-178990.928
160	8	10000	9264	0.5101	0.291	0.291	0.295	0.297	0.301	0.300	0.302	0.319	0.317	0.302	0.284	0.279	0.298	0.297	1.981	0.638	0.304	0.202	1.334	-177832.388
161	8	10000	9284	0.5125	0.272	0.308	0.297	0.301	0.310	0.304	0.298	0.296	0.282	0.311	0.297	0.301	0.299	0.291	2.009	0.588	0.299	0.199	1.000	-178296.961
162	8	10000	9237	0.5174	0.295	0.296	0.304	0.299	0.284	0.306	0.297	0.311	0.324	0.296	0.301	0.294	0.308	0.300	1.990	0.612	0.299	0.193	1.000	-178463.735
163	8	10000	9251	0.5147	0.330	0.310	0.301	0.308	0.295	0.297	0.291	0.289	0.294	0.288	0.304	0.302	0.300	0.290	2.014	0.618	0.311	0.200	1.213	-178202.684
164	8	10000	9271	0.5119	0.352	0.284	0.296	0.309	0.300	0.302	0.302	0.285	0.294	0.305	0.296	0.304	0.298	0.311	1.996	0.625	0.310	0.199	1.323	-178977.054
165	8	10000	9243	0.5158	0.323	0.298	0.292	0.297	0.279	0.295	0.295	0.278	0.306	0.300	0.297	0.297	0.312	0.292	2.037	0.627	0.323	0.200	1.000	-177585.081
166	8	10000	9259	0.5143	0.302	0.313	0.306	0.293	0.307	0.299	0.292	0.290	0.291	0.303	0.303	0.293	0.297	0.305	2.017	0.609	0.284	0.204	1.023	-178120.456
167	8	10000	9262	0.5128	0.307	0.307	0.302	0.288	0.300	0.302	0.292	0.311	0.290	0.298	0.305	0.308	0.291	0.298	1.941	0.613	0.314	0.199	1.275	-178721.684
168	8	10000	9282	0.5130	0.324	0.294	0.308	0.307	0.282	0.297	0.309	0.304	0.302	0.302	0.321	0.299	0.294	0.301	1.956	0.608	0.313	0.200	1.024	-179714.782
169	8	10000	9294	0.5129	0.303	0.305	0.301	0.299	0.292	0.295	0.306	0.274	0.303	0.292	0.305	0.297	0.307	0.289	1.999	0.617	0.290	0.204	1.000	-178153.553
170	8	10000	9277	0.5177	0.305	0.310	0.297	0.309	0.303	0.311	0.309	0.318	0.306	0.306	0.289	0.308	0.302	0.300	2.010	0.629	0.326	0.200	2.267	-179939.159
171	8	10000	9240	0.5082	0.301	0.303	0.298	0.304	0.295	0.306	0.297	0.301	0.306	0.294	0.306	0.285	0.297	0.305	1.994	0.618	0.306	0.202	1.000	-178413.663
172	8	10000	9217	0.5179	0.329	0.290	0.296	0.299	0.302	0.285	0.294	0.276	0.289	0.295	0.300	0.291	0.289	0.298	2.007	0.614	0.291	0.199	1.206	-177101.678
173	8	10000	9312	0.5133	0.314	0.293	0.317	0.303	0.300	0.306	0.304	0.286	0.305	0.308	0.300	0.295	0.311	0.304	1.991	0.592	0.310	0.196	1.044	-179815.506
174	8	10000	9281	0.5142	0.274	0.292	0.304	0.303	0.310	0.296	0.302	0.311	0.298	0.311	0.290	0.284	0.296	0.301	2.006	0.614	0.305	0.202	1.000	-178192.518
175	8	10000	9284	0.5149	0.307	0.303	0.291	0.307	0.301	0.299	0.310	0.278	0.299	0.295	0.299	0.304	0.283	0.305	2.000	0.599	0.295	0.207	1.000	-178661.088
176	8	10000	9252	0.5136	0.281	0.284	0.280	0.302	0.301	0.310	0.298	0.327	0.304	0.300	0.303	0.303	0.286	0.290	2.020	0.656	0.318	0.206	2.368	-177767.950
177	8	10000	9256	0.5154	0.258	0.304	0.297	0.312	0.285	0.306	0.298	0.324	0.300	0.304	0.297	0.298	0.296	0.298	2.016	0.577	0.293	0.198	1.000	-178412.221
178	8	10000	9328	0.5124	0.319	0.304	0.299	0.311	0.296	0.322	0.296	0.315	0.304	0.312	0.299	0.309	0.299	0.312	2.056	0.598	0.306	0.201	1.070	-180224.748
179	8	10000	9279	0.5163	0.292	0.304	0.309	0.310	0.288	0.309	0.295	0.303	0.309	0.303	0.292	0.298	0.306	0.301	2.008	0.618	0.316	0.202	1.429	-179284.414
180	8	10000	9302	0.5116	0.307	0.306	0.291	0.310	0.312	0.297	0.302	0.318	0.314	0.298	0.299	0.305	0.294	0.295	2.013	0.586	0.313	0.199	1.165	-179278.702
181	8	10000	9283	0.5165	0.349	0.298	0.298	0.306	0.292	0.301	0.300	0.259	0.299	0.308	0.297	0.306	0.303	0.314	2.043	0.596	0.311	0.200	1.000	-179314.627
182	8	10000	9315	0.5142	0.271	0.308	0.306	0.306	0.307	0.293	0.310	0.319	0.287	0.301	0.289	0.308	0.294	0.303	2.043	0.591	0.289	0.205	1.000	-178790.464
183	8	10000	9322	0.5159	0.224	0.303	0.296	0.296	0.302	0.307	0.292	0.381	0.302	0.303	0.303	0.296	0.304	0.294	2.012	0.597	0.293	0.201	1.000	-178664.651
184	8	10000	9206	0.5126	0.267	0.301	0.297	0.287	0.296	0.293	0.302	0.326	0.295	0.312	0.293	0.306	0.296	0.310	2.003	0.616	0.318	0.198	1.582	-178334.756
185	8	10000	9289	0.5134	0.294	0.310	0.287	0.306	0.284	0.298	0.298	0.302	0.316	0.305	0.293	0.299	0.308	0.302	1.966	0.627	0.294	0.204	1.273	-178662.947
186	8	10000	9270	0.5156	0.307	0.301	0.305	0.288	0.300	0.291	0.300	0.278	0.308	0.295	0.303	0.301	0.291	0.301	1.989	0.613	0.292	0.202	1.000	-178081.414
187	8	10000	9289	0.5119	0.294	0.292	0.308	0.308	0.314	0.306	0.294	0.291	0.309	0.307	0.291	0.323	0.311	0.302	1.958	0.616	0.309	0.198	1.373	-179585.870
188	8	10000	9276	0.5159	0.283	0.313	0.312	0.287	0.293	0.311	0.307	0.319	0.294	0.299	0.306	0.296	0.292	0.305	1.981	0.588	0.295	0.197	1.000	-179022.301
189	8	10000	9238	0.5124	0.309	0.303	0.294	0.303	0.293	0.309	0.302	0.308	0.296	0.289	0.309	0.301	0.301	0.285	1.955	0.625	0.293	0.199	1.313	-178307.764
190	8	10000	9261	0.5116	0.280	0.310	0.282	0.302	0.293	0.301	0.298	0.322	0.295	0.298	0.292	0.302	0.315	0.295	1.962	0.600	0.292	0.197	1.000	-178236.170
191	8	10000	9298	0.5145	0.309	0.300	0.293	0.300	0.290	0.295	0.290	0.280	0.292	0.286	0.302	0.302	0.302	0.299	1.995	0.595	0.295	0.206	1.000	-177914.024
192	8	10000	9276	0.5183	0.281	0.298	0.282	0.307	0.287	0.302	0.298	0.309	0.291	0.289	0.299	0.307	0.293	0.309	1.988	0.592	0.288	0.197	1.000	-177842.125
193	8	10000	9254	0.5124	0.348	0.290	0.311	0.295	0.296	0.300	0.297	0.267	0.301	0.304	0.292	0.299	0.300	0.298	1.981	0.627	0.305	0.202	1.296	-178444.176
194	8	10000	9297	0.5152	0.300	0.300	0.296	0.301	0.306	0.307	0.294	0.292	0.312	0.309	0.296	0.306	0.286	0.317	2.000	0.624	0.297	0.199	1.187	-178789.238
195	8	10000	9297	0.5115	0.290	0.288	0.310	0.302	0.296	0.294	0.301	0.295	0.303	0.294	0.292	0.292	0.291	0.303	1.997	0.610	0.295	0.203	1.052	-177893.598
196	8	10000	9246	0.5155	0.283	0.303	0.291	0.289	0.300	0.306	0.306	0.334	0.288	0.303	0.293	0.303	0.298	0.306	2.019	0.595	0.294	0.199	1.000	-178452.817
197	8	10000	9292	0.5156	0.289	0.300	0.303	0.304	0.311	0.303	0.298	0.318	0.303	0.304	0.287	0.299	0.298	0.311	1.979	0.613	0.323	0.197	1.158	-179218.887
198	8	10000	9300	0.5172	0.290	0.282	0.322	0.302	0.306	0.299	0.300	0.317	0.312	0.310	0.292	0.288	0.295	0.306	1.999	0.604	0.298	0.202	1.000	-179216.663
199	8	10000	9277	0.5122	0.309	0.316	0.313	0.305	0.287	0.292	0.303	0.286	0.284	0.309	0.289	0.313	0.290	0.296	2.035	0.619	0.322	0.198	1.171	-178751.592
200	8	10000	9284	0.5088	0.296	0.298	0.298	0.298	0.329	0.292	0.303	0.315	0.306	0.293	0.304	0.296	0.301	0.300	1.999	0.635	0.303	0.199	1.397	-178544.008
201	8	10000	9311	0.5149	0.285	0.297	0.300	0.312	0.299	0.304	0.303	0.312	0.302	0.312	0.302	0.305	0.302	0.291	2.022	0.596	0.294	0.200	1.000	-178878.072
202	8	10000	9280	0.5147	0.286	0.308	0.301	0.297	0.304	0.303	0.304	0.324	0.308	0.305	0.294	0.312	0.288	0.296	2.011	0.595	0.310	0.191	1.218	-178695.697
203	8	10000	9241	0.5156	0.287	0.291	0.304	0.296	0.303	0.307	0.307	0.291	0.311	0.297	0.297	0.296	0.299	0.290	2.021	0.597	0.297	0.199	1.000	-178223.937
204	8	10000	9268	0.5162	0.313	0.288	0.301	0.306	0.305	0.304	0.287	0.290	0.303	0.320	0.293	0.299	0.283	0.304	2.023	0.632	0.315	0.201	1.222	-178443.948
205	8	10000	9314	0.5143	0.325	0.301	0.311	0.303	0.290	0.303	0.298	0.253	0.313	0.296	0.297	0.302	0.299	0.296	1.971	0.596	0.293	0.205	1.011	-179000.449
206	8	10000	9248	0.5151	0.271	0.305	0.295	0.290	0.295	0.310	0.290	0.341	0.290	0.316	0.288	0.297	0.307	0.313	1.993	0.628	0.300	0.207	1.000	-178673.170
207	8	10000	9236	0.5116	0.328	0.306	0.294	0.304	0.294	0.292	0.302	0.264	0.305	0.292	0.311	0.322	0.293	0.298	1.998	0.587	0.299	0.198	1.000	-178518.339
208	8	10000	9274	0.5142	0.294	0.302	0.303	0.296	0.303	0.290	0.298	0.318	0.283	0.293	0.298	0.300	0.304	0.302	1.938	0.634	0.309	0.201	1.000	-178097.334
209	8	10000	9305	0.5142	0.288	0.297	0.307	0.303	0.291	0.307	0.287	0.319	0.300	0.296	0.290	0.323	0.291	0.300	1.987	0.596	0.303	0.195	1.051	-178550.205
210	8	10000	9238	0.5145	0.312	0.299	0.292	0.300	0.294	0.300	0.293	0.295	0.301	0.307	0.285	0.306	0.300	0.277	2.019	0.601	0.295	0.199	1.000	-177661.790
211	8	10000	9253	0.5136	0.259	0.296	0.301	0.308	0.283	0.308	0.296	0.318	0.298	0.307	0.304	0.310	0.311	0.306	2.001	0.595	0.319	0.200	1.000	-179290.208
212	8	10000	9303	0.5118	0.302	0.298	0.309	0.310	0.316	0.298	0.299	0.299	0.302	0.296	0.298	0.315	0.303	0.301	2.018	0.601	0.305	0.198	1.000	-179316.176
213	8	10000	9214	0.5171	0.321	0.302	0.298	0.289	0.298	0.297	0.300	0.260	0.295	0.296	0.292	0.293	0.313	0.301	1.992	0.614	0.299	0.198	1.000	-177553.409
214	8	10000	9194	0.5136	0.313	0.300	0.288	0.308	0.287	0.294	0.291	0.286	0.289	0.297	0.313	0.290	0.297	0.295	1.947	0.608	0.292	0.193	1.000	-177284.346
215	8	10000	9238	0.5159	0.272	0.303	0.311	0.287	0.296	0.301	0.303	0.337	0.306	0.311	0.307	0.308	0.293	0.299	1.967	0.644	0.317	0.203	1.773	-179160.866
216	8	10000	9257	0.5140	0.339	0.291	0.311	0.291	0.293	0.291	0.303	0.282	0.300	0.310	0.307	0.299	0.318	0.298	2.034	0.617	0.300	0.197	1.193	-178944.810
217	8	10000	9302	0.5141	0.309	0.291	0.296	0.298	0.310	0.305	0.309	0.293	0.297	0.298	0.311	0.308	0.298	0.295	1.990	0.580	0.285	0.197	1.008	-178771.052
218	8	10000	9281	0.5114	0.263	0.306	0.293	0.303	0.305	0.306	0.286	0.340	0.289	0.289	0.298	0.318	0.287	0.298	1.975	0.594	0.293	0.197	1.000	-177754.158
219	8	10000	9270	0.5151	0.301	0.298	0.301	0.305	0.304	0.292	0.302	0.302	0.292	0.307	0.292	0.287	0.300	0.295	2.016	0.597	0.313	0.194	1.000	-177943.459
220	8	10000	9302	0.5117	0.335	0.301	0.286	0.289	0.306	0.287	0.304	0.281	0.307	0.304	0.292	0.302	0.309	0.298	2.008	0.566	0.289	0.196	1.000	-178722.773
221	8	10000	9234	0.5122	0.592	0.286	0.291	0.302	0.295	0.300	0.283	0.000	0.293	0.297	0.299	0.288	0.296	0.301	1.993	0.589	0.291	0.203	1.000	-177278.956
222	8	10000	9277	0.5107	0.271	0.298	0.291	0.317	0.299	0.294	0.289	0.321	0.292	0.299	0.297	0.305	0.320	0.289	2.015	0.599	0.299	0.209	1.000	-178761.915
223	8	10000	9234	0.5132	0.305	0.302	0.288	0.309	0.308	0.289	0.300	0.290	0.291	0.287	0.305	0.302	0.284	0.309	1.973	0.597	0.293	0.195	1.000	-177801.772
224	8	10000	9268	0.5125	0.315	0.301	0.304	0.291	0.288	0.297	0.304	0.269	0.306	0.303	0.298	0.296	0.308	0.294	1.989	0.572	0.291	0.193	1.000	-177981.649
225	8	10000	9244	0.5113	0.318	0.307	0.304	0.304	0.289	0.298	0.305	0.284	0.288	0.297	0.295	0.304	0.281	0.315	1.995	0.638	0.312	0.202	1.791	-178048.981
226	8	10000	9303	0.5110	0.295	0.281	0.304	0.311	0.299	0.305	0.307	0.311	0.302	0.306	0.292	0.308	0.306	0.307	1.980	0.593	0.300	0.200	1.000	-179641.823
227	8	10000	9275	0.5136	0.293	0.302	0.301	0.296	0.300	0.299	0.310	0.302	0.314	0.301	0.316	0.299	0.298	0.309	2.008	0.584	0.295	0.196	1.057	-179184.400
228	8	10000	9275	0.5108	0.316	0.299	0.288	0.299	0.300	0.300	0.304	0.280	0.301	0.295	0.308	0.289	0.312	0.292	2.044	0.609	0.318	0.198	1.304	-178200.035
229	8	10000	9273	0.5163	0.313	0.304	0.307	0.289	0.290	0.300	0.310	0.301	0.293	0.303	0.294	0.290	0.317	0.291	1.983	0.630	0.332	0.202	1.527	-179007.538
230	8	10000	9238	0.5111	0.289	0.303	0.307	0.309	0.301	0.311	0.300	0.287	0.297	0.302	0.301	0.308	0.309	0.302	1.981	0.574	0.297	0.196	1.000	-179434.312
231	8	10000	9238	0.5131	0.295	0.290	0.293	0.317	0.305	0.302	0.299	0.297	0.305	0.301	0.313	0.294	0.294	0.303	2.022	0.614	0.311	0.196	1.307	-178370.470
232	8	10000	9321	0.5095	0.309	0.294	0.287	0.310	0.304	0.296	0.299	0.297	0.305	0.296	0.300	0.299	0.297	0.300	2.027	0.589	0.303	0.206	1.000	-178876.789
233	8	10000	9321	0.5104	0.264	0.309	0.304	0.304	0.284	0.295	0.302	0.320	0.304	0.293	0.296	0.299	0.300	0.297	2.026	0.584	0.285	0.196	1.048	-178041.166
234	8	10000	9239	0.5150	0.290	0.310	0.296	0.300	0.303	0.298	0.303	0.310	0.303	0.289	0.299	0.279	0.315	0.294	1.958	0.647	0.309	0.202	2.094	-178072.648
235	8	10000	9264	0.5131	0.256	0.296	0.292	0.311	0.302	0.295	0.292	0.339	0.316	0.297	0.296	0.298	0.301	0.304	2.018	0.603	0.296	0.199	1.000	-178323.902
236	8	10000	9242	0.5146	0.299	0.298	0.301	0.286	0.311	0.298	0.300	0.290	0.309	0.286	0.290	0.301	0.308	0.293	2.011	0.608	0.306	0.199	1.262	-177988.173
237	8	10000	9308	0.5125	0.480	0.291	0.303	0.285	0.298	0.302	0.308	0.134	0.309	0.297	0.309	0.287	0.306	0.298	1.969	0.618	0.302	0.197	1.000	-178650.117
238	8	10000	9292	0.5139	0.266	0.300	0.293	0.310	0.309	0.295	0.307	0.345	0.302	0.300	0.298	0.312	0.294	0.300	1.963	0.576	0.300	0.201	1.000	-179914.156
239	8	10000	9275	0.5153	0.318	0.300	0.300	0.301	0.305	0.305	0.304	0.294	0.298	0.292	0.309	0.281	0.305	0.296	1.991	0.602	0.293	0.202	1.000	-178807.835
240	8	10000	9295	0.5132	0.291	0.281	0.291	0.297	0.310	0.301	0.302	0.297	0.296	0.303	0.301	0.307	0.299	0.284	2.009	0.600	0.285	0.199	1.000	-177615.293
241	8	10000	9285	0.5142	0.302	0.299	0.309	0.307	0.302	0.310	0.301	0.313	0.301	0.301	0.305	0.299	0.298	0.293	2.046	0.596	0.308	0.195	1.000	-179038.612
242	8	10000	9303	0.5178	0.000	0.299	0.298	0.290	0.287	0.299	0.300	0.630	0.309	0.306	0.298	0.295	0.303	0.293	2.014	0.631	0.323	0.204	1.207	-178903.480
243	8	10000	9269	0.5189	0.296	0.302	0.295	0.305	0.309	0.298	0.309	0.309	0.274	0.307	0.297	0.315	0.291	0.300	1.964	0.593	0.310	0.197	1.214	-179094.695
244	8	10000	9273	0.5102	0.295	0.290	0.283	0.301	0.302	0.307	0.302	0.323	0.303	0.309	0.289	0.300	0.302	0.303	2.017	0.604	0.295	0.196	1.144	-178346.805
245	8	10000	9264	0.5146	0.155	0.307	0.294	0.292	0.315	0.289	0.303	0.439	0.303	0.301	0.286	0.284	0.296	0.309	1.998	0.586	0.297	0.198	1.000	-178220.460
246	8	10000	9237	0.5133	0.299	0.304	0.301	0.286	0.294	0.304	0.304	0.286	0.304	0.281	0.306	0.304	0.313	0.294	2.012	0.577	0.281	0.196	1.000	-178154.854
247	8	10000	9325	0.5147	0.296	0.308	0.303	0.298	0.284	0.300	0.299	0.297	0.304	0.297	0.304	0.302	0.291	0.302	2.005	0.605	0.304	0.203	1.000	-178592.350
248	8	10000	9305	0.5165	0.271	0.301	0.294	0.298	0.298	0.301	0.306	0.345	0.298	0.301	0.299	0.307	0.299	0.306	1.988	0.593	0.304	0.199	1.109	-179074.752
249	8	10000	9277	0.5134	0.291	0.303	0.301	0.299	0.313	0.304	0.298	0.328	0.309	0.298	0.313	0.299	0.310	0.295	2.035	0.622	0.310	0.200	1.545	-179398.969
250	8	10000	9274	0.5113	0.603	0.300	0.292	0.296	0.279	0.296	0.306	0.000	0.290	0.302	0.292	0.297	0.288	0.296	2.041	0.635	0.302	0.206	1.000	-177404.807
251	8	10000	9231	0.5139	0.308	0.300	0.295	0.282	0.294	0.292	0.307	0.274	0.296	0.302	0.306	0.299	0.304	0.305	1.974	0.590	0.308	0.196	1.053	-178427.391
252	8	10000	9283	0.5122	0.295	0.307	0.293	0.318	0.299	0.305	0.302	0.320	0.304	0.293	0.301	0.305	0.298	0.299	1.970	0.622	0.315	0.203	1.303	-179399.024
253	8	10000	9267	0.5154	0.314	0.305	0.298	0.306	0.296	0.289	0.300	0.293	0.298	0.303	0.285	0.306	0.298	0.301	1.979	0.627	0.303	0.204	1.000	-178392.715
254	8	10000	9253	0.5134	0.290	0.290	0.309	0.301	0.312	0.303	0.301	0.317	0.295	0.293	0.304	0.306	0.283	0.310	2.010	0.608	0.296	0.202	1.000	-178598.284
255	8	10000	9262	0.5192	0.311	0.298	0.290	0.300	0.312	0.311	0.302	0.289	0.273	0.312	0.302	0.323	0.305	0.306	2.007	0.587	0.305	0.196	1.000	-179375.696
256	8	10000	9272	0.5177	0.328	0.301	0.303	0.294	0.299	0.302	0.304	0.265	0.305	0.302	0.296	0.298	0.300	0.293	1.949	0.600	0.289	0.198	1.000	-178393.282
257	8	10000	9249	0.5174	0.323	0.310	0.296	0.301	0.307	0.294	0.304	0.291	0.278	0.309	0.295	0.291	0.301	0.307	2.001	0.583	0.302	0.197	1.035	-178846.629
258	8	10000	9265	0.5111	0.288	0.311	0.292	0.306	0.307	0.299	0.299	0.328	0.295	0.293	0.306	0.292	0.311	0.297	2.019	0.635	0.308	0.201	1.356	-178615.807
259	8	10000	9292	0.5137	0.324	0.306	0.294	0.307	0.305	0.298	0.295	0.270	0.300	0.293	0.281	0.308	0.301	0.289	2.013	0.592	0.315	0.196	1.000	-178058.865
260	8	10000	9305	0.5162	0.278	0.299	0.288	0.308	0.301	0.304	0.295	0.319	0.297	0.305	0.298	0.306	0.312	0.289	2.011	0.595	0.310	0.201	1.263	-179057.961
261	8	10000	9319	0.5112	0.321	0.301	0.300	0.303	0.307	0.301	0.301	0.295	0.303	0.309	0.296	0.298	0.295	0.302	1.994	0.621	0.295	0.206	1.000	-179039.909
262	8	10000	9284	0.5114	0.323	0.313	0.307	0.295	0.291	0.303	0.297	0.313	0.300	0.305	0.306	0.290	0.320	0.293	2.010	0.603	0.318	0.200	1.199	-179631.188
263	8	10000	9303	0.5126	0.529	0.305	0.297	0.301	0.280	0.304	0.302	0.076	0.290	0.299	0.290	0.296	0.301	0.294	2.016	0.600	0.300	0.200	1.000	-177981.677
264	8	10000	9247	0.5111	0.313	0.300	0.306	0.311	0.297	0.296	0.297	0.308	0.289	0.297	0.305	0.304	0.309	0.301	2.014	0.607	0.306	0.196	1.000	-178678.097
265	8	10000	9273	0.5134	0.321	0.312	0.299	0.294	0.277	0.303	0.302	0.261	0.303	0.296	0.292	0.298	0.296	0.295	2.048	0.592	0.291	0.200	1.000	-177622.933
266	8	10000	9250	0.5137	0.301	0.294	0.287	0.295	0.303	0.287	0.304	0.288	0.304	0.279	0.305	0.282	0.305	0.294	2.045	0.606	0.291	0.203	1.000	-177154.387
267	8	10000	9311	0.5156	0.245	0.303	0.310	0.284	0.304	0.297	0.291	0.328	0.303	0.289	0.309	0.297	0.300	0.303	2.016	0.599	0.281	0.207	1.000	-178157.843
268	8	10000	9260	0.5145	0.282	0.293	0.298	0.304	0.302	0.311	0.297	0.315	0.305	0.297	0.308	0.321	0.311	0.293	2.000	0.577	0.295	0.198	1.000	-179492.882
269	8	10000	9261	0.5134	0.316	0.298	0.300	0.303	0.296	0.293	0.291	0.279	0.309	0.297	0.305	0.288	0.293	0.305	1.990	0.594	0.279	0.197	1.053	-177871.123
270	8	10000	9237	0.5131	0.336	0.307	0.306	0.303	0.301	0.301	0.297	0.265	0.305	0.299	0.307	0.304	0.306	0.299	2.038	0.578	0.308	0.191	1.030	-179028.102
271	8	10000	9296	0.5107	0.305	0.284	0.296	0.302	0.307	0.310	0.301	0.283	0.307	0.300	0.296	0.288	0.297	0.290	1.964	0.599	0.299	0.200	1.000	-178327.934
272	8	10000	9262	0.5132	0.309	0.293	0.320	0.302	0.302	0.298	0.292	0.283	0.290	0.302	0.308	0.301	0.290	0.303	2.053	0.595	0.302	0.197	1.000	-178393.143
273	8	10000	9273	0.5162	0.260	0.301	0.297	0.303	0.322	0.287	0.298	0.321	0.304	0.303	0.294	0.309	0.295	0.293	2.008	0.597	0.295	0.200	1.000	-178472.893
274	8	10000	9294	0.5158	0.319	0.281	0.325	0.300	0.287	0.280	0.316	0.287	0.304	0.305	0.293	0.308	0.316	0.310	1.966	0.595	0.313	0.200	1.053	-179831.188
275	8	10000	9269	0.5118	0.305	0.300	0.307	0.310	0.304	0.300	0.298	0.304	0.300	0.296	0.291	0.307	0.298	0.295	2.002	0.624	0.309	0.196	1.601	-178436.633
276	8	10000	9322	0.5143	0.283	0.304	0.296	0.319	0.307	0.301	0.313	0.302	0.311	0.298	0.296	0.288	0.301	0.296	1.999	0.594	0.304	0.196	1.000	-179072.988
277	8	10000	9278	0.5174	0.295	0.301	0.297	0.289	0.295	0.300	0.287	0.293	0.312	0.303	0.297	0.295	0.305	0.293	1.977	0.600	0.307	0.198	1.105	-178289.398
278	8	10000	9251	0.5107	0.283	0.310	0.284	0.305	0.298	0.307	0.299	0.313	0.298	0.306	0.310	0.316	0.291	0.305	1.950	0.599	0.305	0.191	1.192	-178784.768
279	8	10000	9218	0.5163	0.292	0.321	0.308	0.291	0.299	0.284	0.307	0.309	0.313	0.299	0.306	0.296	0.313	0.306	1.995	0.610	0.301	0.196	1.156	-178877.156
280	8	10000	9289	0.5148	0.298	0.307	0.297	0.301	0.293	0.308	0.291	0.306	0.301	0.324	0.303	0.289	0.298	0.309	2.004	0.608	0.314	0.201	1.730	-179376.428
281	8	10000	9240	0.5130	0.292	0.300	0.302	0.294	0.301	0.300	0.310	0.293	0.297	0.310	0.283	0.291	0.304	0.296	1.977	0.566	0.293	0.199	1.000	-178454.409
282	8	10000	9282	0.5127	0.349	0.303	0.303	0.297	0.299	0.301	0.306	0.266	0.306	0.305	0.314	0.277	0.304	0.302	1.992	0.598	0.300	0.197	1.136	-179186.723
283	8	10000	9286	0.5119	0.308	0.299	0.299	0.309	0.301	0.292	0.305	0.297	0.289	0.294	0.297	0.285	0.308	0.304	1.986	0.622	0.317	0.201	1.740	-178654.622
284	8	10000	9328	0.5127	0.328	0.286	0.302	0.312	0.296	0.292	0.302	0.294	0.304	0.306	0.307	0.309	0.299	0.295	1.987	0.604	0.322	0.197	1.361	-179332.833
285	8	10000	9311	0.5113	0.303	0.301	0.286	0.298	0.310	0.299	0.296	0.322	0.311	0.314	0.313	0.302	0.292	0.321	1.984	0.620	0.322	0.204	1.310	-179905.704
286	8	10000	9262	0.5118	0.309	0.301	0.299	0.308	0.290	0.292	0.298	0.298	0.289	0.299	0.302	0.301	0.284	0.305	2.012	0.628	0.296	0.200	1.020	-177840.928
287	8	10000	9346	0.5098	0.318	0.299	0.298	0.310	0.311	0.309	0.296	0.304	0.292	0.312	0.302	0.298	0.326	0.304	2.002	0.596	0.325	0.206	1.431	-180919.890
288	8	10000	9236	0.5139	0.288	0.286	0.296	0.294	0.296	0.297	0.298	0.299	0.305	0.308	0.303	0.287	0.291	0.287	1.988	0.618	0.305	0.207	1.188	-177759.300
289	8	10000	9258	0.5109	0.278	0.304	0.297	0.286	0.301	0.300	0.300	0.310	0.307	0.303	0.301	0.299	0.298	0.298	2.007	0.612	0.312	0.203	1.000	-178486.215
290	8	10000	9275	0.5118	0.260	0.286	0.281	0.294	0.302	0.311	0.295	0.344	0.295	0.301	0.293	0.310	0.285	0.295	1.995	0.621	0.310	0.201	1.000	-177635.369
291	8	10000	9272	0.5140	0.255	0.303	0.289	0.299	0.298	0.308	0.300	0.342	0.288	0.300	0.302	0.301	0.300	0.299	1.995	0.597	0.308	0.198	1.000	-178260.853
292	8	10000	9227	0.5130	0.321	0.291	0.299	0.304	0.298	0.298	0.300	0.273	0.307	0.295	0.301	0.295	0.303	0.298	2.006	0.589	0.306	0.200	1.137	-178536.864
293	8	10000	9328	0.5155	0.270	0.299	0.291	0.299	0.312	0.298	0.305	0.300	0.296	0.309	0.300	0.298	0.303	0.311	1.981	0.591	0.284	0.208	1.000	-179157.761
294	8	10000	9299	0.5146	0.299	0.302	0.297	0.311	0.308	0.302	0.305	0.291	0.308	0.305	0.303	0.287	0.305	0.309	1.980	0.602	0.292	0.206	1.187	-179815.368
295	8	10000	9273	0.5128	0.278	0.308	0.301	0.297	0.296	0.296	0.299	0.327	0.312	0.302	0.287	0.288	0.306	0.306	1.972	0.613	0.306	0.202	1.241	-178719.086
296	8	10000	9280	0.5165	0.282	0.310	0.288	0.297	0.294	0.309	0.292	0.329	0.292	0.282	0.302	0.305	0.290	0.310	2.017	0.610	0.303	0.200	1.011	-178015.706
297	8	10000	9248	0.5102	0.317	0.287	0.301	0.297	0.299	0.298	0.301	0.273	0.303	0.300	0.296	0.305	0.295	0.297	1.987	0.572	0.296	0.195	1.024	-178118.442
298	8	10000	9224	0.5145	0.266	0.299	0.308	0.305	0.290	0.308	0.302	0.330	0.295	0.297	0.300	0.289	0.297	0.295	1.963	0.603	0.317	0.198	1.000	-178328.683
299	8	10000	9237	0.5117	0.326	0.303	0.294	0.308	0.302	0.298	0.303	0.279	0.290	0.300	0.300	0.292	0.294	0.307	1.975	0.612	0.302	0.197	1.000	-178474.372
300	8	10000	9329	0.5161	0.327	0.308	0.313	0.290	0.288	0.299	0.306	0.274	0.297	0.300	0.306	0.302	0.311	0.301	1.986	0.602	0.300	0.199	1.000	-179282.225
301	8	10000	9281	0.5083	0.318	0.292	0.302	0.298	0.306	0.295	0.301	0.292	0.281	0.300	0.291	0.298	0.300	0.302	1.989	0.593	0.292	0.201	1.000	-178187.776
302	8	10000	9289	0.5121	0.313	0.306	0.310	0.299	0.311	0.289	0.300	0.295	0.287	0.310	0.308	0.286	0.289	0.303	2.034	0.608	0.307	0.202	1.032	-178634.958
303	8	10000	9241	0.5112	0.347	0.287	0.289	0.308	0.295	0.304	0.300	0.274	0.317	0.286	0.299	0.293	0.308	0.300	1.983	0.633	0.312	0.203	1.000	-178325.249
304	8	10000	9318	0.5126	0.349	0.301	0.312	0.298	0.298	0.297	0.296	0.260	0.295	0.294	0.289	0.308	0.314	0.299	2.058	0.601	0.304	0.198	1.000	-178409.108
305	8	10000	9302	0.5095	0.290	0.306	0.298	0.308	0.291	0.305	0.288	0.327	0.293	0.304	0.302	0.304	0.300	0.294	2.030	0.618	0.297	0.207	1.112	-178695.782
306	8	10000	9272	0.5132	0.278	0.300	0.307	0.294	0.313	0.301	0.290	0.346	0.295	0.292	0.303	0.287	0.301	0.289	2.012	0.598	0.298	0.198	1.109	-178231.395
307	8	10000	9314	0.5132	0.342	0.304	0.302	0.307	0.284	0.300	0.298	0.281	0.303	0.308	0.298	0.298	0.296	0.302	2.002	0.628	0.293	0.201	1.584	-178704.567
308	8	10000	9301	0.5142	0.593	0.312	0.298	0.314	0.297	0.305	0.298	0.001	0.320	0.305	0.312	0.291	0.302	0.310	1.944	0.589	0.285	0.202	1.000	-180108.073
309	8	10000	9286	0.5133	0.297	0.292	0.302	0.313	0.282	0.296	0.299	0.307	0.294	0.308	0.310	0.300	0.293	0.307	2.038	0.589	0.291	0.198	1.000	-178607.688
310	8	10000	9268	0.5144	0.284	0.307	0.306	0.300	0.296	0.302	0.303	0.321	0.302	0.297	0.298	0.318	0.292	0.300	1.970	0.581	0.297	0.204	1.070	-179529.076
311	8	10000	9326	0.5137	0.262	0.314	0.302	0.297	0.296	0.308	0.304	0.335	0.305	0.299	0.298	0.297	0.298	0.295	2.051	0.634	0.308	0.212	1.000	-179034.458
312	8	10000	9252	0.5118	0.298	0.301	0.304	0.306	0.295	0.292	0.290	0.303	0.293	0.307	0.303	0.302	0.291	0.302	2.004	0.621	0.291	0.202	1.408	-178027.641
313	8	10000	9244	0.5162	0.302	0.295	0.289	0.293	0.294	0.300	0.301	0.292	0.296	0.292	0.296	0.297	0.305	0.301	1.985	0.612	0.298	0.202	1.100	-177761.907
314	8	10000	9242	0.5171	0.297	0.298	0.299	0.292	0.306	0.295	0.298	0.299	0.279	0.288	0.298	0.294	0.295	0.302	2.008	0.591	0.292	0.198	1.000	-177488.692
315	8	10000	9271	0.5125	0.311	0.287	0.300	0.299	0.301	0.302	0.295	0.278	0.286	0.313	0.286	0.315	0.293	0.289	1.995	0.610	0.298	0.204	1.000	-177916.594
316	8	10000	9266	0.5145	0.322	0.300	0.290	0.297	0.308	0.280	0.301	0.289	0.301	0.305	0.298	0.313	0.304	0.292	1.993	0.621	0.306	0.202	1.419	-178627.354
317	8	10000	9292	0.5156	0.314	0.302	0.303	0.290	0.309	0.307	0.293	0.294	0.299	0.295	0.288	0.292	0.305	0.298	1.975	0.622	0.309	0.199	1.123	-178365.908
318	8	10000	9299	0.5101	0.329	0.307	0.302	0.303	0.303	0.297	0.300	0.278	0.307	0.298	0.304	0.298	0.306	0.300	2.015	0.598	0.301	0.203	1.000	-179260.139
319	8	10000	9303	0.5127	0.269	0.288	0.315	0.291	0.311	0.301	0.299	0.315	0.290	0.289	0.303	0.317	0.303	0.287	1.969	0.590	0.293	0.200	1.074	-178685.183
320	8	10000	9308	0.5149	0.289	0.297	0.302	0.304	0.297	0.310	0.304	0.297	0.304	0.293	0.302	0.310	0.283	0.311	2.007	0.581	0.285	0.199	1.000	-178919.363
321	8	10000	9312	0.5138	0.315	0.307	0.295	0.299	0.308	0.310	0.307	0.273	0.299	0.295	0.291	0.299	0.318	0.295	2.035	0.583	0.295	0.193	1.176	-178709.669
322	8	10000	9304	0.5141	0.309	0.315	0.284	0.300	0.296	0.287	0.306	0.292	0.281	0.301	0.304	0.308	0.299	0.305	1.997	0.613	0.298	0.206	1.118	-178612.017
323	8	10000	9239	0.5120	0.342	0.307	0.306	0.295	0.304	0.300	0.306	0.248	0.301	0.298	0.300	0.304	0.296	0.307	1.998	0.570	0.298	0.194	1.000	-179048.275
324	8	10000	9257	0.5152	0.333	0.298	0.292	0.311	0.288	0.311	0.295	0.299	0.288	0.293	0.291	0.293	0.295	0.297	1.988	0.661	0.311	0.206	2.498	-178180.235
325	8	10000	9263	0.5137	0.305	0.302	0.304	0.305	0.291	0.294	0.311	0.301	0.286	0.301	0.303	0.285	0.311	0.297	2.017	0.579	0.292	0.200	1.000	-178705.003
326	8	10000	9292	0.5192	0.305	0.304	0.299	0.297	0.306	0.310	0.298	0.296	0.288	0.297	0.307	0.309	0.300	0.291	2.009	0.602	0.308	0.200	1.129	-179045.008
327	8	10000	9266	0.5154	0.384	0.291	0.317	0.290	0.308	0.299	0.304	0.209	0.283	0.293	0.293	0.299	0.298	0.287	1.989	0.610	0.300	0.208	1.159	-178243.805
328	8	10000	9260	0.5126	0.325	0.309	0.313	0.290	0.293	0.304	0.303	0.277	0.306	0.298	0.292	0.286	0.306	0.289	2.005	0.591	0.297	0.197	1.000	-178441.571
329	8	10000	9238	0.5179	0.314	0.296	0.315	0.289	0.292	0.303	0.293	0.300	0.307	0.283	0.307	0.300	0.299	0.306	2.032	0.613	0.296	0.200	1.000	-178258.291
330	8	10000	9247	0.5140	0.322	0.288	0.295	0.299	0.309	0.299	0.296	0.299	0.284	0.301	0.274	0.310	0.300	0.306	1.978	0.635	0.340	0.205	2.089	-178566.742
331	8	10000	9247	0.5123	0.280	0.298	0.295	0.288	0.309	0.299	0.306	0.322	0.294	0.307	0.291	0.300	0.291	0.307	2.016	0.620	0.309	0.197	1.000	-177829.984
332	8	10000	9257	0.5172	0.314	0.306	0.294	0.289	0.294	0.295	0.299	0.295	0.310	0.289	0.307	0.307	0.305	0.293	2.014	0.617	0.307	0.201	1.332	-178420.405
333	8	10000	9288	0.5105	0.304	0.303	0.289	0.306	0.288	0.296	0.310	0.309	0.298	0.290	0.293	0.302	0.295	0.303	2.036	0.622	0.298	0.201	1.337	-177754.340
334	8	10000	9299	0.5139	0.607	0.298	0.301	0.293	0.315	0.302	0.283	0.006	0.315	0.295	0.302	0.296	0.300	0.294	2.010	0.608	0.308	0.195	1.250	-178608.864
335	8	10000	9291	0.5125	0.292	0.307	0.312	0.303	0.310	0.297	0.296	0.300	0.305	0.307	0.296	0.304	0.300	0.296	1.967	0.587	0.305	0.196	1.000	-179330.489
336	8	10000	9280	0.5178	0.291	0.291	0.298	0.303	0.312	0.290	0.306	0.291	0.306	0.294	0.319	0.307	0.291	0.302	1.949	0.574	0.295	0.199	1.000	-179253.821
337	8	10000	9299	0.5138	0.306	0.306	0.305	0.283	0.307	0.313	0.301	0.298	0.292	0.310	0.307	0.303	0.304	0.299	1.977	0.571	0.305	0.197	1.000	-179708.520
338	8	10000	9242	0.5151	0.626	0.284	0.300	0.312	0.301	0.313	0.301	0.002	0.297	0.303	0.306	0.285	0.299	0.304	1.985	0.598	0.310	0.196	1.000	-178793.776
339	8	10000	9282	0.5143	0.322	0.300	0.291	0.302	0.311	0.288	0.304	0.278	0.303	0.302	0.296	0.293	0.308	0.310	2.030	0.592	0.296	0.202	1.000	-178905.032
340	8	10000	9257	0.5163	0.314	0.285	0.310	0.285	0.319	0.285	0.307	0.281	0.306	0.291	0.311	0.291	0.309	0.290	1.963	0.603	0.295	0.199	1.072	-178279.638
341	8	10000	9285	0.5108	0.317	0.308	0.300	0.290	0.293	0.302	0.295	0.284	0.295	0.310	0.313	0.292	0.299	0.304	1.991	0.610	0.307	0.204	1.057	-178829.139
342	8	10000	9260	0.5149	0.319	0.305	0.309	0.305	0.306	0.292	0.294	0.269	0.312	0.293	0.310	0.314	0.299	0.310	1.987	0.569	0.308	0.191	1.000	-179478.251
343	8	10000	9313	0.5132	0.284	0.302	0.292	0.299	0.313	0.307	0.317	0.313	0.296	0.301	0.303	0.306	0.300	0.290	1.994	0.606	0.305	0.201	1.282	-179198.094
344	8	10000	9298	0.5163	0.293	0.293	0.302	0.302	0.305	0.309	0.302	0.314	0.307	0.295	0.304	0.294	0.303	0.297	2.003	0.612	0.298	0.200	1.095	-178849.675
345	8	10000	9269	0.5155	0.290	0.291	0.301	0.297	0.305	0.293	0.299	0.339	0.296	0.291	0.290	0.298	0.290	0.295	2.006	0.610	0.305	0.201	1.000	-178023.619
346	8	10000	9267	0.5114	0.307	0.292	0.298	0.290	0.298	0.289	0.298	0.306	0.305	0.306	0.300	0.287	0.297	0.284	1.984	0.597	0.292	0.203	1.000	-177894.068
347	8	10000	9262	0.5153	0.297	0.305	0.300	0.305	0.296	0.286	0.305	0.303	0.296	0.299	0.291	0.296	0.298	0.294	2.001	0.589	0.304	0.199	1.000	-178506.765
348	8	10000	9267	0.5125	0.284	0.307	0.296	0.295	0.299	0.295	0.305	0.304	0.303	0.300	0.315	0.309	0.314	0.300	2.041	0.597	0.295	0.198	1.205	-178983.925
349	8	10000	9274	0.5123	0.349	0.297	0.299	0.309	0.302	0.301	0.319	0.281	0.304	0.284	0.288	0.311	0.303	0.299	2.009	0.597	0.317	0.197	1.245	-179407.895
350	8	10000	9246	0.5129	0.284	0.303	0.308	0.309	0.309	0.315	0.298	0.304	0.294	0.297	0.304	0.296	0.295	0.299	1.983	0.580	0.316	0.197	1.015	-179220.393
351	8	10000	9322	0.5134	0.319	0.300	0.319	0.292	0.305	0.288	0.301	0.314	0.301	0.308	0.288	0.306	0.301	0.308	1.997	0.604	0.309	0.205	1.114	-179464.633
352	8	10000	9226	0.5107	0.262	0.294	0.295	0.303	0.312	0.301	0.303	0.321	0.304	0.311	0.289	0.297	0.308	0.297	1.999	0.605	0.298	0.197	1.197	-178502.054
353	8	10000	9277	0.5137	0.285	0.301	0.310	0.308	0.310	0.303	0.307	0.339	0.293	0.293	0.307	0.307	0.301	0.307	1.984	0.620	0.324	0.198	1.279	-179822.125
354	8	10000	9217	0.5116	0.294	0.293	0.297	0.295	0.301	0.278	0.288	0.314	0.307	0.300	0.299	0.285	0.290	0.298	1.995	0.634	0.322	0.209	1.607	-177532.147
355	8	10000	9272	0.5119	0.320	0.304	0.306	0.302	0.294	0.301	0.301	0.296	0.294	0.308	0.299	0.313	0.310	0.302	1.998	0.650	0.310	0.204	2.251	-179346.205
356	8	10000	9289	0.5122	0.277	0.291	0.302	0.302	0.277	0.295	0.300	0.333	0.299	0.292	0.298	0.298	0.301	0.296	1.984	0.616	0.312	0.201	1.189	-178205.604
357	8	10000	9278	0.5135	0.296	0.297	0.307	0.312	0.306	0.308	0.310	0.312	0.299	0.304	0.297	0.289	0.295	0.305	1.979	0.613	0.306	0.205	1.000	-179612.337
358	8	10000	9272	0.5116	0.260	0.292	0.303	0.298	0.311	0.295	0.300	0.338	0.297	0.295	0.307	0.299	0.296	0.302	1.988	0.584	0.289	0.197	1.000	-178338.187
359	8	10000	9226	0.5103	0.297	0.299	0.298	0.300	0.299	0.303	0.298	0.325	0.311	0.298	0.287	0.284	0.298	0.300	2.016	0.638	0.306	0.198	1.399	-177629.952
360	8	10000	9271	0.5157	0.289	0.289	0.297	0.304	0.290	0.299	0.297	0.305	0.299	0.300	0.313	0.293	0.310	0.309	2.017	0.617	0.314	0.206	1.000	-179168.523
361	8	10000	9224	0.5139	0.306	0.300	0.282	0.289	0.289	0.292	0.297	0.312	0.305	0.288	0.296	0.290	0.303	0.288	1.987	0.638	0.306	0.203	1.448	-177097.161
362	8	10000	9287	0.5153	0.326	0.300	0.297	0.313	0.309	0.291	0.299	0.279	0.293	0.307	0.298	0.312	0.305	0.298	1.951	0.612	0.316	0.204	1.606	-179760.612
363	8	10000	9319	0.5134	0.308	0.309	0.320	0.301	0.304	0.294	0.303	0.304	0.304	0.311	0.300	0.303	0.292	0.298	2.010	0.635	0.326	0.209	2.255	-179747.778
364	8	10000	9267	0.5133	0.305	0.309	0.296	0.314	0.305	0.295	0.301	0.282	0.316	0.298	0.302	0.319	0.296	0.304	1.966	0.566	0.287	0.194	1.003	-179358.665
365	8	10000	9260	0.5142	0.303	0.292	0.312	0.295	0.304	0.288	0.296	0.273	0.291	0.295	0.288	0.288	0.307	0.300	1.988	0.594	0.281	0.202	1.085	-177599.548
366	8	10000	9270	0.5105	0.268	0.295	0.296	0.317	0.295	0.294	0.299	0.320	0.290	0.316	0.294	0.318	0.300	0.303	1.975	0.580	0.311	0.201	1.000	-179282.666
367	8	10000	9316	0.5163	0.305	0.292	0.296	0.289	0.293	0.293	0.309	0.313	0.305	0.296	0.312	0.298	0.294	0.306	2.021	0.599	0.297	0.201	1.000	-178791.704
368	8	10000	9219	0.5154	0.279	0.302	0.307	0.292	0.302	0.301	0.294	0.301	0.300	0.299	0.294	0.294	0.292	0.310	1.996	0.601	0.303	0.192	1.156	-177770.420
369	8	10000	9324	0.5130	0.260	0.300	0.299	0.305	0.299	0.301	0.309	0.339	0.310	0.301	0.289	0.299	0.293	0.314	2.005	0.593	0.292	0.203	1.022	-179229.003
370	8	10000	9282	0.5148	0.302	0.295	0.309	0.283	0.320	0.295	0.305	0.290	0.297	0.300	0.290	0.295	0.308	0.304	1.997	0.604	0.296	0.197	1.208	-178489.125
371	8	10000	9289	0.5139	0.311	0.303	0.302	0.310	0.318	0.309	0.289	0.283	0.308	0.309	0.294	0.297	0.301	0.302	2.007	0.579	0.307	0.195	1.107	-179459.006
372	8	10000	9255	0.5122	0.270	0.299	0.285	0.303	0.300	0.295	0.301	0.332	0.291	0.297	0.311	0.307	0.299	0.300	1.967	0.637	0.303	0.199	1.658	-178003.578
373	8	10000	9284	0.5151	0.270	0.318	0.304	0.295	0.299	0.287	0.304	0.331	0.294	0.298	0.296	0.292	0.305	0.298	2.003	0.599	0.295	0.200	1.084	-178364.335
374	8	10000	9231	0.5095	0.298	0.302	0.298	0.298	0.293	0.284	0.298	0.305	0.284	0.310	0.308	0.320	0.307	0.295	2.066	0.633	0.319	0.204	1.356	-178266.625
375	8	10000	9273	0.5171	0.341	0.299	0.304	0.305	0.303	0.289	0.297	0.289	0.296	0.303	0.297	0.289	0.304	0.306	2.034	0.611	0.317	0.197	1.000	-178730.369
376	8	10000	9259	0.5154	0.317	0.288	0.300	0.311	0.306	0.291	0.306	0.329	0.297	0.312	0.296	0.292	0.306	0.294	2.046	0.643	0.330	0.202	2.585	-178947.966
377	8	10000	9295	0.5134	0.311	0.297	0.311	0.288	0.295	0.297	0.302	0.312	0.299	0.304	0.303	0.304	0.300	0.307	2.004	0.601	0.299	0.201	1.000	-178961.442
378	8	10000	9273	0.5156	0.308	0.310	0.307	0.301	0.303	0.306	0.289	0.294	0.300	0.302	0.302	0.292	0.297	0.308	1.997	0.630	0.308	0.199	1.000	-178790.629
379	8	10000	9285	0.5144	0.313	0.297	0.306	0.295	0.295	0.295	0.299	0.302	0.276	0.302	0.285	0.298	0.297	0.295	1.997	0.601	0.294	0.199	1.000	-177805.875
380	8	10000	9305	0.5155	0.359	0.300	0.309	0.298	0.288	0.299	0.296	0.281	0.300	0.307	0.305	0.312	0.298	0.322	2.010	0.641	0.317	0.205	2.608	-179440.331
381	8	10000	9266	0.5123	0.274	0.307	0.299	0.309	0.305	0.300	0.288	0.315	0.304	0.301	0.294	0.297	0.303	0.285	2.030	0.581	0.312	0.194	1.022	-178345.193
382	8	10000	9281	0.5167	0.292	0.293	0.291	0.294	0.291	0.309	0.293	0.308	0.296	0.294	0.304	0.293	0.287	0.299	2.010	0.613	0.299	0.199	1.000	-177546.562
383	8	10000	9236	0.5137	0.307	0.289	0.291	0.294	0.295	0.298	0.303	0.273	0.299	0.302	0.298	0.288	0.285	0.298	2.021	0.622	0.310	0.198	1.000	-177033.039
384	8	10000	9274	0.5187	0.294	0.298	0.310	0.303	0.292	0.305	0.316	0.292	0.310	0.297	0.295	0.318	0.302	0.307	1.970	0.590	0.295	0.196	1.000	-179360.086
385	8	10000	9280	0.5129	0.291	0.289	0.308	0.297	0.299	0.289	0.311	0.314	0.297	0.297	0.294	0.304	0.292	0.306	1.987	0.594	0.304	0.205	1.118	-178971.571
386	8	10000	9227	0.5181	0.324	0.303	0.301	0.290	0.300	0.286	0.296	0.276	0.300	0.290	0.313	0.307	0.293	0.296	1.976	0.607	0.302	0.200	1.359	-178152.175
387	8	10000	9288	0.5147	0.313	0.299	0.301	0.291	0.310	0.290	0.285	0.283	0.290	0.290	0.302	0.302	0.296	0.289	2.035	0.621	0.315	0.204	1.339	-177670.163
388	8	10000	9255	0.5134	0.310	0.317	0.307	0.300	0.304	0.299	0.290	0.298	0.293	0.296	0.302	0.303	0.283	0.296	1.972	0.611	0.289	0.196	1.085	-178143.207
389	8	10000	9288	0.5146	0.285	0.294	0.301	0.308	0.306	0.298	0.306	0.316	0.288	0.297	0.306	0.311	0.301	0.299	2.013	0.553	0.293	0.193	1.000	-179034.717
390	8	10000	9297	0.5153	0.289	0.315	0.305	0.293	0.301	0.303	0.296	0.329	0.286	0.305	0.293	0.291	0.291	0.286	1.957	0.637	0.306	0.206	1.673	-178356.941
391	8	10000	9223	0.5131	0.329	0.301	0.296	0.297	0.286	0.300	0.293	0.297	0.300	0.287	0.299	0.304	0.290	0.295	1.990	0.628	0.314	0.198	1.613	-177595.308
392	8	10000	9333	0.5171	0.280	0.294	0.305	0.316	0.297	0.296	0.300	0.329	0.323	0.313	0.292	0.295	0.305	0.298	2.043	0.589	0.284	0.205	1.000	-179476.156
393	8	10000	9285	0.5167	0.294	0.301	0.304	0.301	0.290	0.291	0.295	0.291	0.304	0.300	0.301	0.300	0.305	0.301	1.986	0.636	0.309	0.204	1.723	-178423.376
394	8	10000	9305	0.5144	0.288	0.316	0.300	0.312	0.299	0.295	0.298	0.305	0.309	0.298	0.304	0.300	0.298	0.303	1.991	0.578	0.299	0.197	1.000	-179213.251
395	8	10000	9266	0.5143	0.280	0.299	0.302	0.295	0.292	0.303	0.284	0.344	0.302	0.291	0.289	0.299	0.303	0.299	1.972	0.620	0.293	0.195	1.000	-177567.712
396	8	10000	9280	0.5119	0.305	0.307	0.294	0.306	0.302	0.295	0.304	0.289	0.290	0.294	0.315	0.303	0.300	0.306	1.979	0.605	0.290	0.199	1.000	-178646.374
397	8	10000	9291	0.5172	0.311	0.317	0.305	0.292	0.283	0.294	0.320	0.298	0.308	0.302	0.310	0.293	0.304	0.294	2.027	0.608	0.313	0.199	1.409	-179171.400
398	8	10000	9268	0.5111	0.309	0.310	0.294	0.305	0.308	0.296	0.299	0.287	0.293	0.299	0.298	0.295	0.304	0.294	2.048	0.572	0.287	0.194	1.000	-178092.633
399	8	10000	9227	0.5130	0.299	0.297	0.302	0.295	0.292	0.296	0.302	0.310	0.289	0.304	0.297	0.288	0.311	0.306	1.974	0.620	0.305	0.191	1.452	-177907.349
400	8	10000	9209	0.5135	0.264	0.292	0.303	0.292	0.305	0.280	0.296	0.325	0.303	0.293	0.290	0.298	0.291	0.304	1.984	0.613	0.309	0.202	1.235	-177269.893
401	8	10000	9280	0.5118	0.275	0.289	0.299	0.302	0.290	0.299	0.303	0.332	0.301	0.306	0.299	0.300	0.313	0.307	1.966	0.602	0.298	0.209	1.004	-179507.934
402	8	10000	9262	0.5137	0.288	0.304	0.296	0.300	0.295	0.288	0.302	0.301	0.300	0.297	0.288	0.305	0.300	0.311	1.981	0.620	0.319	0.199	1.131	-178228.262
403	8	10000	9272	0.5110	0.286	0.321	0.311	0.313	0.290	0.301	0.301	0.297	0.287	0.298	0.303	0.317	0.301	0.297	1.990	0.605	0.306	0.194	1.050	-178817.316
404	8	10000	9278	0.5102	0.309	0.298	0.303	0.296	0.290	0.309	0.306	0.309	0.310	0.298	0.295	0.295	0.303	0.312	2.012	0.594	0.305	0.201	1.000	-179386.506
405	8	10000	9263	0.5145	0.315	0.302	0.300	0.304	0.295	0.291	0.303	0.296	0.311	0.304	0.308	0.295	0.294	0.295	1.987	0.615	0.314	0.204	1.055	-178909.294
406	8	10000	9294	0.5124	0.270	0.310	0.313	0.301	0.318	0.293	0.298	0.317	0.307	0.284	0.307	0.290	0.296	0.315	1.994	0.618	0.303	0.200	1.473	-178941.165
407	8	10000	9226	0.5129	0.297	0.310	0.299	0.297	0.296	0.303	0.316	0.284	0.299	0.291	0.296	0.300	0.308	0.298	1.975	0.587	0.301	0.191	1.022	-178247.609
408	8	10000	9210	0.5136	0.287	0.300	0.293	0.312	0.288	0.299	0.305	0.324	0.302	0.300	0.312	0.298	0.300	0.293	2.035	0.594	0.309	0.194	1.000	-178370.007
409	8	10000	9262	0.5167	0.306	0.297	0.297	0.304	0.288	0.292	0.310	0.282	0.298	0.301	0.298	0.293	0.294	0.302	1.976	0.606	0.322	0.195	1.139	-178306.096
410	8	10000	9259	0.5154	0.332	0.294	0.307	0.300	0.310	0.298	0.299	0.268	0.306	0.291	0.303	0.287	0.301	0.307	1.995	0.638	0.324	0.199	2.222	-178729.151
411	8	10000	9227	0.5162	0.342	0.298	0.307	0.291	0.298	0.302	0.296	0.267	0.304	0.303	0.302	0.290	0.302	0.301	1.940	0.612	0.297	0.196	1.000	-178418.979
412	8	10000	9304	0.5160	0.269	0.296	0.299	0.291	0.302	0.306	0.310	0.337	0.280	0.306	0.293	0.307	0.309	0.292	2.000	0.600	0.314	0.204	1.000	-179167.400
413	8	10000	9313	0.5145	0.317	0.309	0.297	0.304	0.293	0.302	0.290	0.288	0.313	0.288	0.308	0.297	0.300	0.314	2.031	0.603	0.292	0.197	1.260	-178705.497
414	8	10000	9327	0.5110	0.323	0.310	0.297	0.307	0.291	0.294	0.304	0.274	0.291	0.303	0.299	0.312	0.298	0.297	1.974	0.637	0.299	0.208	1.000	-178815.929
415	8	10000	9316	0.5121	0.306	0.310	0.301	0.299	0.308	0.304	0.283	0.304	0.297	0.299	0.311	0.301	0.290	0.305	2.013	0.632	0.304	0.207	1.431	-178815.358
416	8	10000	9262	0.5156	0.264	0.305	0.326	0.298	0.291	0.285	0.310	0.321	0.296	0.296	0.297	0.295	0.292	0.307	1.997	0.589	0.300	0.196	1.000	-178461.920
417	8	10000	9281	0.5133	0.263	0.318	0.301	0.299	0.302	0.306	0.308	0.333	0.308	0.302	0.316	0.295	0.312	0.295	1.997	0.613	0.317	0.199	1.140	-179834.233
418	8	10000	9279	0.5124	0.286	0.311	0.295	0.312	0.305	0.296	0.300	0.327	0.312	0.290	0.300	0.295	0.302	0.302	1.985	0.631	0.301	0.195	1.363	-178658.055
419	8	10000	9257	0.5162	0.321	0.302	0.290	0.298	0.300	0.300	0.316	0.281	0.296	0.315	0.291	0.292	0.302	0.296	2.015	0.622	0.308	0.199	1.000	-178429.185
420	8	10000	9253	0.5180	0.332	0.294	0.307	0.294	0.296	0.306	0.292	0.267	0.308	0.301	0.300	0.294	0.302	0.297	2.002	0.601	0.294	0.193	1.050	-178154.091
421	8	10000	9265	0.5142	0.324	0.297	0.288	0.309	0.295	0.296	0.301	0.306	0.310	0.296	0.302	0.316	0.299	0.305	2.005	0.615	0.301	0.196	1.000	-178722.441
422	8	10000	9234	0.5124	0.262	0.308	0.305	0.298	0.295	0.298	0.302	0.328	0.305	0.294	0.303	0.296	0.310	0.307	2.004	0.592	0.284	0.198	1.000	-178556.802
423	8	10000	9342	0.5139	0.292	0.284	0.296	0.312	0.292	0.295	0.297	0.316	0.321	0.299	0.308	0.301	0.306	0.300	2.006	0.590	0.302	0.197	1.147	-179139.206
424	8	10000	9282	0.5135	0.268	0.294	0.298	0.301	0.310	0.290	0.295	0.324	0.310	0.301	0.291	0.297	0.287	0.298	1.962	0.615	0.281	0.199	1.000	-177599.106
425	8	10000	9278	0.5154	0.326	0.303	0.305	0.306	0.297	0.297	0.306	0.266	0.302	0.303	0.311	0.296	0.296	0.304	1.950	0.594	0.300	0.200	1.000	-179565.412
426	8	10000	9296	0.5104	0.303	0.300	0.301	0.304	0.297	0.296	0.311	0.301	0.318	0.303	0.293	0.297	0.293	0.310	1.993	0.608	0.315	0.202	1.000	-179133.509
427	8	10000	9283	0.5163	0.296	0.310	0.292	0.297	0.308	0.299	0.305	0.290	0.301	0.293	0.304	0.287	0.308	0.299	2.013	0.592	0.290	0.201	1.000	-178615.541
428	8	10000	9232	0.5152	0.277	0.300	0.291	0.303	0.287	0.295	0.295	0.320	0.292	0.311	0.288	0.306	0.304	0.294	1.992	0.617	0.310	0.201	1.000	-178152.898
429	8	10000	9316	0.5145	0.278	0.291	0.303	0.295	0.294	0.291	0.311	0.351	0.302	0.314	0.302	0.313	0.301	0.296	2.024	0.607	0.304	0.204	1.149	-179451.239
430	8	10000	9270	0.5109	0.287	0.309	0.296	0.301	0.307	0.307	0.313	0.288	0.301	0.297	0.297	0.302	0.302	0.296	1.977	0.598	0.294	0.199	1.059	-178602.586
431	8	10000	9294	0.5126	0.292	0.299	0.302	0.303	0.311	0.293	0.304	0.295	0.305	0.304	0.311	0.305	0.308	0.302	2.029	0.604	0.304	0.202	1.000	-179274.247
432	8	10000	9270	0.5134	0.300	0.312	0.305	0.296	0.289	0.289	0.310	0.299	0.306	0.298	0.309	0.313	0.299	0.289	1.998	0.612	0.312	0.195	1.123	-178621.611
433	8	10000	9256	0.5090	0.258	0.297	0.297	0.299	0.305	0.295	0.298	0.332	0.301	0.301	0.307	0.300	0.298	0.314	2.031	0.554	0.298	0.196	1.000	-178950.318
434	8	10000	9274	0.5173	0.322	0.310	0.294	0.294	0.286	0.302	0.277	0.301	0.318	0.296	0.289	0.286	0.295	0.297	1.992	0.585	0.288	0.200	1.000	-177919.578
435	8	10000	9289	0.5152	0.314	0.294	0.299	0.302	0.295	0.313	0.297	0.311	0.303	0.309	0.297	0.287	0.286	0.304	2.019	0.601	0.310	0.201	1.000	-178931.352
436	8	10000	9284	0.5122	0.309	0.301	0.293	0.296	0.306	0.315	0.311	0.308	0.285	0.311	0.299	0.308	0.310	0.284	2.014	0.615	0.313	0.193	1.273	-178896.158
437	8	10000	9226	0.5103	0.336	0.283	0.300	0.283	0.319	0.291	0.294	0.258	0.297	0.288	0.301	0.306	0.296	0.305	1.994	0.572	0.286	0.194	1.017	-177481.272
438	8	10000	9280	0.5121	0.297	0.314	0.296	0.289	0.292	0.304	0.285	0.303	0.311	0.309	0.306	0.292	0.301	0.304	1.960	0.632	0.297	0.205	1.332	-178670.058
439	8	10000	9302	0.5141	0.352	0.297	0.297	0.304	0.295	0.298	0.295	0.262	0.302	0.303	0.302	0.306	0.298	0.297	2.002	0.607	0.305	0.200	1.015	-178709.366
440	8	10000	9284	0.5165	0.325	0.299	0.302	0.298	0.295	0.308	0.286	0.278	0.304	0.299	0.305	0.294	0.304	0.302	2.017	0.628	0.312	0.206	1.000	-178899.813
441	8	10000	9287	0.5122	0.287	0.300	0.308	0.290	0.318	0.308	0.301	0.293	0.304	0.304	0.309	0.316	0.292	0.308	2.032	0.583	0.309	0.198	1.000	-179561.486
442	8	10000	9248	0.5184	0.326	0.303	0.295	0.290	0.306	0.295	0.299	0.253	0.293	0.298	0.298	0.306	0.303	0.286	2.015	0.614	0.291	0.201	1.171	-177534.934
443	8	10000	9204	0.5152	0.352	0.286	0.312	0.293	0.302	0.290	0.295	0.262	0.313	0.284	0.302	0.303	0.290	0.293	2.026	0.591	0.310	0.193	1.089	-177903.714
444	8	10000	9301	0.5180	0.280	0.303	0.310	0.303	0.314	0.300	0.292	0.331	0.281	0.301	0.297	0.307	0.298	0.303	2.071	0.594	0.301	0.204	1.183	-179088.296
445	8	10000	9297	0.5150	0.308	0.307	0.295	0.283	0.303	0.297	0.309	0.301	0.298	0.297	0.294	0.299	0.306	0.297	1.955	0.599	0.293	0.200	1.000	-178623.261
446	8	10000	9274	0.5134	0.327	0.301	0.294	0.299	0.298	0.313	0.291	0.266	0.286	0.314	0.289	0.290	0.299	0.305	1.984	0.602	0.309	0.208	1.000	-178766.666
447	8	10000	9270	0.5179	0.286	0.301	0.292	0.296	0.296	0.304	0.296	0.309	0.305	0.305	0.290	0.301	0.306	0.304	2.023	0.611	0.296	0.205	1.217	-178403.453
448	8	10000	9291	0.5082	0.321	0.306	0.301	0.316	0.292	0.293	0.304	0.290	0.294	0.294	0.300	0.297	0.305	0.305	1.955	0.630	0.308	0.205	1.296	-179066.919
449	8	10000	9276	0.5128	0.304	0.294	0.299	0.306	0.306	0.293	0.301	0.301	0.322	0.311	0.298	0.285	0.297	0.301	1.987	0.597	0.290	0.198	1.000	-178928.116
450	8	10000	9256	0.5129	0.327	0.300	0.302	0.302	0.293	0.301	0.313	0.263	0.303	0.298	0.290	0.309	0.295	0.298	2.017	0.620	0.295	0.200	1.000	-178265.609
451	8	10000	9270	0.5150	0.292	0.290	0.315	0.293	0.279	0.301	0.288	0.313	0.289	0.310	0.299	0.301	0.305	0.301	1.961	0.621	0.324	0.205	1.471	-178728.902
452	8	10000	9283	0.5116	0.317	0.292	0.310	0.285	0.305	0.302	0.312	0.283	0.295	0.290	0.303	0.295	0.293	0.304	1.966	0.622	0.314	0.200	1.125	-178551.255
453	8	10000	9258	0.5142	0.297	0.296	0.299	0.307	0.296	0.305	0.307	0.308	0.295	0.294	0.295	0.308	0.303	0.301	2.019	0.587	0.303	0.196	1.000	-178758.735
454	8	10000	9278	0.5134	0.278	0.297	0.289	0.300	0.313	0.300	0.312	0.323	0.299	0.303	0.292	0.289	0.301	0.294	2.009	0.610	0.310	0.204	1.000	-178619.222
455	8	10000	9262	0.5127	0.302	0.293	0.301	0.298	0.280	0.297	0.289	0.305	0.301	0.295	0.299	0.314	0.306	0.287	1.976	0.607	0.295	0.199	1.194	-177894.643
456	8	10000	9213	0.5134	0.267	0.322	0.302	0.305	0.283	0.300	0.302	0.313	0.293	0.308	0.296	0.299	0.306	0.295	2.010	0.573	0.307	0.188	1.120	-178413.506
457	8	10000	9274	0.5117	0.278	0.306	0.301	0.305	0.307	0.296	0.304	0.290	0.294	0.294	0.303	0.306	0.306	0.301	1.949	0.586	0.280	0.199	1.000	-178543.447
458	8	10000	9253	0.5167	0.292	0.289	0.310	0.300	0.281	0.295	0.305	0.311	0.302	0.293	0.306	0.300	0.297	0.293	1.987	0.610	0.310	0.199	1.103	-178333.164
459	8	10000	9270	0.5124	0.286	0.288	0.302	0.303	0.305	0.305	0.311	0.321	0.309	0.307	0.295	0.280	0.302	0.294	1.990	0.634	0.313	0.205	1.275	-178928.648
460	8	10000	9237	0.5150	0.290	0.297	0.293	0.303	0.305	0.308	0.300	0.290	0.307	0.307	0.292	0.292	0.306	0.299	2.001	0.604	0.316	0.201	1.208	-178694.579
461	8	10000	9289	0.5108	0.325	0.307	0.305	0.300	0.291	0.293	0.297	0.271	0.301	0.297	0.295	0.293	0.311	0.293	2.008	0.610	0.298	0.203	1.000	-177959.082
462	8	10000	9239	0.5107	0.290	0.296	0.301	0.292	0.307	0.304	0.299	0.316	0.288	0.306	0.295	0.293	0.290	0.298	1.953	0.598	0.285	0.201	1.000	-177957.504
463	8	10000	9310	0.5160	0.263	0.287	0.303	0.293	0.308	0.294	0.304	0.333	0.294	0.311	0.290	0.308	0.307	0.297	2.020	0.596	0.289	0.205	1.000	-178885.921
464	8	10000	9289	0.5147	0.293	0.305	0.299	0.302	0.311	0.282	0.309	0.310	0.298	0.304	0.286	0.313	0.300	0.297	1.972	0.596	0.287	0.201	1.090	-178794.568
465	8	10000	9289	0.5163	0.301	0.294	0.301	0.306	0.300	0.297	0.299	0.289	0.300	0.320	0.294	0.295	0.290	0.295	2.001	0.605	0.288	0.204	1.036	-178433.674
466	8	10000	9298	0.5140	0.309	0.293	0.313	0.294	0.284	0.294	0.301	0.299	0.287	0.290	0.307	0.317	0.306	0.301	1.982	0.591	0.298	0.197	1.000	-178700.907
467	8	10000	9311	0.5156	0.264	0.305	0.304	0.302	0.292	0.294	0.312	0.316	0.315	0.290	0.303	0.311	0.292	0.293	1.986	0.587	0.279	0.203	1.159	-178679.056
468	8	10000	9301	0.5143	0.248	0.303	0.310	0.315	0.316	0.302	0.298	0.326	0.308	0.294	0.307	0.309	0.307	0.308	2.005	0.605	0.313	0.201	1.362	-179897.198
469	8	10000	9273	0.5118	0.329	0.301	0.295	0.310	0.304	0.300	0.293	0.304	0.295	0.292	0.310	0.276	0.305	0.296	1.975	0.616	0.318	0.202	1.329	-178850.083
470	8	10000	9304	0.5181	0.343	0.294	0.308	0.298	0.308	0.309	0.295	0.269	0.296	0.297	0.312	0.307	0.301	0.306	1.985	0.596	0.290	0.203	1.075	-179390.871
471	8	10000	9268	0.5150	0.314	0.274	0.294	0.312	0.312	0.294	0.294	0.290	0.293	0.303	0.293	0.306	0.298	0.306	2.023	0.616	0.299	0.200	1.067	-178112.443
472	8	10000	9318	0.5128	0.341	0.301	0.292	0.310	0.307	0.301	0.289	0.259	0.294	0.305	0.302	0.292	0.311	0.295	1.982	0.633	0.314	0.210	1.364	-179017.011
473	8	10000	9257	0.5133	0.285	0.300	0.307	0.295	0.303	0.306	0.308	0.300	0.307	0.297	0.319	0.305	0.305	0.284	2.015	0.611	0.300	0.199	1.000	-178831.749
474	8	10000	9303	0.5112	0.288	0.301	0.308	0.297	0.310	0.303	0.299	0.324	0.311	0.291	0.306	0.312	0.298	0.297	1.976	0.607	0.298	0.207	1.000	-179500.722
475	8	10000	9276	0.5123	0.340	0.292	0.296	0.304	0.304	0.307	0.307	0.283	0.287	0.299	0.307	0.299	0.305	0.290	2.001	0.600	0.309	0.195	1.000	-178881.951
476	8	10000	9267	0.5121	0.325	0.290	0.318	0.301	0.286	0.298	0.307	0.293	0.305	0.293	0.309	0.299	0.299	0.311	2.016	0.580	0.309	0.199	1.000	-179557.228
477	8	10000	9274	0.5176	0.273	0.294	0.297	0.291	0.313	0.276	0.315	0.342	0.299	0.306	0.301	0.297	0.311	0.299	2.008	0.609	0.322	0.203	1.000	-179123.049
478	8	10000	9289	0.5154	0.000	0.283	0.303	0.308	0.302	0.292	0.303	0.598	0.307	0.286	0.307	0.283	0.291	0.305	1.986	0.618	0.303	0.205	1.000	-178305.093
479	8	10000	9233	0.5123	0.302	0.288	0.321	0.293	0.304	0.295	0.304	0.281	0.296	0.309	0.290	0.295	0.292	0.297	1.996	0.625	0.308	0.200	1.787	-177879.615
480	8	10000	9243	0.5138	0.304	0.301	0.297	0.291	0.300	0.303	0.296	0.269	0.303	0.288	0.301	0.295	0.301	0.298	2.007	0.607	0.296	0.202	1.000	-177582.757
481	8	10000	9249	0.5119	0.294	0.297	0.300	0.294	0.300	0.312	0.300	0.305	0.311	0.303	0.294	0.287	0.306	0.289	1.992	0.601	0.298	0.207	1.000	-178709.778
482	8	10000	9237	0.5137	0.310	0.301	0.302	0.292	0.312	0.296	0.300	0.299	0.307	0.310	0.301	0.307	0.297	0.304	2.004	0.587	0.312	0.194	1.097	-179155.638
483	8	10000	9316	0.5150	0.299	0.315	0.296	0.302	0.303	0.302	0.311	0.324	0.307	0.309	0.300	0.298	0.296	0.308	2.007	0.618	0.330	0.205	1.599	-180361.495
484	8	10000	9236	0.5167	0.321	0.300	0.285	0.307	0.312	0.302	0.284	0.271	0.296	0.293	0.299	0.305	0.304	0.297	1.940	0.612	0.303	0.199	1.000	-178244.202
485	8	10000	9283	0.5114	0.269	0.304	0.300	0.305	0.300	0.300	0.295	0.330	0.312	0.300	0.297	0.311	0.288	0.304	1.990	0.606	0.303	0.201	1.320	-178836.232
486	8	10000	9304	0.5129	0.320	0.296	0.310	0.280	0.301	0.299	0.304	0.284	0.313	0.301	0.294	0.298	0.295	0.300	2.009	0.589	0.280	0.204	1.000	-178549.028
487	8	10000	9246	0.5151	0.294	0.313	0.286	0.302	0.293	0.299	0.308	0.313	0.306	0.287	0.298	0.311	0.300	0.309	1.995	0.622	0.315	0.196	1.000	-178547.289
488	8	10000	9289	0.5128	0.279	0.286	0.289	0.309	0.294	0.298	0.300	0.304	0.296	0.303	0.300	0.299	0.292	0.302	1.970	0.589	0.290	0.202	1.000	-178165.413
489	8	10000	9271	0.5131	0.260	0.302	0.296	0.301	0.290	0.300	0.311	0.353	0.318	0.310	0.294	0.301	0.303	0.300	2.048	0.599	0.294	0.194	1.000	-178533.948
490	8	10000	9235	0.5136	0.295	0.285	0.293	0.304	0.317	0.285	0.309	0.303	0.304	0.302	0.305	0.297	0.291	0.299	1.963	0.619	0.302	0.197	1.000	-178055.118
491	8	10000	9275	0.5121	0.276	0.299	0.324	0.289	0.309	0.287	0.304	0.309	0.294	0.315	0.296	0.310	0.301	0.292	1.990	0.572	0.296	0.198	1.000	-178999.937
492	8	10000	9217	0.5122	0.071	0.302	0.310	0.310	0.297	0.287	0.306	0.542	0.296	0.306	0.292	0.292	0.301	0.302	2.004	0.600	0.296	0.198	1.053	-178436.004
493	8	10000	9286	0.5120	0.338	0.306	0.308	0.308	0.286	0.298	0.310	0.257	0.312	0.297	0.302	0.310	0.299	0.299	2.006	0.621	0.306	0.201	1.000	-179003.346
494	8	10000	9293	0.5185	0.338	0.288	0.303	0.304	0.295	0.298	0.301	0.275	0.308	0.305	0.291	0.300	0.299	0.291	1.986	0.582	0.287	0.201	1.000	-178791.781
495	8	10000	9249	0.5135	0.303	0.310	0.301	0.292	0.298	0.304	0.287	0.301	0.293	0.286	0.290	0.297	0.298	0.296	2.022	0.619	0.302	0.205	1.000	-177622.403
496	8	10000	9297	0.5135	0.296	0.303	0.316	0.302	0.299	0.305	0.314	0.296	0.298	0.294	0.297	0.312	0.312	0.302	2.000	0.601	0.299	0.198	1.000	-179512.597
497	8	10000	9262	0.5106	0.272	0.297	0.288	0.308	0.311	0.297	0.311	0.325	0.293	0.299	0.311	0.313	0.289	0.303	1.989	0.605	0.314	0.193	1.293	-178668.974
498	8	10000	9279	0.5147	0.275	0.293	0.302	0.312	0.299	0.290	0.308	0.323	0.287	0.301	0.295	0.317	0.292	0.292	2.001	0.645	0.323	0.207	1.917	-178591.563
499	8	10000	9266	0.5161	0.301	0.303	0.310	0.296	0.314	0.309	0.300	0.327	0.282	0.316	0.294	0.305	0.303	0.299	1.977	0.628	0.314	0.199	1.538	-179497.948
500	8	10000	9213	0.5128	0.315	0.304	0.291	0.293	0.286	0.300	0.301	0.275	0.297	0.297	0.303	0.312	0.302	0.293	1.992	0.618	0.314	0.198	1.000	-178033.046
501	8	10000	9307	0.5135	0.335	0.301	0.302	0.313	0.310	0.286	0.307	0.266	0.296	0.298	0.311	0.304	0.294	0.313	1.995	0.609	0.288	0.203	1.096	-179166.933
502	8	10000	9262	0.5109	0.270	0.296	0.290	0.308	0.283	0.298	0.304	0.308	0.282	0.291	0.294	0.301	0.298	0.297	2.015	0.609	0.306	0.199	1.000	-177156.139
503	8	10000	9256	0.5129	0.284	0.295	0.292	0.305	0.287	0.303	0.295	0.329	0.300	0.305	0.296	0.296	0.300	0.292	1.998	0.625	0.307	0.203	1.000	-178108.765
504	8	10000	9263	0.5166	0.305	0.306	0.300	0.285	0.313	0.313	0.294	0.295	0.306	0.291	0.294	0.289	0.312	0.302	2.038	0.595	0.306	0.200	1.067	-178616.650
505	8	10000	9263	0.5121	0.275	0.313	0.315	0.286	0.295	0.299	0.307	0.311	0.304	0.291	0.293	0.286	0.291	0.317	1.993	0.608	0.298	0.201	1.000	-178273.992
506	8	10000	9295	0.5131	0.334	0.310	0.295	0.294	0.301	0.296	0.293	0.270	0.303	0.293	0.304	0.292	0.299	0.308	2.013	0.600	0.304	0.197	1.296	-178296.337
507	8	10000	9254	0.5147	0.291	0.314	0.289	0.310	0.301	0.291	0.298	0.312	0.303	0.306	0.311	0.315	0.305	0.290	1.956	0.553	0.291	0.190	1.000	-179292.509
508	8	10000	9255	0.5111	0.300	0.288	0.289	0.300	0.318	0.292	0.296	0.312	0.310	0.279	0.289	0.305	0.290	0.296	1.988	0.638	0.319	0.204	1.928	-177627.140
509	8	10000	9232	0.5141	0.314	0.306	0.294	0.305	0.299	0.302	0.303	0.284	0.305	0.304	0.304	0.305	0.309	0.301	2.065	0.629	0.313	0.204	1.655	-179139.887
510	8	10000	9277	0.5108	0.285	0.303	0.300	0.303	0.307	0.309	0.307	0.311	0.299	0.296	0.311	0.308	0.300	0.293	1.977	0.597	0.301	0.197	1.147	-179197.319
511	8	10000	9292	0.5165	0.299	0.309	0.303	0.297	0.290	0.304	0.295	0.298	0.296	0.301	0.306	0.307	0.293	0.306	2.011	0.610	0.305	0.200	1.111	-178733.523
512	8	10000	9254	0.5127	0.307	0.299	0.291	0.299	0.311	0.307	0.297	0.285	0.305	0.294	0.295	0.292	0.297	0.308	2.001	0.595	0.289	0.199	1.000	-178160.325
513	8	10000	9289	0.5168	0.350	0.283	0.294	0.297	0.313	0.288	0.303	0.265	0.290	0.301	0.290	0.301	0.300	0.306	2.004	0.623	0.304	0.203	1.376	-178541.795
514	8	10000	9206	0.5108	0.271	0.300	0.299	0.299	0.293	0.297	0.307	0.322	0.293	0.299	0.293	0.293	0.296	0.311	1.978	0.608	0.313	0.193	1.146	-177864.062
515	8	10000	9264	0.5123	0.276	0.299	0.304	0.302	0.298	0.296	0.299	0.322	0.303	0.308	0.300	0.276	0.308	0.291	1.987	0.624	0.307	0.199	1.256	-178176.179
516	8	10000	9298	0.5154	0.277	0.303	0.301	0.301	0.299	0.300	0.304	0.335	0.286	0.289	0.308	0.293	0.306	0.302	2.013	0.628	0.287	0.208	1.000	-178472.122
517	8	10000	9282	0.5133	0.321	0.313	0.302	0.289	0.299	0.289	0.292	0.293	0.299	0.304	0.285	0.305	0.304	0.300	2.036	0.601	0.295	0.201	1.000	-178492.109
518	8	10000	9194	0.5110	0.289	0.292	0.296	0.299	0.303	0.297	0.299	0.303	0.286	0.299	0.295	0.310	0.300	0.298	1.948	0.619	0.296	0.195	1.264	-177416.319
519	8	10000	9304	0.5134	0.313	0.293	0.306	0.307	0.290	0.314	0.298	0.295	0.282	0.299	0.297	0.292	0.298	0.307	1.984	0.612	0.292	0.201	1.000	-178620.771
520	8	10000	9284	0.5152	0.358	0.305	0.295	0.290	0.301	0.305	0.304	0.260	0.300	0.297	0.299	0.302	0.300	0.298	1.969	0.618	0.300	0.198	1.000	-178426.358
521	8	10000	9245	0.5106	0.320	0.295	0.299	0.309	0.298	0.290	0.288	0.281	0.282	0.308	0.301	0.301	0.302	0.309	2.017	0.631	0.311	0.201	1.694	-177972.819
522	8	10000	9289	0.5157	0.313	0.307	0.289	0.311	0.297	0.293	0.307	0.303	0.286	0.302	0.309	0.303	0.299	0.305	2.027	0.639	0.316	0.206	1.474	-179271.390
523	8	10000	9278	0.5093	0.297	0.278	0.309	0.290	0.297	0.304	0.297	0.336	0.297	0.288	0.297	0.301	0.300	0.301	1.944	0.641	0.298	0.209	1.155	-178488.984
524	8	10000	9308	0.5131	0.256	0.303	0.293	0.297	0.289	0.288	0.300	0.345	0.298	0.312	0.306	0.292	0.295	0.289	2.009	0.634	0.300	0.211	1.000	-178016.757
525	8	10000	9241	0.5167	0.334	0.293	0.297	0.292	0.295	0.308	0.288	0.247	0.296	0.300	0.301	0.301	0.297	0.306	2.012	0.593	0.294	0.196	1.032	-177784.032
526	8	10000	9273	0.5145	0.302	0.295	0.305	0.308	0.295	0.297	0.300	0.299	0.296	0.310	0.305	0.291	0.288	0.306	2.002	0.594	0.299	0.195	1.247	-178559.362
527	8	10000	9241	0.5093	0.111	0.296	0.295	0.318	0.291	0.302	0.306	0.501	0.294	0.308	0.302	0.305	0.310	0.300	2.056	0.621	0.312	0.196	1.395	-178801.611
528	8	10000	9299	0.5134	0.290	0.296	0.299	0.292	0.286	0.308	0.299	0.318	0.304	0.307	0.296	0.302	0.306	0.303	1.968	0.600	0.298	0.202	1.000	-178901.725
529	8	10000	9293	0.5099	0.290	0.300	0.302	0.317	0.308	0.304	0.301	0.312	0.300	0.297	0.303	0.304	0.307	0.306	2.011	0.617	0.306	0.202	1.205	-179318.102
530	8	10000	9321	0.5135	0.331	0.303	0.310	0.311	0.311	0.302	0.313	0.283	0.307	0.298	0.308	0.304	0.310	0.308	2.035	0.587	0.312	0.203	1.034	-180694.049
531	8	10000	9297	0.5174	0.268	0.313	0.303	0.304	0.283	0.311	0.312	0.329	0.289	0.306	0.314	0.315	0.290	0.299	1.992	0.587	0.303	0.199	1.000	-179650.195
532	8	10000	9258	0.5113	0.316	0.292	0.294	0.302	0.301	0.303	0.308	0.278	0.299	0.293	0.308	0.295	0.301	0.298	1.995	0.628	0.302	0.202	1.308	-178239.788
533	8	10000	9301	0.5140	0.307	0.317	0.296	0.285	0.296	0.302	0.298	0.290	0.301	0.301	0.300	0.295	0.307	0.291	2.017	0.598	0.306	0.198	1.001	-178274.168
534	8	10000	9310	0.5125	0.311	0.290	0.309	0.293	0.310	0.306	0.304	0.310	0.307	0.302	0.311	0.288	0.300	0.295	2.017	0.628	0.310	0.209	1.060	-179365.735
535	8	10000	9299	0.5099	0.320	0.309	0.299	0.316	0.306	0.296	0.304	0.298	0.313	0.302	0.306	0.286	0.293	0.306	1.995	0.624	0.312	0.205	1.020	-179597.957
536	8	10000	9263	0.5129	0.279	0.290	0.299	0.304	0.303	0.311	0.296	0.303	0.303	0.300	0.300	0.309	0.292	0.278	1.982	0.569	0.284	0.197	1.000	-178091.630
537	8	10000	9297	0.5127	0.307	0.297	0.296	0.297	0.294	0.292	0.302	0.305	0.313	0.300	0.293	0.280	0.299	0.295	2.011	0.646	0.307	0.206	1.433	-177860.116
538	8	10000	9242	0.5168	0.300	0.304	0.301	0.286	0.296	0.288	0.300	0.306	0.289	0.299	0.304	0.305	0.298	0.286	1.974	0.625	0.295	0.203	1.000	-177635.685
539	8	10000	9255	0.5122	0.274	0.302	0.299	0.290	0.288	0.303	0.311	0.314	0.303	0.314	0.294	0.288	0.294	0.300	1.998	0.589	0.291	0.195	1.148	-178061.975
540	8	10000	9267	0.5114	0.309	0.291	0.287	0.306	0.296	0.300	0.297	0.289	0.295	0.301	0.317	0.292	0.300	0.298	2.014	0.616	0.298	0.201	1.188	-178023.160
541	8	10000	9294	0.5132	0.327	0.292	0.300	0.296	0.314	0.303	0.286	0.287	0.290	0.303	0.304	0.296	0.292	0.296	1.996	0.638	0.309	0.215	1.495	-178775.856
542	8	10000	9255	0.5125	0.281	0.312	0.291	0.311	0.309	0.302	0.311	0.335	0.281	0.291	0.304	0.300	0.295	0.292	2.050	0.618	0.306	0.199	1.000	-178400.042
543	8	10000	9262	0.5138	0.333	0.290	0.313	0.300	0.287	0.289	0.306	0.254	0.302	0.285	0.302	0.299	0.299	0.313	2.034	0.603	0.309	0.198	1.113	-178200.208
544	8	10000	9300	0.5132	0.280	0.292	0.310	0.298	0.305	0.295	0.290	0.322	0.312	0.313	0.290	0.307	0.299	0.292	2.006	0.587	0.293	0.202	1.000	-178623.872
545	8	10000	9315	0.5150	0.000	0.312	0.292	0.304	0.293	0.309	0.290	0.616	0.281	0.317	0.304	0.303	0.300	0.297	2.013	0.632	0.324	0.204	1.361	-178975.645
546	8	10000	9296	0.5106	0.263	0.294	0.300	0.307	0.309	0.302	0.288	0.336	0.305	0.306	0.309	0.293	0.315	0.300	2.010	0.603	0.310	0.191	1.229	-179015.380
547	8	10000	9209	0.5125	0.356	0.298	0.303	0.310	0.312	0.283	0.283	0.241	0.295	0.286	0.293	0.294	0.292	0.297	2.012	0.625	0.303	0.202	1.000	-177300.923
548	8	10000	9291	0.5163	0.275	0.314	0.297	0.310	0.295	0.290	0.313	0.335	0.314	0.298	0.301	0.290	0.305	0.289	2.048	0.610	0.308	0.199	1.271	-179097.723
549	8	10000	9297	0.5157	0.310	0.300	0.305	0.296	0.319	0.300	0.292	0.297	0.301	0.300	0.298	0.299	0.299	0.305	2.022	0.601	0.314	0.201	1.000	-179175.219
550	8	10000	9267	0.5133	0.314	0.299	0.284	0.315	0.292	0.307	0.302	0.298	0.278	0.309	0.304	0.311	0.297	0.300	1.980	0.598	0.297	0.199	1.000	-178934.344
551	8	10000	9292	0.5129	0.304	0.320	0.304	0.292	0.293	0.292	0.302	0.305	0.305	0.318	0.313	0.316	0.295	0.314	2.024	0.591	0.308	0.193	1.000	-179565.112
552	8	10000	9286	0.5113	0.260	0.306	0.312	0.296	0.295	0.288	0.301	0.345	0.306	0.297	0.313	0.287	0.301	0.314	2.041	0.599	0.312	0.199	1.000	-179123.143
553	8	10000	9288	0.5126	0.308	0.289	0.295	0.317	0.308	0.303	0.294	0.311	0.302	0.293	0.300	0.294	0.307	0.305	1.995	0.596	0.308	0.197	1.000	-178997.836
554	8	10000	9282	0.5127	0.317	0.295	0.308	0.299	0.298	0.306	0.294	0.309	0.310	0.303	0.295	0.297	0.286	0.304	2.002	0.611	0.297	0.202	1.048	-178859.621
555	8	10000	9268	0.5138	0.306	0.313	0.287	0.292	0.294	0.295	0.307	0.304	0.293	0.298	0.302	0.311	0.310	0.291	1.983	0.615	0.294	0.206	1.007	-178735.195
556	8	10000	9260	0.5152	0.288	0.290	0.309	0.297	0.302	0.312	0.274	0.297	0.303	0.299	0.292	0.293	0.300	0.304	2.037	0.589	0.286	0.195	1.044	-177658.125
557	8	10000	9296	0.5145	0.277	0.305	0.311	0.312	0.296	0.299	0.311	0.320	0.295	0.316	0.296	0.304	0.310	0.300	1.967	0.579	0.307	0.195	1.000	-180037.190
558	8	10000	9257	0.5138	0.269	0.306	0.305	0.289	0.301	0.313	0.301	0.339	0.303	0.292	0.306	0.299	0.297	0.301	2.011	0.595	0.312	0.199	1.129	-179190.160
559	8	10000	9197	0.5126	0.260	0.309	0.287	0.311	0.301	0.297	0.303	0.336	0.296	0.309	0.294	0.290	0.294	0.301	1.999	0.608	0.312	0.189	1.122	-177868.189
560	8	10000	9270	0.5139	0.261	0.292	0.290	0.306	0.291	0.280	0.320	0.345	0.296	0.308	0.302	0.303	0.298	0.308	2.005	0.593	0.292	0.203	1.017	-178775.513
561	8	10000	9278	0.5129	0.329	0.310	0.290	0.310	0.293	0.297	0.311	0.280	0.297	0.316	0.308	0.299	0.288	0.292	2.037	0.580	0.284	0.194	1.000	-178628.363
562	8	10000	9291	0.5119	0.303	0.287	0.305	0.305	0.292	0.301	0.293	0.308	0.305	0.292	0.302	0.308	0.301	0.299	1.989	0.586	0.301	0.195	1.000	-178654.516
563	8	10000	9237	0.5114	0.325	0.307	0.292	0.321	0.299	0.301	0.311	0.285	0.296	0.301	0.294	0.307	0.291	0.303	1.980	0.629	0.312	0.201	1.000	-178988.578
564	8	10000	9287	0.5171	0.293	0.311	0.305	0.285	0.290	0.285	0.308	0.298	0.312	0.299	0.299	0.293	0.302	0.312	1.976	0.614	0.315	0.209	1.515	-179450.681
565	8	10000	9290	0.5119	0.294	0.290	0.302	0.306	0.296	0.290	0.302	0.315	0.283	0.306	0.308	0.293	0.303	0.294	2.007	0.634	0.313	0.206	1.561	-178470.328
566	8	10000	9328	0.5138	0.343	0.314	0.313	0.315	0.292	0.301	0.304	0.271	0.310	0.310	0.299	0.301	0.295	0.308	2.020	0.611	0.305	0.202	1.000	-180039.430
567	8	10000	9252	0.5126	0.326	0.310	0.295	0.299	0.298	0.301	0.292	0.262	0.302	0.308	0.301	0.309	0.288	0.308	1.993	0.586	0.295	0.194	1.339	-178556.351
568	8	10000	9306	0.5147	0.259	0.305	0.304	0.297	0.274	0.300	0.303	0.338	0.293	0.293	0.307	0.306	0.293	0.313	1.996	0.605	0.297	0.205	1.141	-179080.232
569	8	10000	9305	0.5146	0.285	0.312	0.313	0.294	0.292	0.318	0.297	0.314	0.309	0.303	0.290	0.294	0.291	0.297	1.965	0.609	0.304	0.202	1.000	-178985.864
570	8	10000	9263	0.5162	0.306	0.298	0.303	0.297	0.318	0.303	0.290	0.323	0.300	0.293	0.294	0.296	0.283	0.302	2.003	0.613	0.315	0.203	1.159	-178550.234
571	8	10000	9262	0.5145	0.300	0.303	0.290	0.296	0.290	0.295	0.304	0.302	0.299	0.304	0.294	0.310	0.304	0.297	1.989	0.641	0.309	0.201	1.000	-178116.341
572	8	10000	9283	0.5142	0.267	0.293	0.298	0.305	0.312	0.286	0.309	0.332	0.306	0.308	0.307	0.306	0.308	0.302	2.002	0.567	0.291	0.195	1.000	-179293.374
573	8	10000	9277	0.5132	0.300	0.292	0.288	0.304	0.305	0.306	0.296	0.308	0.290	0.297	0.300	0.300	0.300	0.297	2.041	0.628	0.306	0.201	1.180	-177937.714
574	8	10000	9271	0.5120	0.301	0.300	0.286	0.301	0.311	0.291	0.313	0.289	0.293	0.300	0.299	0.307	0.283	0.296	2.008	0.590	0.291	0.197	1.000	-177862.643
575	8	10000	9268	0.5114	0.304	0.300	0.309	0.298	0.301	0.305	0.302	0.284	0.310	0.313	0.297	0.284	0.302	0.303	2.024	0.611	0.304	0.201	1.606	-178862.732
576	8	10000	9270	0.5148	0.309	0.296	0.300	0.293	0.305	0.299	0.302	0.296	0.313	0.294	0.301	0.298	0.294	0.291	2.004	0.611	0.288	0.198	1.000	-177825.486
577	8	10000	9263	0.5139	0.296	0.315	0.300	0.286	0.293	0.294	0.302	0.308	0.301	0.296	0.283	0.306	0.287	0.292	2.001	0.606	0.301	0.199	1.000	-177497.663
578	8	10000	9252	0.5152	0.289	0.302	0.294	0.296	0.294	0.287	0.299	0.295	0.304	0.305	0.309	0.299	0.311	0.305	1.972	0.571	0.280	0.190	1.000	-178171.296
579	8	10000	9283	0.5122	0.341	0.306	0.309	0.296	0.303	0.304	0.310	0.265	0.303	0.307	0.293	0.311	0.297	0.311	2.000	0.599	0.303	0.198	1.000	-179412.086
580	8	10000	9255	0.5162	0.294	0.301	0.288	0.305	0.296	0.307	0.300	0.318	0.294	0.312	0.294	0.309	0.296	0.296	1.958	0.607	0.306	0.198	1.068	-178752.705
581	8	10000	9306	0.5139	0.331	0.307	0.308	0.300	0.317	0.305	0.304	0.278	0.292	0.306	0.301	0.305	0.286	0.313	2.012	0.598	0.304	0.197	1.153	-179543.107
582	8	10000	9301	0.5123	0.321	0.298	0.293	0.308	0.308	0.307	0.305	0.281	0.296	0.300	0.296	0.316	0.293	0.293	2.047	0.618	0.295	0.199	1.086	-178304.828
583	8	10000	9244	0.5137	0.306	0.280	0.296	0.308	0.300	0.296	0.306	0.294	0.286	0.291	0.295	0.316	0.301	0.294	2.025	0.588	0.297	0.198	1.107	-177944.889
584	8	10000	9231	0.5094	0.324	0.299	0.305	0.291	0.301	0.302	0.304	0.301	0.285	0.312	0.295	0.290	0.294	0.297	2.041	0.588	0.332	0.193	1.000	-178429.588
585	8	10000	9307	0.5161	0.315	0.313	0.300	0.300	0.292	0.308	0.303	0.296	0.302	0.293	0.292	0.295	0.295	0.310	1.975	0.595	0.305	0.197	1.125	-178957.264
586	8	10000	9304	0.5173	0.327	0.294	0.296	0.307	0.286	0.291	0.303	0.267	0.307	0.302	0.292	0.291	0.294	0.307	1.984	0.598	0.289	0.203	1.000	-178172.637
587	8	10000	9261	0.5127	0.316	0.302	0.297	0.304	0.313	0.299	0.289	0.275	0.291	0.303	0.303	0.300	0.291	0.289	2.000	0.610	0.305	0.197	1.160	-177811.150
588	8	10000	9270	0.5163	0.292	0.305	0.292	0.318	0.284	0.296	0.300	0.300	0.308	0.303	0.302	0.316	0.288	0.306	2.006	0.613	0.301	0.201	1.083	-178965.947
589	8	10000	9291	0.5158	0.297	0.302	0.300	0.301	0.294	0.310	0.303	0.321	0.298	0.294	0.303	0.288	0.298	0.314	1.972	0.644	0.309	0.206	1.775	-179082.744
590	8	10000	9282	0.5139	0.299	0.311	0.295	0.296	0.316	0.291	0.297	0.318	0.308	0.298	0.293	0.301	0.300	0.297	2.003	0.616	0.297	0.201	1.000	-178533.519
591	8	10000	9266	0.5124	0.302	0.295	0.286	0.304	0.298	0.307	0.302	0.300	0.280	0.307	0.288	0.314	0.317	0.283	1.995	0.606	0.316	0.199	1.169	-178294.096
592	8	10000	9260	0.5146	0.275	0.308	0.295	0.308	0.308	0.310	0.304	0.326	0.290	0.295	0.304	0.296	0.306	0.291	1.975	0.598	0.292	0.199	1.221	-178854.037
593	8	10000	9292	0.5131	0.301	0.306	0.315	0.294	0.310	0.293	0.295	0.295	0.321	0.312	0.298	0.294	0.304	0.301	2.025	0.590	0.290	0.201	1.000	-179221.998
594	8	10000	9280	0.5142	0.598	0.306	0.303	0.308	0.304	0.297	0.306	0.002	0.293	0.283	0.304	0.316	0.291	0.296	1.983	0.605	0.285	0.201	1.013	-178604.664
595	8	10000	9258	0.5176	0.348	0.307	0.298	0.299	0.290	0.290	0.315	0.268	0.299	0.308	0.308	0.300	0.297	0.275	2.021	0.584	0.302	0.197	1.002	-178651.831
596	8	10000	9253	0.5119	0.296	0.293	0.290	0.288	0.315	0.293	0.314	0.306	0.318	0.296	0.301	0.301	0.303	0.286	2.051	0.598	0.292	0.201	1.000	-178224.279
597	8	10000	9277	0.5168	0.340	0.301	0.295	0.299	0.302	0.302	0.302	0.279	0.281	0.303	0.304	0.316	0.303	0.297	1.969	0.637	0.316	0.203	1.560	-179039.418
598	8	10000	9281	0.5118	0.310	0.304	0.290	0.312	0.305	0.310	0.305	0.283	0.306	0.293	0.305	0.316	0.296	0.302	1.983	0.579	0.292	0.195	1.000	-179124.157
599	8	10000	9255	0.5150	0.258	0.305	0.289	0.292	0.296	0.295	0.305	0.337	0.289	0.301	0.293	0.304	0.295	0.297	2.015	0.609	0.290	0.196	1.000	-177322.658
600	8	10000	9261	0.5114	0.299	0.293	0.291	0.304	0.290	0.296	0.305	0.312	0.302	0.294	0.298	0.310	0.304	0.304	1.998	0.604	0.297	0.197	1.000	-178217.618
601	8	10000	9303	0.5116	0.313	0.297	0.303	0.312	0.308	0.306	0.295	0.272	0.307	0.313	0.297	0.290	0.306	0.301	2.009	0.584	0.296	0.198	1.000	-179048.577
602	8	10000	9313	0.5125	0.316	0.288	0.309	0.296	0.297	0.302	0.297	0.276	0.305	0.318	0.297	0.303	0.301	0.303	1.965	0.597	0.295	0.206	1.000	-179338.033
603	8	10000	9282	0.5123	0.300	0.288	0.293	0.295	0.301	0.299	0.306	0.300	0.303	0.293	0.292	0.302	0.294	0.301	1.924	0.600	0.295	0.203	1.107	-178371.722
604	8	10000	9289	0.5112	0.270	0.307	0.301	0.306	0.301	0.302	0.313	0.334	0.297	0.296	0.311	0.295	0.305	0.301	1.984	0.596	0.309	0.203	1.032	-179840.342
605	8	10000	9268	0.5129	0.313	0.292	0.294	0.293	0.304	0.300	0.298	0.292	0.289	0.306	0.294	0.309	0.295	0.292	1.984	0.621	0.304	0.205	1.255	-178184.580
606	8	10000	9261	0.5146	0.281	0.298	0.290	0.299	0.300	0.292	0.297	0.324	0.308	0.293	0.301	0.296	0.301	0.299	2.042	0.599	0.310	0.197	1.000	-177993.974
607	8	10000	9301	0.5159	0.299	0.307	0.320	0.295	0.292	0.296	0.308	0.310	0.293	0.308	0.301	0.307	0.305	0.305	2.004	0.614	0.306	0.202	1.000	-179238.575
608	8	10000	9259	0.5141	0.284	0.315	0.291	0.305	0.281	0.298	0.310	0.331	0.300	0.294	0.298	0.297	0.306	0.298	1.997	0.638	0.322	0.209	1.929	-179046.652
609	8	10000	9280	0.5124	0.283	0.313	0.293	0.301	0.313	0.302	0.304	0.296	0.311	0.312	0.292	0.301	0.308	0.305	2.026	0.567	0.291	0.195	1.000	-179226.789
610	8	10000	9305	0.5164	0.301	0.308	0.300	0.300	0.297	0.287	0.307	0.303	0.305	0.307	0.297	0.313	0.302	0.302	2.024	0.611	0.310	0.203	1.190	-179241.129
611	8	10000	9256	0.5137	0.282	0.279	0.288	0.293	0.291	0.297	0.303	0.314	0.314	0.297	0.299	0.287	0.296	0.295	2.012	0.641	0.308	0.208	1.416	-177334.863
612	8	10000	9274	0.5119	0.285	0.302	0.304	0.295	0.305	0.306	0.294	0.308	0.314	0.295	0.287	0.304	0.301	0.302	2.008	0.581	0.303	0.192	1.014	-178572.745
613	8	10000	9246	0.5138	0.302	0.286	0.311	0.304	0.297	0.298	0.296	0.297	0.288	0.294	0.307	0.330	0.302	0.298	1.998	0.628	0.333	0.196	1.626	-178837.985
614	8	10000	9283	0.5093	0.279	0.301	0.296	0.305	0.296	0.302	0.313	0.312	0.297	0.301	0.296	0.309	0.311	0.293	2.015	0.599	0.295	0.198	1.000	-178708.410
615	8	10000	9239	0.5107	0.284	0.292	0.309	0.290	0.305	0.295	0.308	0.337	0.297	0.296	0.306	0.304	0.305	0.295	1.967	0.624	0.326	0.197	1.000	-178922.090
616	8	10000	9275	0.5138	0.306	0.295	0.302	0.304	0.293	0.302	0.293	0.297	0.289	0.309	0.307	0.302	0.297	0.306	2.024	0.594	0.289	0.202	1.000	-178541.610
617	8	10000	9257	0.5147	0.303	0.299	0.298	0.305	0.289	0.309	0.302	0.293	0.319	0.307	0.281	0.304	0.296	0.296	2.008	0.586	0.299	0.202	1.000	-178794.513
618	8	10000	9259	0.5133	0.324	0.291	0.306	0.289	0.300	0.306	0.302	0.284	0.313	0.304	0.289	0.305	0.304	0.290	1.990	0.608	0.304	0.202	1.000	-178712.903
619	8	10000	9306	0.5139	0.313	0.316	0.288	0.311	0.288	0.294	0.306	0.284	0.300	0.300	0.302	0.309	0.304	0.301	1.988	0.610	0.301	0.201	1.154	-179038.090
620	8	10000	9289	0.5158	0.343	0.311	0.293	0.303	0.314	0.297	0.300	0.272	0.308	0.284	0.287	0.299	0.293	0.323	2.018	0.624	0.320	0.202	1.310	-179021.532
621	8	10000	9225	0.5095	0.260	0.325	0.306	0.300	0.302	0.301	0.303	0.336	0.296	0.302	0.303	0.305	0.293	0.311	1.981	0.590	0.301	0.194	1.000	-179097.643
622	8	10000	9301	0.5133	0.297	0.305	0.294	0.323	0.312	0.296	0.300	0.306	0.317	0.316	0.296	0.295	0.303	0.309	2.007	0.589	0.286	0.201	1.026	-179978.873
623	8	10000	9251	0.5122	0.285	0.290	0.294	0.298	0.290	0.306	0.298	0.307	0.289	0.294	0.294	0.284	0.301	0.293	2.004	0.602	0.281	0.203	1.152	-177356.838
624	8	10000	9307	0.5104	0.293	0.307	0.295	0.304	0.298	0.313	0.297	0.304	0.294	0.300	0.294	0.323	0.311	0.299	1.984	0.605	0.307	0.197	1.000	-179194.774
625	8	10000	9279	0.5144	0.301	0.291	0.297	0.301	0.301	0.304	0.288	0.305	0.295	0.291	0.304	0.306	0.304	0.299	2.003	0.593	0.296	0.202	1.000	-178537.026
626	8	10000	9293	0.5130	0.318	0.308	0.291	0.300	0.300	0.291	0.310	0.269	0.288	0.306	0.312	0.309	0.310	0.299	1.979	0.633	0.309	0.206	1.306	-179080.469
627	8	10000	9275	0.5126	0.317	0.298	0.302	0.303	0.308	0.298	0.303	0.284	0.305	0.299	0.307	0.301	0.307	0.295	2.002	0.621	0.302	0.206	1.128	-179350.293
628	8	10000	9262	0.5103	0.302	0.305	0.295	0.291	0.307	0.297	0.299	0.296	0.305	0.312	0.296	0.310	0.307	0.299	1.950	0.598	0.321	0.193	1.209	-179003.597
629	8	10000	9268	0.5127	0.638	0.283	0.292	0.305	0.305	0.303	0.305	0.000	0.297	0.299	0.297	0.302	0.301	0.308	1.996	0.651	0.327	0.201	2.892	-179026.425
630	8	10000	9244	0.5126	0.315	0.289	0.297	0.309	0.293	0.297	0.301	0.287	0.303	0.306	0.297	0.307	0.303	0.300	2.021	0.600	0.296	0.194	1.000	-178324.068
631	8	10000	9230	0.5180	0.314	0.304	0.309	0.296	0.279	0.300	0.295	0.282	0.298	0.305	0.290	0.290	0.295	0.288	2.009	0.635	0.315	0.202	1.000	-177518.810
632	8	10000	9272	0.5139	0.262	0.292	0.296	0.303	0.299	0.307	0.301	0.345	0.312	0.305	0.303	0.283	0.302	0.304	1.989	0.587	0.292	0.202	1.011	-179183.496
633	8	10000	9305	0.5120	0.286	0.297	0.303	0.309	0.290	0.302	0.302	0.303	0.299	0.299	0.296	0.300	0.306	0.314	1.997	0.604	0.285	0.204	1.138	-178870.168
634	8	10000	9307	0.5168	0.319	0.294	0.290	0.311	0.301	0.306	0.305	0.301	0.295	0.302	0.309	0.313	0.300	0.299	2.000	0.619	0.313	0.205	1.491	-179573.884
635	8	10000	9291	0.5145	0.334	0.301	0.308	0.303	0.302	0.295	0.303	0.272	0.315	0.303	0.294	0.301	0.292	0.308	2.010	0.601	0.295	0.202	1.220	-179075.663
636	8	10000	9261	0.5096	0.272	0.301	0.301	0.316	0.313	0.302	0.302	0.341	0.297	0.307	0.288	0.306	0.303	0.306	2.011	0.588	0.306	0.198	1.000	-179564.106
637	8	10000	9233	0.5158	0.276	0.300	0.310	0.294	0.290	0.303	0.291	0.317	0.299	0.310	0.302	0.318	0.304	0.306	2.031	0.596	0.307	0.193	1.295	-178855.898
638	8	10000	9283	0.5113	0.329	0.282	0.298	0.307	0.317	0.298	0.280	0.262	0.288	0.297	0.300	0.302	0.296	0.304	2.023	0.602	0.308	0.194	1.231	-177850.245
639	8	10000	9208	0.5170	0.262	0.306	0.293	0.313	0.309	0.298	0.302	0.312	0.300	0.293	0.295	0.301	0.291	0.306	2.041	0.589	0.294	0.193	1.130	-177716.903
640	8	10000	9285	0.5162	0.258	0.295	0.299	0.301	0.299	0.305	0.290	0.311	0.296	0.297	0.295	0.307	0.305	0.290	2.011	0.573	0.273	0.197	1.000	-177599.157
641	8	10000	9294	0.5166	0.287	0.302	0.294	0.310	0.292	0.299	0.298	0.308	0.311	0.294	0.300	0.299	0.298	0.287	1.994	0.627	0.317	0.201	1.038	-178197.012
642	8	10000	9288	0.5150	0.301	0.296	0.296	0.291	0.290	0.301	0.304	0.312	0.292	0.292	0.296	0.292	0.305	0.312	1.997	0.593	0.283	0.203	1.024	-178359.458
643	8	10000	9292	0.5155	0.277	0.293	0.297	0.303	0.301	0.308	0.307	0.324	0.311	0.299	0.308	0.300	0.304	0.297	1.954	0.559	0.295	0.199	1.000	-179808.987
644	8	10000	9265	0.5123	0.285	0.296	0.304	0.305	0.308	0.303	0.286	0.309	0.301	0.290	0.291	0.295	0.306	0.302	1.981	0.590	0.295	0.194	1.000	-178049.176
645	8	10000	9281	0.5115	0.269	0.302	0.299	0.315	0.295	0.306	0.306	0.341	0.298	0.303	0.292	0.308	0.277	0.317	2.003	0.611	0.308	0.198	1.000	-178959.947
646	8	10000	9294	0.5096	0.296	0.303	0.286	0.310	0.303	0.291	0.310	0.288	0.303	0.304	0.282	0.292	0.304	0.294	2.012	0.636	0.304	0.210	1.288	-178109.035
647	8	10000	9294	0.5126	0.306	0.311	0.303	0.303	0.288	0.294	0.294	0.312	0.315	0.304	0.297	0.301	0.302	0.310	2.062	0.599	0.318	0.198	1.000	-179201.743
648	8	10000	9298	0.5138	0.293	0.303	0.299	0.310	0.301	0.310	0.292	0.324	0.306	0.312	0.305	0.309	0.304	0.302	1.986	0.616	0.309	0.201	1.285	-180007.784
649	8	10000	9266	0.5133	0.302	0.293	0.286	0.308	0.294	0.296	0.297	0.307	0.303	0.294	0.301	0.285	0.302	0.294	1.992	0.602	0.293	0.197	1.129	-177811.852
650	8	10000	9318	0.5185	0.332	0.299	0.297	0.309	0.300	0.295	0.293	0.311	0.281	0.295	0.302	0.294	0.304	0.294	1.972	0.616	0.301	0.205	1.000	-178688.004
651	8	10000	9276	0.5145	0.314	0.318	0.296	0.282	0.294	0.311	0.299	0.296	0.290	0.311	0.304	0.288	0.285	0.299	1.966	0.606	0.298	0.199	1.000	-178269.765
652	8	10000	9322	0.5115	0.335	0.308	0.300	0.313	0.305	0.314	0.303	0.253	0.322	0.308	0.284	0.307	0.305	0.305	2.012	0.623	0.315	0.201	1.675	-179789.084
653	8	10000	9298	0.5136	0.296	0.306	0.284	0.304	0.291	0.302	0.305	0.311	0.295	0.308	0.307	0.283	0.303	0.296	2.011	0.626	0.307	0.204	1.000	-178530.491
654	8	10000	9256	0.5103	0.012	0.297	0.301	0.304	0.304	0.297	0.295	0.590	0.291	0.286	0.301	0.296	0.310	0.311	2.009	0.588	0.300	0.193	1.000	-178217.919

