1	8	10000	9294	0.5141	0.284	0.294	0.297	0.310	0.296	0.300	0.301	0.324	0.306	0.288	0.309	0.301	0.283	0.300	2.026	0.621	0.308	0.205	1.000	-178318.655
2	8	10000	9273	0.5129	0.335	0.280	0.299	0.303	0.288	0.313	0.297	0.275	0.295	0.292	0.300	0.319	0.298	0.301	2.031	0.597	0.301	0.198	1.000	-178492.739
3	8	10000	9284	0.5106	0.288	0.312	0.304	0.302	0.303	0.312	0.299	0.314	0.301	0.301	0.307	0.313	0.307	0.320	2.007	0.597	0.310	0.198	1.000	-180318.341
4	8	10000	9304	0.5121	0.295	0.298	0.316	0.307	0.292	0.294	0.299	0.318	0.291	0.300	0.303	0.303	0.305	0.316	2.011	0.609	0.313	0.207	1.087	-179913.889
5	8	10000	9281	0.5100	0.314	0.308	0.304	0.301	0.296	0.308	0.292	0.294	0.314	0.289	0.299	0.306	0.297	0.323	2.039	0.584	0.300	0.194	1.000	-178887.343
6	8	10000	9302	0.5137	0.335	0.310	0.316	0.298	0.287	0.294	0.306	0.254	0.292	0.296	0.308	0.301	0.297	0.300	2.028	0.601	0.298	0.195	1.036	-178356.628
7	8	10000	9186	0.5145	0.305	0.298	0.315	0.299	0.300	0.299	0.291	0.305	0.273	0.298	0.302	0.299	0.293	0.294	2.041	0.598	0.307	0.198	1.000	-177727.055
8	8	10000	9250	0.5125	0.296	0.289	0.300	0.305	0.293	0.294	0.301	0.288	0.313	0.302	0.298	0.290	0.301	0.297	1.992	0.583	0.284	0.203	1.030	-178254.099
9	8	10000	9286	0.5160	0.327	0.307	0.309	0.302	0.292	0.302	0.298	0.265	0.309	0.297	0.311	0.298	0.298	0.307	1.975	0.603	0.301	0.197	1.000	-179162.283
10	8	10000	9291	0.5165	0.307	0.290	0.295	0.301	0.304	0.297	0.300	0.298	0.302	0.302	0.300	0.306	0.311	0.301	2.000	0.639	0.307	0.201	1.225	-178682.166
11	8	10000	9246	0.5138	0.297	0.296	0.299	0.309	0.307	0.303	0.300	0.300	0.302	0.308	0.294	0.296	0.294	0.297	1.985	0.607	0.320	0.196	1.319	-178673.705
12	8	10000	9249	0.5136	0.295	0.298	0.301	0.288	0.304	0.294	0.307	0.297	0.287	0.297	0.292	0.293	0.298	0.292	2.059	0.583	0.282	0.202	1.000	-177615.595
13	8	10000	9257	0.5128	0.285	0.290	0.305	0.315	0.313	0.292	0.301	0.300	0.307	0.301	0.311	0.306	0.306	0.302	1.982	0.585	0.300	0.193	1.000	-179398.449
14	8	10000	9261	0.5106	0.286	0.300	0.288	0.305	0.309	0.304	0.297	0.300	0.300	0.307	0.301	0.299	0.307	0.303	1.985	0.616	0.302	0.195	1.389	-178458.013
15	8	10000	9210	0.5106	0.291	0.281	0.293	0.299	0.304	0.301	0.303	0.327	0.297	0.286	0.298	0.293	0.298	0.293	1.989	0.597	0.299	0.195	1.088	-177429.838
16	8	10000	9305	0.5130	0.297	0.299	0.295	0.309	0.295	0.286	0.299	0.308	0.302	0.298	0.302	0.304	0.305	0.313	1.983	0.631	0.304	0.203	1.051	-178879.647
17	8	10000	9245	0.5134	0.310	0.290	0.304	0.304	0.290	0.290	0.310	0.324	0.288	0.293	0.296	0.306	0.306	0.309	1.987	0.604	0.312	0.199	1.133	-179000.249
18	8	10000	9266	0.5123	0.333	0.292	0.310	0.284	0.293	0.294	0.301	0.298	0.305	0.303	0.303	0.305	0.295	0.293	2.031	0.610	0.305	0.204	1.000	-178446.696
19	8	10000	9251	0.5126	0.313	0.308	0.299	0.309	0.307	0.308	0.299	0.287	0.305	0.296	0.302	0.296	0.304	0.305	2.028	0.630	0.296	0.204	1.656	-178900.547
20	8	10000	9293	0.5118	0.285	0.306	0.301	0.295	0.286	0.293	0.308	0.299	0.291	0.301	0.293	0.288	0.308	0.297	1.982	0.613	0.291	0.198	1.127	-177589.131
21	8	10000	9287	0.5159	0.341	0.302	0.298	0.302	0.296	0.310	0.296	0.257	0.292	0.299	0.302	0.295	0.292	0.296	2.018	0.586	0.293	0.195	1.000	-177960.376
22	8	10000	9293	0.5169	0.298	0.301	0.309	0.295	0.298	0.297	0.304	0.295	0.301	0.304	0.296	0.292	0.295	0.300	1.969	0.608	0.295	0.200	1.000	-178572.829
23	8	10000	9257	0.5164	0.180	0.307	0.311	0.300	0.297	0.306	0.306	0.438	0.302	0.300	0.290	0.295	0.304	0.300	2.038	0.596	0.307	0.190	1.000	-178751.447
24	8	10000	9290	0.5104	0.330	0.299	0.305	0.296	0.296	0.296	0.301	0.281	0.306	0.298	0.301	0.314	0.296	0.299	2.010	0.600	0.289	0.202	1.177	-178847.392
25	8	10000	9300	0.5155	0.280	0.301	0.302	0.308	0.318	0.304	0.289	0.313	0.307	0.291	0.306	0.296	0.290	0.311	1.984	0.618	0.303	0.197	1.387	-178763.359
26	8	10000	9248	0.5131	0.269	0.303	0.300	0.294	0.299	0.302	0.297	0.348	0.283	0.298	0.299	0.318	0.299	0.306	1.985	0.602	0.300	0.198	1.000	-178708.610
27	8	10000	9231	0.5122	0.324	0.302	0.295	0.294	0.292	0.298	0.297	0.282	0.306	0.306	0.283	0.300	0.306	0.303	2.000	0.640	0.304	0.198	1.350	-177976.514
28	8	10000	9303	0.5155	0.298	0.300	0.307	0.291	0.310	0.300	0.311	0.284	0.302	0.300	0.293	0.312	0.298	0.297	1.968	0.597	0.288	0.201	1.292	-178757.535
29	8	10000	9280	0.5138	0.304	0.316	0.307	0.288	0.294	0.283	0.307	0.306	0.298	0.302	0.290	0.293	0.308	0.290	1.971	0.610	0.312	0.204	1.000	-178657.042
30	8	10000	9289	0.5105	0.279	0.313	0.283	0.292	0.287	0.306	0.297	0.328	0.295	0.294	0.296	0.297	0.298	0.299	1.955	0.589	0.287	0.206	1.000	-178186.717
31	8	10000	9294	0.5158	0.290	0.286	0.306	0.298	0.310	0.300	0.302	0.298	0.309	0.291	0.306	0.290	0.296	0.288	1.914	0.586	0.283	0.202	1.000	-178678.009
32	8	10000	9308	0.5133	0.348	0.301	0.294	0.288	0.286	0.295	0.296	0.247	0.310	0.299	0.303	0.284	0.299	0.307	1.964	0.626	0.301	0.204	1.226	-177980.131
33	8	10000	9345	0.5125	0.279	0.312	0.293	0.316	0.313	0.299	0.308	0.294	0.310	0.317	0.304	0.307	0.304	0.299	2.009	0.564	0.292	0.193	1.000	-179571.138
34	8	10000	9272	0.5133	0.269	0.293	0.293	0.288	0.301	0.300	0.305	0.333	0.281	0.303	0.293	0.307	0.302	0.296	1.953	0.602	0.299	0.203	1.058	-178104.978
35	8	10000	9281	0.5128	0.293	0.292	0.301	0.298	0.310	0.296	0.294	0.314	0.297	0.301	0.302	0.296	0.299	0.299	2.037	0.599	0.305	0.201	1.000	-178438.548
36	8	10000	9271	0.5136	0.284	0.282	0.298	0.302	0.313	0.291	0.297	0.318	0.316	0.287	0.304	0.289	0.296	0.307	2.042	0.614	0.298	0.206	1.084	-178306.618
37	8	10000	9240	0.5153	0.303	0.286	0.291	0.305	0.300	0.290	0.304	0.288	0.304	0.312	0.292	0.294	0.300	0.296	2.021	0.602	0.298	0.200	1.244	-178128.226
38	8	10000	9289	0.5136	0.319	0.290	0.303	0.299	0.310	0.312	0.309	0.290	0.305	0.297	0.298	0.312	0.306	0.299	1.980	0.624	0.294	0.203	1.290	-179412.834
39	8	10000	9238	0.5111	0.320	0.302	0.299	0.296	0.288	0.297	0.307	0.272	0.300	0.311	0.302	0.290	0.308	0.303	1.976	0.596	0.305	0.198	1.094	-178841.453
40	8	10000	9233	0.5130	0.275	0.305	0.297	0.308	0.295	0.294	0.306	0.317	0.283	0.289	0.297	0.306	0.301	0.292	2.005	0.615	0.298	0.200	1.297	-177925.868
41	8	10000	9245	0.5171	0.311	0.319	0.311	0.293	0.296	0.287	0.302	0.277	0.288	0.303	0.303	0.303	0.296	0.300	1.976	0.653	0.308	0.205	1.000	-178424.578
42	8	10000	9258	0.5112	0.354	0.296	0.302	0.300	0.298	0.301	0.303	0.245	0.301	0.317	0.297	0.292	0.298	0.290	1.982	0.612	0.300	0.202	1.000	-178420.981
43	8	10000	9225	0.5103	0.301	0.301	0.304	0.286	0.306	0.290	0.292	0.307	0.308	0.289	0.292	0.318	0.296	0.291	1.983	0.599	0.308	0.198	1.000	-178015.205
44	8	10000	9301	0.5150	0.320	0.290	0.318	0.295	0.296	0.300	0.306	0.305	0.302	0.314	0.291	0.293	0.314	0.291	2.016	0.596	0.274	0.198	1.000	-178610.420
45	8	10000	9269	0.5096	0.295	0.294	0.303	0.294	0.297	0.307	0.290	0.312	0.296	0.295	0.308	0.298	0.317	0.282	2.007	0.614	0.298	0.196	1.000	-177836.914
46	8	10000	9250	0.5136	0.283	0.319	0.295	0.308	0.281	0.312	0.294	0.317	0.300	0.295	0.299	0.305	0.292	0.299	1.973	0.597	0.300	0.192	1.121	-178228.194
47	8	10000	9234	0.5112	0.310	0.291	0.302	0.304	0.308	0.302	0.292	0.299	0.286	0.298	0.296	0.296	0.299	0.300	1.985	0.595	0.299	0.194	1.248	-177914.380
48	8	10000	9239	0.5121	0.267	0.300	0.294	0.297	0.299	0.317	0.292	0.303	0.292	0.296	0.290	0.294	0.301	0.292	2.029	0.603	0.301	0.200	1.000	-177328.615
49	8	10000	9270	0.5140	0.269	0.292	0.299	0.290	0.286	0.297	0.304	0.345	0.300	0.292	0.304	0.294	0.302	0.300	2.013	0.604	0.290	0.202	1.000	-177871.605
50	8	10000	9235	0.5137	0.317	0.293	0.299	0.305	0.308	0.290	0.300	0.296	0.299	0.302	0.311	0.299	0.303	0.314	1.981	0.611	0.313	0.202	1.000	-179290.403
51	8	10000	9278	0.5132	0.309	0.305	0.307	0.307	0.298	0.306	0.297	0.292	0.305	0.295	0.297	0.305	0.308	0.302	2.028	0.617	0.303	0.204	1.000	-179160.412
52	8	10000	9256	0.5134	0.255	0.311	0.298	0.311	0.316	0.298	0.298	0.340	0.295	0.297	0.302	0.303	0.306	0.293	1.977	0.620	0.322	0.205	1.669	-179382.516
53	8	10000	9268	0.5149	0.296	0.300	0.299	0.305	0.291	0.292	0.304	0.329	0.283	0.299	0.308	0.288	0.312	0.303	1.993	0.621	0.304	0.201	1.000	-178559.117
54	8	10000	9293	0.5129	0.293	0.311	0.311	0.296	0.292	0.293	0.305	0.300	0.301	0.298	0.301	0.291	0.298	0.293	1.992	0.605	0.310	0.203	1.000	-178818.763
55	8	10000	9224	0.5157	0.268	0.301	0.298	0.296	0.311	0.297	0.299	0.302	0.287	0.292	0.296	0.310	0.296	0.299	2.037	0.582	0.284	0.197	1.000	-177667.913
56	8	10000	9309	0.5151	0.301	0.315	0.304	0.305	0.305	0.297	0.305	0.319	0.290	0.299	0.295	0.309	0.307	0.304	1.979	0.614	0.308	0.201	1.000	-179648.878
57	8	10000	9269	0.5157	0.287	0.303	0.306	0.303	0.294	0.302	0.297	0.318	0.298	0.312	0.303	0.282	0.295	0.285	2.003	0.605	0.303	0.197	1.056	-178425.012
58	8	10000	9300	0.5150	0.267	0.309	0.317	0.304	0.304	0.308	0.301	0.341	0.299	0.303	0.301	0.310	0.306	0.299	2.010	0.597	0.304	0.195	1.076	-179655.181
59	8	10000	9254	0.5137	0.590	0.313	0.282	0.303	0.302	0.298	0.294	0.000	0.292	0.293	0.305	0.297	0.302	0.278	1.977	0.596	0.288	0.204	1.000	-177852.085
60	8	10000	9294	0.5133	0.308	0.289	0.294	0.294	0.302	0.292	0.297	0.302	0.303	0.285	0.298	0.297	0.301	0.302	1.979	0.652	0.330	0.215	1.886	-178389.490
61	8	10000	9277	0.5152	0.328	0.293	0.300	0.306	0.304	0.295	0.292	0.276	0.291	0.301	0.292	0.310	0.298	0.301	1.977	0.618	0.310	0.204	1.078	-178673.936
62	8	10000	9294	0.5160	0.291	0.299	0.301	0.314	0.312	0.299	0.297	0.347	0.297	0.292	0.305	0.312	0.301	0.299	1.976	0.623	0.319	0.198	1.593	-179678.842
63	8	10000	9246	0.5130	0.295	0.286	0.300	0.290	0.323	0.287	0.292	0.316	0.297	0.302	0.310	0.315	0.295	0.301	2.031	0.623	0.312	0.198	1.416	-178204.675
64	8	10000	9268	0.5122	0.311	0.306	0.304	0.297	0.306	0.297	0.316	0.301	0.307	0.295	0.313	0.297	0.298	0.294	1.972	0.613	0.301	0.201	1.000	-179238.127
65	8	10000	9277	0.5100	0.279	0.307	0.312	0.301	0.304	0.297	0.286	0.322	0.300	0.298	0.306	0.298	0.299	0.310	2.045	0.587	0.305	0.198	1.004	-178899.123
66	8	10000	9270	0.5122	0.340	0.306	0.298	0.309	0.292	0.300	0.300	0.279	0.295	0.309	0.300	0.320	0.303	0.296	2.031	0.610	0.317	0.200	1.104	-179447.933
67	8	10000	9332	0.5146	0.334	0.306	0.311	0.301	0.292	0.300	0.302	0.291	0.309	0.288	0.298	0.297	0.295	0.309	1.976	0.618	0.294	0.206	1.000	-179365.763
68	8	10000	9232	0.5091	0.312	0.290	0.293	0.304	0.294	0.295	0.296	0.289	0.308	0.302	0.304	0.284	0.291	0.308	2.014	0.606	0.313	0.192	1.163	-177616.947
69	8	10000	9265	0.5119	0.314	0.297	0.294	0.301	0.290	0.298	0.301	0.290	0.281	0.296	0.303	0.307	0.303	0.297	2.037	0.634	0.317	0.204	1.000	-178165.658
70	8	10000	9261	0.5147	0.000	0.288	0.285	0.307	0.305	0.297	0.292	0.608	0.295	0.294	0.298	0.294	0.302	0.297	2.007	0.633	0.297	0.206	1.095	-177817.761
71	8	10000	9290	0.5115	0.341	0.293	0.303	0.307	0.295	0.307	0.297	0.269	0.307	0.303	0.313	0.301	0.298	0.303	1.999	0.610	0.320	0.198	1.000	-179313.843
72	8	10000	9204	0.5152	0.304	0.302	0.298	0.286	0.301	0.290	0.298	0.282	0.281	0.278	0.312	0.294	0.298	0.281	2.010	0.615	0.286	0.200	1.000	-176640.725
73	8	10000	9246	0.5129	0.356	0.302	0.299	0.301	0.308	0.287	0.289	0.269	0.294	0.288	0.295	0.288	0.300	0.306	1.980	0.613	0.319	0.202	1.339	-178484.731
74	8	10000	9273	0.5153	0.325	0.314	0.297	0.295	0.307	0.297	0.298	0.282	0.315	0.298	0.291	0.295	0.306	0.288	1.986	0.602	0.298	0.200	1.000	-178780.366
75	8	10000	9263	0.5129	0.277	0.319	0.306	0.302	0.297	0.298	0.298	0.316	0.294	0.301	0.303	0.315	0.292	0.305	1.954	0.601	0.314	0.198	1.000	-179374.872
76	8	10000	9276	0.5155	0.301	0.287	0.291	0.299	0.295	0.304	0.303	0.296	0.299	0.291	0.306	0.300	0.289	0.304	1.986	0.610	0.287	0.204	1.096	-177931.021
77	8	10000	9254	0.5156	0.308	0.300	0.314	0.298	0.298	0.310	0.296	0.298	0.317	0.306	0.317	0.292	0.299	0.297	2.006	0.611	0.319	0.196	1.363	-179355.251
78	8	10000	9258	0.5127	0.306	0.276	0.310	0.302	0.295	0.305	0.303	0.312	0.295	0.303	0.304	0.286	0.304	0.297	2.043	0.588	0.306	0.197	1.000	-178517.426
79	8	10000	9289	0.5131	0.291	0.317	0.304	0.299	0.305	0.301	0.301	0.321	0.309	0.298	0.295	0.297	0.300	0.298	1.982	0.602	0.300	0.202	1.000	-179296.859
80	8	10000	9274	0.5144	0.295	0.304	0.316	0.296	0.300	0.295	0.310	0.303	0.294	0.313	0.299	0.308	0.298	0.292	2.001	0.587	0.297	0.196	1.000	-179134.733
81	8	10000	9255	0.5150	0.311	0.309	0.297	0.300	0.300	0.301	0.300	0.273	0.285	0.289	0.290	0.303	0.301	0.298	1.976	0.644	0.320	0.204	1.599	-178022.264
82	8	10000	9257	0.5162	0.301	0.305	0.290	0.293	0.294	0.307	0.296	0.290	0.291	0.302	0.291	0.299	0.293	0.303	1.965	0.620	0.291	0.201	1.090	-177788.699
83	8	10000	9312	0.5157	0.318	0.307	0.303	0.308	0.306	0.299	0.289	0.282	0.314	0.296	0.305	0.296	0.297	0.292	1.965	0.617	0.313	0.202	1.155	-178884.317
84	8	10000	9278	0.5148	0.260	0.307	0.303	0.306	0.308	0.298	0.294	0.322	0.306	0.306	0.287	0.309	0.290	0.302	1.996	0.593	0.300	0.196	1.031	-178592.450
85	8	10000	9255	0.5098	0.290	0.307	0.291	0.316	0.311	0.301	0.292	0.312	0.302	0.300	0.312	0.295	0.292	0.293	2.026	0.589	0.298	0.196	1.090	-178751.735
86	8	10000	9313	0.5175	0.306	0.290	0.299	0.301	0.316	0.301	0.292	0.307	0.291	0.296	0.300	0.306	0.293	0.284	2.012	0.586	0.295	0.204	1.043	-178589.913
87	8	10000	9345	0.5126	0.320	0.302	0.298	0.307	0.302	0.307	0.307	0.298	0.309	0.314	0.297	0.303	0.295	0.295	1.999	0.609	0.297	0.206	1.192	-179850.004
88	8	10000	9284	0.5123	0.304	0.305	0.302	0.306	0.305	0.301	0.296	0.311	0.294	0.297	0.300	0.295	0.298	0.304	2.031	0.601	0.288	0.202	1.157	-178672.961
89	8	10000	9302	0.5172	0.286	0.300	0.305	0.301	0.284	0.300	0.302	0.288	0.298	0.316	0.292	0.306	0.296	0.307	2.045	0.586	0.287	0.202	1.000	-178732.580
90	8	10000	9304	0.5180	0.270	0.284	0.306	0.312	0.303	0.297	0.303	0.344	0.310	0.293	0.305	0.295	0.308	0.302	2.005	0.612	0.316	0.209	1.000	-179990.372
91	8	10000	9317	0.5162	0.340	0.299	0.307	0.303	0.294	0.302	0.316	0.265	0.315	0.297	0.305	0.285	0.297	0.294	1.998	0.625	0.311	0.203	1.000	-179175.451
92	8	10000	9244	0.5153	0.274	0.299	0.295	0.303	0.289	0.291	0.314	0.310	0.307	0.303	0.311	0.294	0.295	0.315	2.016	0.592	0.304	0.200	1.000	-178996.750
93	8	10000	9266	0.5158	0.324	0.301	0.289	0.303	0.316	0.281	0.307	0.260	0.304	0.295	0.303	0.309	0.301	0.300	2.011	0.584	0.300	0.197	1.000	-178490.921
94	8	10000	9276	0.5134	0.289	0.294	0.301	0.299	0.299	0.297	0.287	0.330	0.296	0.302	0.308	0.297	0.298	0.287	2.013	0.602	0.292	0.202	1.000	-178036.547
95	8	10000	9294	0.5133	0.313	0.294	0.301	0.294	0.307	0.294	0.304	0.288	0.290	0.298	0.297	0.308	0.301	0.304	1.984	0.617	0.292	0.198	1.101	-178255.845
96	8	10000	9289	0.5154	0.313	0.297	0.309	0.296	0.306	0.306	0.301	0.284	0.287	0.295	0.297	0.318	0.309	0.306	2.012	0.603	0.296	0.201	1.160	-179152.937
97	8	10000	9313	0.5158	0.313	0.283	0.310	0.303	0.298	0.298	0.306	0.329	0.298	0.307	0.298	0.294	0.294	0.298	1.981	0.623	0.303	0.204	1.000	-178994.591
98	8	10000	9299	0.5141	0.303	0.305	0.298	0.300	0.305	0.292	0.317	0.291	0.295	0.310	0.301	0.298	0.308	0.290	2.073	0.612	0.293	0.201	1.000	-178577.319
99	8	10000	9283	0.5189	0.290	0.305	0.301	0.303	0.311	0.307	0.306	0.293	0.284	0.310	0.293	0.302	0.309	0.290	2.030	0.597	0.305	0.200	1.000	-178935.845
100	8	10000	9302	0.5152	0.320	0.307	0.304	0.308	0.291	0.315	0.295	0.289	0.286	0.303	0.300	0.304	0.299	0.298	2.011	0.611	0.299	0.197	1.000	-178781.808
101	8	10000	9255	0.5101	0.295	0.304	0.306	0.298	0.296	0.307	0.284	0.299	0.318	0.290	0.300	0.288	0.308	0.305	1.993	0.628	0.315	0.202	1.481	-178642.053
102	8	10000	9244	0.5133	0.288	0.299	0.306	0.294	0.290	0.297	0.295	0.342	0.305	0.306	0.302	0.304	0.290	0.297	1.974	0.649	0.322	0.204	2.627	-178777.369
103	8	10000	9237	0.5122	0.335	0.300	0.310	0.295	0.306	0.300	0.286	0.284	0.306	0.302	0.291	0.293	0.299	0.295	1.957	0.596	0.297	0.200	1.000	-178548.954
104	8	10000	9290	0.5135	0.279	0.282	0.300	0.297	0.300	0.306	0.298	0.329	0.297	0.286	0.298	0.309	0.297	0.297	1.989	0.625	0.306	0.208	1.194	-178291.499
105	8	10000	9247	0.5111	0.280	0.310	0.298	0.295	0.292	0.301	0.290	0.315	0.313	0.297	0.306	0.299	0.304	0.304	1.982	0.598	0.298	0.199	1.060	-178527.268
106	8	10000	9227	0.5122	0.281	0.311	0.302	0.287	0.300	0.283	0.302	0.310	0.299	0.299	0.303	0.298	0.285	0.292	1.962	0.593	0.299	0.197	1.000	-177883.768
107	8	10000	9315	0.5188	0.280	0.307	0.292	0.292	0.303	0.304	0.309	0.326	0.297	0.289	0.310	0.288	0.310	0.296	2.023	0.599	0.304	0.198	1.000	-178754.759
108	8	10000	9269	0.5122	0.337	0.298	0.299	0.289	0.292	0.311	0.291	0.260	0.301	0.297	0.297	0.307	0.300	0.299	1.994	0.634	0.318	0.201	1.852	-178140.225
109	8	10000	9262	0.5142	0.315	0.307	0.301	0.298	0.307	0.293	0.300	0.295	0.311	0.322	0.305	0.305	0.317	0.309	2.021	0.619	0.326	0.200	1.188	-180209.645
110	8	10000	9283	0.5141	0.333	0.311	0.296	0.313	0.296	0.303	0.296	0.251	0.298	0.305	0.293	0.305	0.294	0.301	1.985	0.609	0.299	0.201	1.000	-178593.198
111	8	10000	9274	0.5160	0.342	0.295	0.300	0.294	0.292	0.301	0.290	0.273	0.282	0.285	0.304	0.297	0.312	0.294	2.003	0.659	0.301	0.211	1.930	-177932.012
112	8	10000	9254	0.5128	0.294	0.302	0.290	0.294	0.298	0.293	0.301	0.304	0.295	0.297	0.304	0.290	0.299	0.300	2.009	0.613	0.307	0.194	1.357	-177650.416
113	8	10000	9359	0.5126	0.303	0.292	0.303	0.311	0.317	0.302	0.293	0.307	0.289	0.301	0.307	0.317	0.300	0.301	1.996	0.585	0.290	0.206	1.000	-179804.428
114	8	10000	9296	0.5186	0.301	0.292	0.296	0.296	0.309	0.290	0.292	0.284	0.292	0.299	0.288	0.307	0.302	0.301	2.036	0.584	0.302	0.206	1.000	-178113.158
115	8	10000	9267	0.5092	0.279	0.299	0.298	0.293	0.302	0.308	0.299	0.312	0.306	0.298	0.288	0.291	0.301	0.287	1.995	0.596	0.293	0.200	1.298	-177962.222
116	8	10000	9285	0.5157	0.313	0.305	0.300	0.303	0.294	0.295	0.306	0.314	0.299	0.296	0.290	0.307	0.307	0.290	2.010	0.623	0.312	0.203	1.314	-178731.063
117	8	10000	9242	0.5124	0.309	0.312	0.288	0.294	0.295	0.302	0.314	0.284	0.317	0.305	0.305	0.303	0.307	0.292	2.024	0.636	0.314	0.201	1.465	-178724.665
118	8	10000	9273	0.5111	0.321	0.307	0.295	0.302	0.305	0.298	0.300	0.270	0.306	0.308	0.282	0.296	0.293	0.302	1.972	0.592	0.287	0.201	1.000	-178509.093
119	8	10000	9273	0.5169	0.281	0.295	0.289	0.311	0.284	0.305	0.306	0.307	0.317	0.307	0.294	0.300	0.315	0.300	1.975	0.611	0.316	0.201	1.306	-179272.213
120	8	10000	9304	0.5130	0.351	0.295	0.307	0.307	0.285	0.291	0.308	0.272	0.302	0.284	0.322	0.310	0.297	0.287	1.993	0.636	0.314	0.203	1.575	-178950.331
121	8	10000	9293	0.5106	0.259	0.305	0.308	0.302	0.301	0.303	0.301	0.326	0.303	0.302	0.302	0.300	0.294	0.302	2.031	0.581	0.295	0.196	1.000	-178576.486
122	8	10000	9279	0.5115	0.296	0.299	0.308	0.305	0.320	0.289	0.299	0.301	0.305	0.294	0.302	0.303	0.304	0.300	1.996	0.577	0.297	0.201	1.039	-179215.421
123	8	10000	9295	0.5152	0.358	0.304	0.303	0.314	0.300	0.304	0.299	0.253	0.329	0.302	0.297	0.287	0.301	0.302	1.946	0.612	0.301	0.198	1.000	-179620.616
124	8	10000	9243	0.5123	0.274	0.302	0.301	0.310	0.301	0.304	0.306	0.323	0.301	0.304	0.307	0.290	0.310	0.296	2.017	0.591	0.308	0.194	1.033	-179061.021
125	8	10000	9282	0.5130	0.287	0.314	0.308	0.293	0.292	0.304	0.290	0.319	0.291	0.321	0.297	0.323	0.300	0.302	1.985	0.556	0.288	0.190	1.000	-179411.831
126	8	10000	9232	0.5152	0.320	0.297	0.298	0.295	0.308	0.298	0.302	0.280	0.296	0.287	0.299	0.305	0.296	0.291	1.995	0.623	0.314	0.202	1.221	-177889.243
127	8	10000	9230	0.5155	0.292	0.292	0.297	0.293	0.300	0.298	0.315	0.284	0.300	0.311	0.294	0.295	0.299	0.300	2.035	0.615	0.309	0.199	1.046	-178030.291
128	8	10000	9300	0.5129	0.336	0.289	0.301	0.308	0.302	0.304	0.304	0.259	0.305	0.299	0.299	0.307	0.301	0.295	1.970	0.583	0.299	0.200	1.098	-179042.822
129	8	10000	9306	0.5115	0.278	0.299	0.306	0.294	0.285	0.293	0.303	0.316	0.304	0.301	0.293	0.275	0.299	0.304	1.998	0.618	0.282	0.205	1.017	-177693.414
130	8	10000	9287	0.5146	0.302	0.297	0.311	0.297	0.300	0.301	0.288	0.293	0.299	0.294	0.306	0.299	0.298	0.294	2.016	0.578	0.295	0.206	1.075	-178738.514
131	8	10000	9303	0.5155	0.285	0.299	0.298	0.294	0.292	0.310	0.301	0.311	0.292	0.299	0.317	0.295	0.310	0.297	1.996	0.621	0.316	0.204	1.331	-179022.887
132	8	10000	9252	0.5103	0.285	0.306	0.299	0.304	0.309	0.303	0.306	0.307	0.294	0.305	0.297	0.299	0.305	0.285	1.992	0.588	0.297	0.194	1.000	-178507.451
133	8	10000	9277	0.5110	0.297	0.295	0.291	0.314	0.297	0.294	0.300	0.299	0.280	0.285	0.299	0.294	0.295	0.293	2.012	0.622	0.298	0.205	1.373	-177654.384
134	8	10000	9295	0.5136	0.271	0.307	0.305	0.304	0.295	0.301	0.298	0.318	0.288	0.302	0.308	0.321	0.301	0.305	1.981	0.590	0.292	0.199	1.000	-179202.338
135	8	10000	9238	0.5180	0.292	0.313	0.310	0.302	0.295	0.302	0.299	0.305	0.299	0.291	0.306	0.313	0.301	0.302	2.037	0.566	0.307	0.195	1.000	-179462.341
136	8	10000	9297	0.5146	0.297	0.296	0.296	0.296	0.321	0.310	0.306	0.303	0.315	0.308	0.297	0.295	0.295	0.309	1.993	0.597	0.300	0.199	1.026	-179359.236
137	8	10000	9288	0.5165	0.270	0.292	0.294	0.314	0.280	0.303	0.304	0.346	0.305	0.296	0.303	0.292	0.295	0.301	1.994	0.575	0.305	0.197	1.000	-178917.068
138	8	10000	9251	0.5141	0.263	0.295	0.299	0.299	0.298	0.298	0.298	0.315	0.312	0.302	0.297	0.299	0.296	0.305	1.934	0.605	0.302	0.200	1.156	-178641.181
139	8	10000	9318	0.5174	0.264	0.293	0.297	0.314	0.313	0.298	0.292	0.330	0.315	0.283	0.288	0.308	0.299	0.302	1.998	0.603	0.309	0.201	1.119	-178570.922
140	8	10000	9294	0.5138	0.327	0.302	0.301	0.296	0.310	0.289	0.306	0.288	0.289	0.306	0.302	0.299	0.292	0.307	2.028	0.602	0.302	0.200	1.000	-178743.512
141	8	10000	9287	0.5126	0.282	0.296	0.305	0.295	0.308	0.295	0.302	0.302	0.293	0.301	0.293	0.313	0.303	0.300	1.984	0.596	0.303	0.197	1.000	-178477.282
142	8	10000	9234	0.5109	0.268	0.306	0.309	0.280	0.296	0.283	0.307	0.326	0.298	0.292	0.302	0.316	0.302	0.295	1.990	0.631	0.313	0.202	1.304	-178082.275
143	8	10000	9311	0.5128	0.316	0.305	0.297	0.299	0.292	0.297	0.294	0.288	0.311	0.300	0.298	0.306	0.292	0.310	2.016	0.588	0.296	0.204	1.157	-178996.994
144	8	10000	9292	0.5146	0.302	0.306	0.289	0.298	0.299	0.291	0.310	0.284	0.306	0.300	0.298	0.300	0.288	0.300	1.995	0.593	0.295	0.198	1.167	-178190.143
145	8	10000	9218	0.5149	0.318	0.305	0.295	0.302	0.290	0.297	0.302	0.273	0.294	0.295	0.289	0.290	0.300	0.300	1.971	0.596	0.304	0.199	1.221	-177917.767
146	8	10000	9282	0.5123	0.296	0.301	0.287	0.305	0.306	0.300	0.298	0.289	0.290	0.313	0.301	0.308	0.300	0.296	1.981	0.615	0.296	0.201	1.106	-178400.399
147	8	10000	9280	0.5139	0.265	0.297	0.292	0.315	0.307	0.303	0.300	0.339	0.284	0.294	0.303	0.287	0.300	0.305	1.955	0.579	0.296	0.196	1.000	-178622.727
148	8	10000	9274	0.5117	0.318	0.305	0.305	0.293	0.301	0.290	0.305	0.285	0.290	0.293	0.306	0.298	0.308	0.290	2.014	0.590	0.289	0.199	1.021	-178212.142
149	8	10000	9317	0.5174	0.311	0.315	0.296	0.305	0.293	0.300	0.307	0.287	0.301	0.296	0.303	0.298	0.307	0.314	2.077	0.619	0.311	0.206	1.726	-179343.406
150	8	10000	9237	0.5136	0.258	0.292	0.300	0.302	0.300	0.295	0.304	0.330	0.311	0.312	0.285	0.303	0.295	0.301	2.034	0.598	0.313	0.197	1.103	-178423.935
151	8	10000	9236	0.5121	0.290	0.288	0.293	0.302	0.297	0.308	0.292	0.322	0.300	0.294	0.313	0.295	0.302	0.309	2.077	0.590	0.307	0.195	1.000	-178243.771
152	8	10000	9296	0.5134	0.331	0.310	0.319	0.306	0.297	0.314	0.300	0.291	0.310	0.304	0.300	0.304	0.302	0.311	2.000	0.610	0.314	0.200	1.000	-180430.393
153	8	10000	9263	0.5138	0.272	0.296	0.298	0.305	0.310	0.298	0.310	0.324	0.299	0.295	0.298	0.307	0.300	0.304	2.027	0.622	0.308	0.198	1.340	-178546.813
154	8	10000	9277	0.5118	0.258	0.303	0.288	0.305	0.296	0.297	0.304	0.345	0.306	0.292	0.306	0.292	0.296	0.301	1.982	0.601	0.303	0.197	1.124	-178303.514
155	8	10000	9260	0.5138	0.320	0.294	0.300	0.302	0.312	0.304	0.308	0.272	0.302	0.292	0.300	0.294	0.303	0.308	1.980	0.599	0.296	0.199	1.000	-178961.081
156	8	10000	9278	0.5153	0.313	0.313	0.290	0.310	0.291	0.299	0.289	0.293	0.303	0.302	0.302	0.305	0.303	0.293	1.976	0.612	0.303	0.201	1.000	-178771.785
157	8	10000	9229	0.5108	0.303	0.294	0.299	0.297	0.311	0.291	0.308	0.294	0.295	0.311	0.314	0.291	0.302	0.303	1.996	0.585	0.296	0.193	1.000	-178659.965
158	8	10000	9269	0.5189	0.311	0.304	0.311	0.292	0.300	0.303	0.281	0.282	0.306	0.300	0.310	0.299	0.302	0.305	1.977	0.627	0.301	0.202	1.463	-178782.407
159	8	10000	9258	0.5156	0.292	0.315	0.284	0.295	0.302	0.292	0.308	0.294	0.304	0.292	0.291	0.299	0.296	0.303	2.004	0.600	0.295	0.198	1.134	-177760.042
160	8	10000	9261	0.5104	0.289	0.285	0.290	0.306	0.304	0.287	0.293	0.312	0.308	0.311	0.293	0.296	0.295	0.283	2.016	0.632	0.306	0.202	1.470	-177281.863
161	8	10000	9264	0.5110	0.000	0.308	0.305	0.299	0.301	0.312	0.291	0.607	0.291	0.292	0.297	0.319	0.300	0.300	2.017	0.606	0.310	0.198	1.000	-178630.302
162	8	10000	9282	0.5104	0.326	0.307	0.305	0.313	0.300	0.310	0.297	0.269	0.300	0.307	0.309	0.302	0.303	0.295	2.013	0.576	0.295	0.192	1.000	-179450.611
163	8	10000	9311	0.5127	0.300	0.301	0.291	0.312	0.307	0.311	0.292	0.291	0.308	0.312	0.301	0.298	0.309	0.295	2.003	0.601	0.291	0.207	1.000	-179349.245
164	8	10000	9283	0.5088	0.279	0.295	0.292	0.312	0.302	0.296	0.292	0.323	0.303	0.307	0.303	0.309	0.299	0.299	2.001	0.605	0.312	0.196	1.471	-178669.957
165	8	10000	9316	0.5154	0.607	0.310	0.300	0.306	0.301	0.312	0.311	0.000	0.304	0.297	0.304	0.316	0.287	0.306	2.015	0.601	0.304	0.198	1.083	-179501.618
166	8	10000	9300	0.5138	0.288	0.303	0.299	0.304	0.293	0.299	0.285	0.306	0.300	0.302	0.296	0.306	0.296	0.309	1.995	0.598	0.298	0.204	1.000	-178584.095
167	8	10000	9307	0.5156	0.291	0.287	0.298	0.312	0.299	0.300	0.293	0.315	0.301	0.320	0.300	0.310	0.298	0.294	1.998	0.579	0.298	0.193	1.000	-179070.661
168	8	10000	9310	0.5129	0.298	0.308	0.295	0.295	0.312	0.297	0.308	0.301	0.297	0.301	0.312	0.307	0.288	0.314	1.969	0.612	0.305	0.205	1.000	-179548.487
169	8	10000	9310	0.5115	0.296	0.311	0.295	0.302	0.311	0.305	0.303	0.305	0.296	0.295	0.284	0.306	0.301	0.297	2.003	0.614	0.299	0.211	1.152	-179145.604
170	8	10000	9323	0.5134	0.301	0.285	0.313	0.302	0.296	0.304	0.295	0.297	0.317	0.301	0.294	0.282	0.309	0.309	1.962	0.599	0.292	0.203	1.000	-178953.249
171	8	10000	9272	0.5105	0.332	0.303	0.289	0.299	0.297	0.294	0.294	0.276	0.302	0.302	0.288	0.300	0.298	0.292	2.020	0.607	0.303	0.202	1.189	-177742.658
172	8	10000	9238	0.5145	0.299	0.291	0.298	0.295	0.299	0.305	0.304	0.294	0.295	0.305	0.302	0.298	0.302	0.294	1.964	0.600	0.307	0.195	1.000	-178347.937
173	8	10000	9316	0.5091	0.338	0.313	0.303	0.315	0.309	0.297	0.310	0.258	0.300	0.301	0.294	0.308	0.308	0.308	1.995	0.598	0.304	0.202	1.080	-179861.871
174	8	10000	9217	0.5116	0.280	0.303	0.299	0.307	0.312	0.293	0.298	0.310	0.312	0.303	0.301	0.293	0.316	0.291	1.970	0.565	0.309	0.194	1.000	-179332.490
175	8	10000	9217	0.5152	0.289	0.302	0.305	0.288	0.309	0.301	0.291	0.324	0.302	0.306	0.301	0.300	0.287	0.303	2.004	0.589	0.288	0.192	1.000	-178055.520
176	8	10000	9322	0.5151	0.325	0.297	0.296	0.315	0.312	0.301	0.295	0.278	0.308	0.294	0.306	0.307	0.287	0.302	1.984	0.584	0.289	0.199	1.000	-178991.652
177	8	10000	9280	0.5149	0.321	0.313	0.285	0.305	0.292	0.289	0.315	0.285	0.298	0.284	0.298	0.304	0.296	0.295	1.959	0.627	0.298	0.202	1.165	-178252.219
178	8	10000	9252	0.5149	0.318	0.303	0.294	0.296	0.304	0.306	0.296	0.282	0.298	0.310	0.293	0.308	0.304	0.294	1.955	0.618	0.305	0.200	1.000	-178678.974
179	8	10000	9295	0.5098	0.309	0.291	0.301	0.301	0.299	0.306	0.291	0.314	0.308	0.293	0.297	0.304	0.296	0.287	1.995	0.619	0.306	0.203	1.000	-178235.114
180	8	10000	9270	0.5146	0.092	0.294	0.286	0.303	0.307	0.299	0.302	0.511	0.293	0.303	0.312	0.294	0.297	0.296	1.964	0.604	0.296	0.201	1.000	-178642.822
181	8	10000	9319	0.5132	0.293	0.300	0.295	0.287	0.295	0.300	0.299	0.305	0.305	0.306	0.306	0.310	0.297	0.302	1.988	0.616	0.305	0.202	1.000	-178676.068
182	8	10000	9284	0.5090	0.277	0.304	0.303	0.287	0.290	0.304	0.300	0.328	0.320	0.303	0.296	0.285	0.297	0.313	2.022	0.587	0.294	0.206	1.000	-179000.061
183	8	10000	9345	0.5168	0.332	0.304	0.300	0.304	0.313	0.303	0.297	0.282	0.312	0.302	0.305	0.316	0.302	0.307	1.969	0.582	0.304	0.197	1.056	-180287.897
184	8	10000	9285	0.5091	0.289	0.326	0.293	0.304	0.305	0.308	0.300	0.315	0.313	0.302	0.314	0.319	0.305	0.306	1.988	0.576	0.322	0.192	1.214	-180468.271
185	8	10000	9248	0.5123	0.303	0.305	0.296	0.293	0.306	0.304	0.315	0.279	0.311	0.308	0.295	0.305	0.321	0.294	1.981	0.582	0.295	0.192	1.107	-179096.188
186	8	10000	9256	0.5155	0.297	0.296	0.296	0.299	0.283	0.298	0.307	0.334	0.291	0.312	0.309	0.290	0.299	0.297	2.020	0.609	0.306	0.200	1.000	-178530.796
187	8	10000	9260	0.5114	0.312	0.307	0.301	0.298	0.299	0.296	0.310	0.293	0.297	0.301	0.307	0.309	0.306	0.307	2.043	0.630	0.324	0.201	1.421	-179316.453
188	8	10000	9269	0.5115	0.314	0.301	0.286	0.297	0.310	0.293	0.291	0.278	0.311	0.309	0.301	0.289	0.291	0.298	2.009	0.578	0.282	0.201	1.005	-178279.183
189	8	10000	9207	0.5132	0.308	0.297	0.299	0.295	0.281	0.304	0.302	0.291	0.293	0.301	0.287	0.296	0.302	0.295	1.966	0.611	0.305	0.200	1.191	-177682.128
190	8	10000	9317	0.5157	0.291	0.297	0.292	0.306	0.294	0.295	0.305	0.321	0.288	0.307	0.302	0.296	0.297	0.303	2.029	0.607	0.283	0.206	1.000	-178553.363
191	8	10000	9286	0.5143	0.281	0.296	0.285	0.308	0.288	0.299	0.302	0.318	0.292	0.317	0.283	0.294	0.308	0.295	2.007	0.612	0.294	0.205	1.045	-178271.921
192	8	10000	9274	0.5163	0.277	0.286	0.292	0.294	0.310	0.301	0.298	0.324	0.294	0.308	0.297	0.302	0.303	0.298	2.014	0.607	0.314	0.195	1.418	-178272.125
193	8	10000	9269	0.5131	0.300	0.300	0.300	0.290	0.289	0.304	0.296	0.318	0.313	0.303	0.300	0.314	0.302	0.293	1.970	0.626	0.311	0.199	1.000	-178841.810
194	8	10000	9249	0.5107	0.331	0.296	0.313	0.286	0.307	0.302	0.295	0.274	0.282	0.305	0.307	0.295	0.303	0.311	1.954	0.599	0.307	0.203	1.000	-179253.784
195	8	10000	9244	0.5114	0.317	0.295	0.292	0.304	0.305	0.292	0.304	0.283	0.300	0.306	0.302	0.300	0.291	0.295	1.967	0.621	0.308	0.199	1.261	-178325.177
196	8	10000	9278	0.5129	0.275	0.301	0.298	0.294	0.295	0.308	0.298	0.327	0.300	0.280	0.299	0.296	0.308	0.300	2.010	0.574	0.299	0.193	1.000	-178144.457
197	8	10000	9261	0.5147	0.279	0.291	0.298	0.279	0.294	0.300	0.296	0.325	0.298	0.298	0.289	0.310	0.310	0.308	1.986	0.604	0.306	0.201	1.181	-178255.722
198	8	10000	9278	0.5128	0.299	0.294	0.302	0.309	0.294	0.297	0.297	0.299	0.304	0.311	0.294	0.287	0.310	0.296	2.020	0.629	0.318	0.198	1.646	-178474.015
199	8	10000	9288	0.5126	0.304	0.315	0.311	0.298	0.294	0.306	0.302	0.291	0.294	0.305	0.295	0.314	0.311	0.286	2.026	0.603	0.296	0.201	1.091	-178848.432
200	8	10000	9310	0.5134	0.306	0.307	0.298	0.299	0.314	0.311	0.304	0.294	0.298	0.293	0.317	0.302	0.294	0.311	2.000	0.614	0.302	0.211	1.000	-179724.083
201	8	10000	9243	0.5135	0.301	0.309	0.294	0.297	0.296	0.298	0.289	0.307	0.299	0.295	0.296	0.293	0.300	0.306	1.959	0.650	0.313	0.204	1.968	-178077.693
202	8	10000	9279	0.5150	0.333	0.288	0.291	0.297	0.301	0.297	0.302	0.265	0.306	0.287	0.300	0.299	0.301	0.302	2.030	0.611	0.307	0.196	1.157	-177768.265
203	8	10000	9255	0.5135	0.284	0.303	0.293	0.302	0.313	0.299	0.295	0.304	0.290	0.291	0.306	0.308	0.294	0.280	1.989	0.610	0.306	0.204	1.000	-178103.963
204	8	10000	9298	0.5135	0.297	0.313	0.306	0.305	0.302	0.295	0.302	0.312	0.303	0.300	0.299	0.299	0.298	0.297	1.993	0.616	0.302	0.200	1.515	-178835.892
205	8	10000	9248	0.5134	0.311	0.303	0.301	0.293	0.303	0.296	0.291	0.301	0.303	0.278	0.293	0.288	0.294	0.293	2.024	0.636	0.307	0.200	1.294	-177157.583
206	8	10000	9255	0.5136	0.267	0.300	0.310	0.288	0.311	0.312	0.294	0.308	0.296	0.315	0.292	0.308	0.307	0.295	1.979	0.610	0.311	0.194	1.300	-178867.254
207	8	10000	9274	0.5078	0.309	0.304	0.296	0.292	0.280	0.310	0.305	0.306	0.305	0.296	0.300	0.296	0.291	0.293	2.043	0.646	0.315	0.206	1.741	-177823.305
208	8	10000	9282	0.5137	0.328	0.306	0.302	0.305	0.313	0.293	0.300	0.276	0.303	0.307	0.303	0.304	0.306	0.284	2.017	0.579	0.305	0.196	1.335	-179423.153
209	8	10000	9285	0.5138	0.258	0.307	0.299	0.296	0.298	0.297	0.298	0.336	0.289	0.307	0.290	0.302	0.288	0.292	1.970	0.597	0.282	0.203	1.058	-177942.274
210	8	10000	9305	0.5157	0.278	0.303	0.298	0.313	0.287	0.293	0.305	0.319	0.281	0.304	0.295	0.298	0.301	0.316	1.965	0.588	0.309	0.200	1.000	-179375.684
211	8	10000	9254	0.5125	0.278	0.285	0.302	0.287	0.317	0.300	0.286	0.320	0.321	0.299	0.296	0.296	0.301	0.297	2.003	0.585	0.284	0.199	1.000	-178102.429
212	8	10000	9265	0.5140	0.292	0.313	0.319	0.297	0.304	0.300	0.313	0.329	0.308	0.323	0.308	0.293	0.311	0.297	2.011	0.615	0.325	0.198	1.035	-180408.133
213	8	10000	9296	0.5120	0.266	0.302	0.306	0.306	0.291	0.309	0.306	0.334	0.289	0.305	0.305	0.288	0.296	0.298	2.044	0.632	0.313	0.201	1.723	-178544.901
214	8	10000	9262	0.5096	0.327	0.291	0.309	0.302	0.311	0.307	0.291	0.294	0.323	0.302	0.298	0.268	0.299	0.293	2.038	0.602	0.289	0.201	1.000	-178384.540
215	8	10000	9273	0.5151	0.284	0.301	0.299	0.305	0.303	0.305	0.289	0.318	0.305	0.304	0.293	0.302	0.303	0.296	1.978	0.619	0.295	0.201	1.085	-178562.415
216	8	10000	9311	0.5128	0.291	0.313	0.315	0.285	0.307	0.305	0.314	0.310	0.302	0.299	0.300	0.307	0.292	0.295	1.975	0.620	0.298	0.199	1.000	-179051.080
217	8	10000	9286	0.5135	0.314	0.296	0.297	0.312	0.294	0.295	0.305	0.280	0.299	0.318	0.302	0.294	0.305	0.288	1.971	0.595	0.313	0.205	1.000	-179530.278
218	8	10000	9263	0.5122	0.305	0.310	0.311	0.302	0.290	0.291	0.293	0.280	0.315	0.312	0.296	0.300	0.310	0.283	1.977	0.619	0.301	0.202	1.000	-178610.311
219	8	10000	9289	0.5140	0.287	0.309	0.293	0.310	0.312	0.305	0.294	0.328	0.312	0.294	0.296	0.276	0.304	0.292	1.978	0.603	0.299	0.201	1.112	-178781.542
220	8	10000	9284	0.5156	0.319	0.302	0.312	0.298	0.292	0.298	0.298	0.261	0.300	0.300	0.302	0.296	0.294	0.303	2.016	0.605	0.317	0.201	1.000	-178571.906
221	8	10000	9314	0.5134	0.314	0.292	0.308	0.302	0.303	0.296	0.305	0.276	0.295	0.311	0.305	0.299	0.298	0.299	2.016	0.593	0.291	0.203	1.000	-179011.300
222	8	10000	9358	0.5124	0.304	0.294	0.304	0.315	0.296	0.303	0.303	0.301	0.319	0.302	0.302	0.293	0.285	0.310	1.985	0.633	0.292	0.205	1.352	-179112.926
223	8	10000	9245	0.5145	0.346	0.295	0.296	0.299	0.311	0.301	0.309	0.267	0.292	0.281	0.305	0.292	0.288	0.293	1.993	0.592	0.309	0.194	1.128	-177868.416
224	8	10000	9287	0.5134	0.274	0.307	0.299	0.290	0.296	0.296	0.294	0.344	0.303	0.295	0.296	0.308	0.298	0.300	1.988	0.604	0.294	0.201	1.000	-178408.009
225	8	10000	9238	0.5104	0.267	0.300	0.295	0.304	0.301	0.287	0.294	0.339	0.282	0.294	0.305	0.311	0.297	0.313	2.044	0.594	0.311	0.194	1.000	-177990.777
226	8	10000	9293	0.5135	0.302	0.308	0.298	0.299	0.319	0.324	0.289	0.285	0.309	0.301	0.306	0.297	0.301	0.296	2.019	0.589	0.310	0.201	1.048	-179640.336
227	8	10000	9237	0.5115	0.292	0.276	0.296	0.289	0.298	0.294	0.300	0.310	0.291	0.301	0.295	0.303	0.304	0.288	2.027	0.626	0.293	0.199	1.482	-176980.244
228	8	10000	9288	0.5092	0.326	0.304	0.310	0.293	0.306	0.294	0.305	0.285	0.305	0.310	0.299	0.289	0.306	0.299	1.956	0.600	0.306	0.198	1.000	-179548.176
229	8	10000	9237	0.5156	0.311	0.291	0.307	0.293	0.299	0.297	0.308	0.274	0.293	0.306	0.311	0.302	0.304	0.306	1.990	0.583	0.296	0.195	1.064	-178840.019
230	8	10000	9292	0.5124	0.347	0.317	0.299	0.299	0.305	0.303	0.294	0.270	0.299	0.303	0.300	0.285	0.303	0.295	2.055	0.597	0.316	0.199	1.000	-178676.381
231	8	10000	9300	0.5133	0.288	0.308	0.304	0.292	0.293	0.306	0.314	0.295	0.295	0.302	0.297	0.305	0.298	0.296	1.976	0.607	0.285	0.200	1.000	-178370.669
232	8	10000	9275	0.5111	0.295	0.299	0.318	0.295	0.298	0.310	0.311	0.309	0.294	0.300	0.294	0.291	0.303	0.299	2.003	0.607	0.311	0.194	1.000	-178807.492
233	8	10000	9228	0.5123	0.328	0.299	0.289	0.293	0.285	0.288	0.304	0.271	0.306	0.290	0.293	0.299	0.317	0.288	2.065	0.642	0.308	0.196	1.961	-176859.566
234	8	10000	9248	0.5102	0.280	0.299	0.286	0.311	0.307	0.301	0.302	0.309	0.307	0.290	0.290	0.306	0.290	0.301	2.039	0.569	0.284	0.197	1.000	-178015.017
235	8	10000	9352	0.5156	0.295	0.294	0.308	0.298	0.316	0.308	0.284	0.333	0.301	0.303	0.294	0.287	0.296	0.316	2.010	0.605	0.302	0.201	1.177	-179064.114
236	8	10000	9241	0.5149	0.293	0.309	0.294	0.307	0.283	0.306	0.300	0.302	0.295	0.306	0.297	0.306	0.306	0.297	2.022	0.576	0.297	0.192	1.000	-178510.879
237	8	10000	9274	0.5153	0.329	0.289	0.302	0.292	0.304	0.291	0.288	0.271	0.302	0.308	0.281	0.306	0.300	0.308	1.986	0.599	0.292	0.194	1.000	-177538.616
238	8	10000	9303	0.5117	0.305	0.315	0.301	0.288	0.310	0.301	0.296	0.305	0.301	0.302	0.301	0.292	0.302	0.307	1.965	0.594	0.296	0.195	1.090	-179130.373
239	8	10000	9273	0.5130	0.287	0.314	0.299	0.320	0.282	0.300	0.304	0.326	0.312	0.312	0.294	0.288	0.309	0.301	1.986	0.594	0.315	0.195	1.000	-179675.997
240	8	10000	9300	0.5163	0.306	0.306	0.300	0.305	0.300	0.304	0.285	0.297	0.298	0.301	0.280	0.302	0.286	0.297	1.971	0.635	0.307	0.204	1.141	-177966.894
241	8	10000	9249	0.5160	0.325	0.311	0.296	0.288	0.297	0.297	0.298	0.271	0.319	0.311	0.302	0.306	0.297	0.305	2.038	0.592	0.297	0.199	1.000	-178782.593
242	8	10000	9255	0.5150	0.266	0.299	0.300	0.306	0.297	0.308	0.282	0.335	0.308	0.288	0.310	0.295	0.300	0.308	2.020	0.611	0.317	0.202	1.292	-179016.262
243	8	10000	9299	0.5155	0.302	0.300	0.295	0.302	0.311	0.295	0.299	0.301	0.306	0.319	0.287	0.313	0.296	0.297	2.017	0.605	0.314	0.203	1.000	-179217.737
244	8	10000	9229	0.5118	0.320	0.296	0.293	0.305	0.304	0.296	0.300	0.288	0.294	0.297	0.300	0.305	0.301	0.303	2.013	0.601	0.295	0.200	1.000	-178366.948
245	8	10000	9321	0.5120	0.374	0.323	0.311	0.298	0.305	0.298	0.299	0.221	0.307	0.295	0.287	0.301	0.296	0.305	2.014	0.557	0.274	0.199	1.000	-178923.722
246	8	10000	9264	0.5111	0.297	0.301	0.311	0.311	0.314	0.292	0.307	0.304	0.306	0.294	0.302	0.307	0.306	0.304	1.989	0.589	0.304	0.199	1.000	-179617.077
247	8	10000	9273	0.5096	0.281	0.285	0.302	0.300	0.305	0.303	0.296	0.321	0.310	0.295	0.311	0.301	0.317	0.288	2.023	0.603	0.313	0.199	1.234	-178856.946
248	8	10000	9246	0.5126	0.285	0.298	0.296	0.315	0.307	0.294	0.301	0.325	0.306	0.295	0.305	0.306	0.297	0.305	2.001	0.582	0.291	0.192	1.000	-178734.306
249	8	10000	9259	0.5112	0.273	0.303	0.300	0.307	0.311	0.297	0.298	0.316	0.292	0.290	0.309	0.314	0.290	0.309	2.012	0.599	0.302	0.198	1.147	-178541.917
250	8	10000	9267	0.5125	0.301	0.300	0.300	0.298	0.295	0.303	0.303	0.325	0.288	0.300	0.295	0.303	0.300	0.302	2.012	0.617	0.317	0.203	1.000	-178926.012
251	8	10000	9237	0.5136	0.291	0.281	0.297	0.293	0.313	0.305	0.296	0.316	0.310	0.299	0.306	0.294	0.309	0.290	2.006	0.596	0.283	0.198	1.000	-178173.177
252	8	10000	9281	0.5153	0.276	0.300	0.298	0.298	0.298	0.297	0.301	0.325	0.303	0.290	0.301	0.307	0.296	0.310	2.008	0.594	0.297	0.201	1.082	-178590.931
253	8	10000	9286	0.5135	0.260	0.320	0.301	0.292	0.300	0.307	0.287	0.349	0.289	0.303	0.316	0.298	0.292	0.293	1.994	0.583	0.294	0.196	1.000	-178544.035
254	8	10000	9256	0.5150	0.344	0.299	0.306	0.306	0.299	0.294	0.297	0.270	0.315	0.293	0.305	0.300	0.300	0.290	1.979	0.599	0.312	0.199	1.000	-178946.368
255	8	10000	9308	0.5148	0.313	0.305	0.292	0.318	0.295	0.302	0.294	0.302	0.302	0.298	0.304	0.311	0.297	0.304	2.048	0.602	0.293	0.200	1.000	-179104.731
256	8	10000	9272	0.5171	0.319	0.314	0.306	0.293	0.286	0.302	0.297	0.284	0.291	0.305	0.298	0.298	0.299	0.307	1.980	0.620	0.321	0.199	1.405	-178813.833
257	8	10000	9282	0.5134	0.260	0.306	0.299	0.304	0.301	0.297	0.313	0.326	0.304	0.297	0.301	0.312	0.309	0.299	2.021	0.617	0.316	0.199	1.000	-179032.494
258	8	10000	9273	0.5127	0.319	0.308	0.305	0.300	0.289	0.314	0.305	0.279	0.285	0.293	0.295	0.304	0.297	0.300	2.003	0.644	0.309	0.204	1.535	-178396.410
259	8	10000	9287	0.5091	0.291	0.297	0.308	0.305	0.292	0.291	0.298	0.305	0.314	0.300	0.300	0.308	0.303	0.305	1.994	0.621	0.316	0.205	1.257	-179082.250
260	8	10000	9209	0.5147	0.310	0.280	0.303	0.293	0.301	0.306	0.293	0.289	0.301	0.300	0.291	0.307	0.290	0.300	1.948	0.593	0.313	0.195	1.038	-178069.562
261	8	10000	9237	0.5124	0.319	0.319	0.295	0.298	0.304	0.305	0.294	0.309	0.295	0.311	0.300	0.307	0.302	0.314	2.009	0.605	0.315	0.197	1.466	-179671.915
262	8	10000	9294	0.5181	0.288	0.304	0.305	0.291	0.307	0.295	0.303	0.311	0.301	0.304	0.301	0.300	0.310	0.301	2.029	0.632	0.313	0.206	1.824	-179101.204
263	8	10000	9270	0.5113	0.248	0.316	0.297	0.293	0.303	0.303	0.315	0.336	0.319	0.300	0.307	0.297	0.290	0.299	1.987	0.607	0.317	0.202	1.247	-179509.124
264	8	10000	9304	0.5151	0.283	0.295	0.292	0.313	0.301	0.300	0.302	0.315	0.297	0.304	0.294	0.319	0.302	0.291	1.981	0.596	0.321	0.204	1.000	-179600.157
265	8	10000	9297	0.5126	0.306	0.307	0.295	0.288	0.297	0.295	0.305	0.297	0.314	0.314	0.291	0.302	0.313	0.299	2.027	0.612	0.317	0.199	1.158	-179111.167
266	8	10000	9252	0.5118	0.274	0.281	0.305	0.296	0.300	0.302	0.310	0.332	0.300	0.299	0.306	0.329	0.302	0.291	2.034	0.596	0.304	0.195	1.000	-178723.128
267	8	10000	9246	0.5194	0.272	0.296	0.304	0.291	0.296	0.301	0.302	0.309	0.289	0.297	0.301	0.324	0.304	0.303	1.978	0.590	0.315	0.194	1.000	-178772.485
268	8	10000	9254	0.5125	0.325	0.289	0.297	0.306	0.305	0.306	0.294	0.291	0.306	0.314	0.295	0.294	0.293	0.311	2.000	0.647	0.314	0.204	2.055	-178860.230
269	8	10000	9263	0.5154	0.297	0.305	0.301	0.308	0.294	0.303	0.303	0.281	0.310	0.285	0.300	0.286	0.302	0.304	1.982	0.641	0.313	0.205	1.672	-178572.981
270	8	10000	9284	0.5130	0.303	0.286	0.305	0.306	0.300	0.295	0.310	0.318	0.306	0.308	0.294	0.296	0.304	0.309	1.999	0.568	0.305	0.196	1.000	-179565.302
271	8	10000	9267	0.5141	0.331	0.294	0.304	0.301	0.303	0.283	0.315	0.269	0.293	0.300	0.293	0.300	0.292	0.293	2.002	0.575	0.289	0.195	1.000	-177994.493
272	8	10000	9258	0.5130	0.001	0.309	0.299	0.296	0.282	0.309	0.293	0.606	0.310	0.299	0.308	0.296	0.299	0.299	2.033	0.620	0.314	0.199	1.364	-178332.769
273	8	10000	9288	0.5141	0.344	0.310	0.308	0.307	0.292	0.310	0.295	0.259	0.297	0.302	0.303	0.312	0.314	0.309	1.976	0.591	0.308	0.196	1.000	-180100.391
274	8	10000	9281	0.5117	0.315	0.296	0.287	0.310	0.295	0.301	0.309	0.307	0.296	0.306	0.299	0.306	0.298	0.292	1.984	0.614	0.315	0.201	1.000	-178924.453
275	8	10000	9232	0.5139	0.304	0.307	0.296	0.295	0.299	0.300	0.294	0.304	0.285	0.302	0.305	0.295	0.310	0.310	2.010	0.602	0.289	0.198	1.000	-178369.097
276	8	10000	9301	0.5173	0.302	0.304	0.290	0.307	0.297	0.308	0.302	0.282	0.307	0.299	0.301	0.314	0.304	0.304	1.969	0.594	0.285	0.203	1.000	-179304.156
277	8	10000	9263	0.5124	0.309	0.295	0.297	0.305	0.297	0.294	0.301	0.291	0.313	0.296	0.304	0.291	0.293	0.299	1.971	0.591	0.295	0.198	1.000	-178346.287
278	8	10000	9275	0.5138	0.333	0.284	0.302	0.302	0.308	0.306	0.296	0.283	0.294	0.300	0.310	0.305	0.300	0.287	2.006	0.608	0.305	0.201	1.120	-178690.778
279	8	10000	9256	0.5130	0.287	0.286	0.298	0.315	0.307	0.293	0.295	0.312	0.324	0.304	0.307	0.294	0.298	0.308	2.041	0.610	0.319	0.194	1.105	-178759.998
280	8	10000	9248	0.5170	0.312	0.290	0.305	0.307	0.308	0.286	0.312	0.304	0.301	0.291	0.309	0.309	0.303	0.296	1.997	0.608	0.307	0.198	1.199	-178974.724
281	8	10000	9265	0.5118	0.346	0.306	0.309	0.313	0.314	0.291	0.304	0.276	0.299	0.308	0.298	0.299	0.299	0.303	1.972	0.621	0.313	0.199	1.353	-179704.686
282	8	10000	9323	0.5137	0.302	0.301	0.304	0.295	0.284	0.303	0.316	0.303	0.293	0.301	0.303	0.307	0.308	0.305	2.002	0.592	0.292	0.202	1.000	-179094.663
283	8	10000	9241	0.5146	0.344	0.299	0.305	0.308	0.303	0.305	0.292	0.268	0.296	0.311	0.302	0.308	0.286	0.282	2.017	0.632	0.317	0.195	1.435	-178146.605
284	8	10000	9278	0.5130	0.296	0.325	0.295	0.307	0.276	0.307	0.314	0.323	0.296	0.300	0.303	0.322	0.299	0.308	1.992	0.604	0.303	0.201	1.000	-179927.657
285	8	10000	9223	0.5103	0.282	0.286	0.304	0.305	0.299	0.297	0.297	0.308	0.308	0.316	0.285	0.303	0.303	0.293	1.979	0.593	0.290	0.192	1.000	-177757.416
286	8	10000	9297	0.5093	0.310	0.309	0.322	0.291	0.300	0.296	0.301	0.287	0.303	0.301	0.288	0.288	0.295	0.303	1.984	0.597	0.301	0.202	1.098	-178533.371
287	8	10000	9268	0.5135	0.313	0.309	0.289	0.304	0.303	0.284	0.293	0.279	0.305	0.289	0.305	0.308	0.302	0.303	1.978	0.589	0.303	0.198	1.000	-178554.102
288	8	10000	9279	0.5146	0.299	0.299	0.291	0.291	0.303	0.303	0.293	0.318	0.296	0.288	0.296	0.299	0.297	0.306	1.993	0.601	0.303	0.200	1.000	-178297.942
289	8	10000	9250	0.5131	0.301	0.287	0.308	0.295	0.313	0.316	0.303	0.299	0.293	0.306	0.306	0.311	0.290	0.298	1.988	0.586	0.296	0.199	1.040	-179217.588
290	8	10000	9264	0.5120	0.312	0.312	0.293	0.305	0.299	0.291	0.289	0.279	0.303	0.294	0.305	0.284	0.302	0.305	2.014	0.625	0.304	0.198	1.257	-177619.261
291	8	10000	9274	0.5102	0.287	0.298	0.306	0.309	0.296	0.313	0.290	0.307	0.321	0.298	0.293	0.289	0.297	0.303	2.011	0.592	0.306	0.200	1.159	-178975.491
292	8	10000	9291	0.5148	0.344	0.301	0.289	0.301	0.307	0.310	0.298	0.269	0.292	0.296	0.297	0.312	0.300	0.290	2.018	0.585	0.282	0.199	1.000	-178420.260
293	8	10000	9285	0.5127	0.317	0.314	0.321	0.295	0.288	0.310	0.299	0.282	0.312	0.294	0.312	0.296	0.311	0.308	2.027	0.593	0.303	0.196	1.000	-179487.926
294	8	10000	9282	0.5121	0.297	0.295	0.298	0.299	0.298	0.304	0.292	0.327	0.305	0.306	0.303	0.285	0.298	0.288	1.984	0.621	0.306	0.205	1.683	-178539.925
295	8	10000	9310	0.5149	0.290	0.291	0.295	0.301	0.309	0.314	0.305	0.322	0.319	0.302	0.291	0.310	0.298	0.295	2.036	0.604	0.321	0.203	1.000	-179427.086
296	8	10000	9252	0.5141	0.305	0.296	0.302	0.303	0.301	0.301	0.303	0.297	0.304	0.298	0.300	0.310	0.314	0.290	2.033	0.604	0.306	0.199	1.058	-178918.462
297	8	10000	9257	0.5200	0.283	0.291	0.302	0.292	0.314	0.302	0.296	0.306	0.314	0.303	0.296	0.299	0.307	0.302	1.996	0.594	0.302	0.193	1.000	-178679.395
298	8	10000	9264	0.5117	0.306	0.314	0.302	0.299	0.309	0.296	0.303	0.295	0.287	0.315	0.312	0.310	0.292	0.298	1.996	0.583	0.301	0.197	1.000	-179166.158
299	8	10000	9284	0.5152	0.327	0.296	0.295	0.310	0.288	0.304	0.291	0.287	0.313	0.297	0.294	0.306	0.299	0.306	1.999	0.596	0.296	0.200	1.000	-179085.003
300	8	10000	9236	0.5148	0.313	0.299	0.316	0.300	0.305	0.301	0.297	0.287	0.315	0.301	0.295	0.289	0.293	0.292	2.019	0.592	0.298	0.192	1.000	-178206.567
301	8	10000	9237	0.5145	0.283	0.315	0.310	0.294	0.291	0.293	0.296	0.312	0.307	0.303	0.298	0.299	0.297	0.293	2.008	0.620	0.310	0.203	1.000	-178574.532
302	8	10000	9246	0.5151	0.315	0.292	0.302	0.300	0.297	0.296	0.311	0.307	0.303	0.298	0.301	0.290	0.301	0.311	2.000	0.632	0.320	0.201	1.175	-178883.264
303	8	10000	9248	0.5117	0.312	0.308	0.300	0.296	0.293	0.302	0.308	0.288	0.295	0.299	0.302	0.299	0.296	0.299	1.983	0.648	0.306	0.202	1.566	-178099.076
304	8	10000	9270	0.5181	0.288	0.289	0.305	0.296	0.302	0.293	0.305	0.325	0.306	0.313	0.289	0.283	0.306	0.301	1.996	0.586	0.297	0.195	1.000	-178443.102
305	8	10000	9289	0.5105	0.282	0.298	0.307	0.299	0.289	0.302	0.303	0.317	0.292	0.309	0.288	0.303	0.313	0.302	2.037	0.627	0.300	0.210	1.795	-179103.274
306	8	10000	9293	0.5151	0.311	0.288	0.317	0.286	0.306	0.301	0.306	0.267	0.313	0.292	0.305	0.296	0.295	0.311	2.013	0.599	0.287	0.196	1.149	-178327.821
307	8	10000	9217	0.5155	0.330	0.288	0.290	0.289	0.303	0.287	0.292	0.284	0.287	0.292	0.302	0.294	0.289	0.303	1.997	0.631	0.306	0.199	1.550	-177018.033
308	8	10000	9296	0.5137	0.330	0.311	0.307	0.303	0.305	0.295	0.300	0.268	0.301	0.298	0.287	0.298	0.302	0.298	1.971	0.600	0.301	0.203	1.000	-178991.736
309	8	10000	9277	0.5130	0.338	0.296	0.298	0.303	0.308	0.292	0.303	0.249	0.310	0.301	0.288	0.299	0.293	0.298	2.016	0.609	0.299	0.203	1.000	-178062.761
310	8	10000	9274	0.5141	0.308	0.272	0.307	0.301	0.311	0.303	0.290	0.286	0.294	0.298	0.312	0.302	0.291	0.316	2.028	0.597	0.302	0.200	1.119	-178568.433
311	8	10000	9252	0.5131	0.286	0.299	0.293	0.305	0.285	0.293	0.304	0.317	0.298	0.297	0.300	0.291	0.322	0.302	2.022	0.632	0.305	0.199	1.000	-178070.825
312	8	10000	9315	0.5183	0.323	0.296	0.297	0.306	0.307	0.294	0.295	0.297	0.298	0.286	0.309	0.290	0.309	0.292	1.999	0.608	0.310	0.205	1.000	-179112.233
313	8	10000	9276	0.5118	0.322	0.297	0.295	0.317	0.309	0.303	0.292	0.274	0.317	0.305	0.307	0.280	0.291	0.296	2.046	0.618	0.300	0.205	1.000	-178388.343
314	8	10000	9238	0.5122	0.283	0.280	0.303	0.300	0.310	0.306	0.301	0.310	0.288	0.298	0.298	0.303	0.296	0.306	1.989	0.645	0.315	0.202	1.000	-178181.842
315	8	10000	9256	0.5138	0.274	0.291	0.299	0.291	0.313	0.307	0.291	0.306	0.288	0.291	0.307	0.313	0.299	0.299	2.010	0.605	0.295	0.197	1.000	-177630.552
316	8	10000	9257	0.5126	0.300	0.307	0.310	0.298	0.303	0.309	0.311	0.314	0.293	0.309	0.300	0.306	0.310	0.304	1.985	0.597	0.304	0.196	1.165	-179880.660
317	8	10000	9265	0.5127	0.289	0.306	0.300	0.293	0.314	0.302	0.283	0.322	0.306	0.296	0.294	0.327	0.305	0.294	1.996	0.652	0.315	0.201	2.256	-178684.202
318	8	10000	9262	0.5129	0.288	0.307	0.294	0.303	0.294	0.289	0.298	0.295	0.301	0.299	0.298	0.297	0.303	0.297	2.015	0.588	0.307	0.201	1.000	-178363.119
319	8	10000	9251	0.5162	0.305	0.302	0.298	0.294	0.306	0.307	0.298	0.289	0.307	0.290	0.305	0.294	0.303	0.293	2.005	0.603	0.302	0.199	1.309	-178549.514
320	8	10000	9269	0.5193	0.309	0.296	0.301	0.299	0.309	0.308	0.293	0.306	0.293	0.308	0.306	0.302	0.300	0.304	2.002	0.635	0.312	0.199	1.386	-178974.004
321	8	10000	9285	0.5151	0.268	0.289	0.291	0.303	0.303	0.304	0.292	0.334	0.303	0.302	0.307	0.297	0.295	0.293	2.013	0.601	0.296	0.208	1.239	-178524.117
322	8	10000	9254	0.5137	0.294	0.303	0.308	0.292	0.303	0.296	0.297	0.294	0.299	0.298	0.290	0.299	0.319	0.293	2.007	0.593	0.313	0.188	1.000	-178133.203
323	8	10000	9295	0.5126	0.305	0.301	0.308	0.294	0.294	0.288	0.305	0.308	0.315	0.300	0.300	0.295	0.302	0.310	2.017	0.600	0.305	0.199	1.000	-178861.585
324	8	10000	9278	0.5137	0.302	0.287	0.311	0.295	0.299	0.308	0.302	0.312	0.301	0.313	0.310	0.295	0.300	0.308	2.025	0.588	0.293	0.201	1.102	-179385.009
325	8	10000	9290	0.5131	0.290	0.312	0.305	0.296	0.293	0.297	0.300	0.310	0.320	0.313	0.298	0.293	0.303	0.287	2.039	0.595	0.300	0.197	1.000	-178733.116
326	8	10000	9257	0.5155	0.260	0.303	0.293	0.299	0.284	0.299	0.307	0.337	0.294	0.303	0.308	0.287	0.304	0.299	1.989	0.608	0.312	0.197	1.030	-178349.136
327	8	10000	9270	0.5106	0.278	0.297	0.299	0.301	0.300	0.288	0.293	0.325	0.302	0.295	0.298	0.290	0.302	0.297	2.015	0.606	0.294	0.200	1.000	-177662.961
328	8	10000	9308	0.5149	0.273	0.300	0.317	0.282	0.301	0.297	0.298	0.320	0.298	0.297	0.298	0.299	0.300	0.300	1.972	0.619	0.296	0.204	1.345	-178449.553
329	8	10000	9253	0.5153	0.294	0.299	0.296	0.289	0.289	0.294	0.317	0.308	0.309	0.301	0.307	0.282	0.290	0.298	2.012	0.612	0.295	0.203	1.000	-178142.500
330	8	10000	9262	0.5169	0.303	0.295	0.288	0.311	0.301	0.308	0.285	0.293	0.310	0.298	0.284	0.307	0.297	0.307	2.000	0.640	0.308	0.203	1.520	-178281.513
331	8	10000	9285	0.5145	0.332	0.303	0.304	0.289	0.295	0.297	0.297	0.281	0.313	0.306	0.286	0.286	0.314	0.290	2.003	0.625	0.292	0.203	1.109	-178197.285
332	8	10000	9222	0.5128	0.293	0.303	0.294	0.286	0.280	0.294	0.297	0.317	0.305	0.299	0.289	0.285	0.298	0.297	1.993	0.611	0.298	0.201	1.000	-177152.784
333	8	10000	9314	0.5146	0.313	0.299	0.308	0.301	0.288	0.301	0.295	0.300	0.298	0.298	0.295	0.287	0.298	0.312	2.007	0.597	0.288	0.200	1.136	-178669.707
334	8	10000	9244	0.5126	0.287	0.297	0.301	0.297	0.281	0.297	0.308	0.326	0.281	0.296	0.316	0.299	0.292	0.296	2.012	0.588	0.301	0.196	1.000	-178024.913
335	8	10000	9270	0.5175	0.283	0.284	0.292	0.300	0.293	0.307	0.303	0.313	0.297	0.298	0.293	0.300	0.301	0.299	2.012	0.605	0.289	0.202	1.000	-177996.794
336	8	10000	9247	0.5107	0.298	0.272	0.289	0.306	0.296	0.293	0.304	0.288	0.306	0.307	0.302	0.312	0.303	0.293	2.007	0.571	0.283	0.197	1.000	-178111.000
337	8	10000	9302	0.5160	0.322	0.297	0.287	0.309	0.302	0.296	0.299	0.273	0.309	0.295	0.300	0.305	0.295	0.295	1.994	0.598	0.311	0.202	1.236	-178655.980
338	8	10000	9304	0.5100	0.303	0.309	0.296	0.281	0.293	0.298	0.302	0.309	0.305	0.290	0.314	0.293	0.282	0.300	2.014	0.625	0.289	0.204	1.051	-177900.805
339	8	10000	9257	0.5104	0.306	0.289	0.303	0.296	0.300	0.287	0.309	0.290	0.298	0.290	0.304	0.312	0.300	0.309	1.963	0.583	0.286	0.200	1.000	-178709.186
340	8	10000	9258	0.5134	0.310	0.314	0.306	0.289	0.307	0.290	0.294	0.316	0.310	0.307	0.299	0.286	0.298	0.317	1.969	0.598	0.307	0.199	1.000	-179115.223
341	8	10000	9247	0.5120	0.299	0.299	0.303	0.293	0.299	0.299	0.299	0.303	0.309	0.295	0.301	0.298	0.291	0.296	2.000	0.598	0.304	0.197	1.000	-177999.920
342	8	10000	9218	0.5114	0.312	0.306	0.310	0.302	0.291	0.311	0.285	0.279	0.299	0.288	0.298	0.294	0.298	0.308	1.997	0.631	0.287	0.208	1.093	-177950.753
343	8	10000	9246	0.5129	0.288	0.296	0.296	0.305	0.311	0.305	0.278	0.328	0.307	0.307	0.298	0.293	0.311	0.290	2.024	0.596	0.312	0.193	1.244	-178428.469
344	8	10000	9259	0.5083	0.305	0.296	0.286	0.310	0.288	0.283	0.296	0.294	0.286	0.288	0.292	0.303	0.291	0.299	2.008	0.655	0.307	0.204	2.070	-176670.195
345	8	10000	9284	0.5119	0.296	0.312	0.297	0.302	0.322	0.299	0.288	0.325	0.293	0.309	0.294	0.305	0.314	0.289	1.988	0.581	0.296	0.196	1.143	-179208.140
346	8	10000	9313	0.5178	0.345	0.304	0.306	0.302	0.315	0.306	0.302	0.266	0.297	0.291	0.296	0.309	0.302	0.298	2.009	0.614	0.317	0.198	1.030	-179116.838
347	8	10000	9279	0.5155	0.334	0.307	0.303	0.302	0.302	0.300	0.298	0.272	0.312	0.305	0.298	0.298	0.298	0.304	2.031	0.619	0.304	0.202	1.000	-179015.084
348	8	10000	9319	0.5143	0.279	0.281	0.302	0.303	0.301	0.289	0.313	0.326	0.307	0.301	0.298	0.308	0.309	0.290	2.024	0.587	0.295	0.200	1.000	-178881.384
349	8	10000	9307	0.5137	0.344	0.290	0.292	0.302	0.300	0.294	0.297	0.289	0.303	0.298	0.313	0.293	0.302	0.291	1.986	0.677	0.320	0.203	14.696	-177762.119
350	8	10000	9309	0.5103	0.265	0.308	0.309	0.298	0.298	0.297	0.297	0.338	0.289	0.309	0.298	0.296	0.299	0.304	2.048	0.609	0.298	0.196	1.000	-178177.326
351	8	10000	9297	0.5163	0.315	0.282	0.304	0.304	0.310	0.304	0.300	0.286	0.311	0.306	0.299	0.290	0.296	0.302	1.999	0.601	0.297	0.203	1.053	-179015.117
352	8	10000	9240	0.5119	0.270	0.302	0.319	0.288	0.305	0.298	0.291	0.350	0.311	0.292	0.295	0.291	0.291	0.292	2.016	0.618	0.310	0.204	1.000	-178306.739
353	8	10000	9271	0.5115	0.267	0.318	0.295	0.296	0.303	0.299	0.301	0.336	0.295	0.291	0.303	0.298	0.316	0.293	2.005	0.604	0.285	0.201	1.000	-178505.189
354	8	10000	9254	0.5136	0.271	0.280	0.295	0.303	0.310	0.299	0.296	0.324	0.292	0.308	0.295	0.291	0.300	0.294	2.032	0.604	0.294	0.199	1.000	-177554.141
355	8	10000	9265	0.5128	0.348	0.295	0.293	0.291	0.313	0.305	0.295	0.279	0.306	0.306	0.314	0.298	0.281	0.298	1.983	0.641	0.336	0.205	2.512	-179045.608
356	8	10000	9233	0.5120	0.279	0.308	0.294	0.298	0.297	0.299	0.292	0.330	0.298	0.306	0.307	0.284	0.294	0.297	1.995	0.596	0.307	0.200	1.000	-178407.601
357	8	10000	9266	0.5129	0.307	0.299	0.291	0.296	0.316	0.296	0.300	0.301	0.305	0.299	0.305	0.289	0.305	0.299	1.990	0.641	0.315	0.201	1.901	-178275.716
358	8	10000	9300	0.5129	0.300	0.304	0.305	0.300	0.308	0.302	0.299	0.295	0.307	0.310	0.298	0.289	0.298	0.307	1.980	0.589	0.307	0.200	1.000	-179353.591
359	8	10000	9253	0.5145	0.278	0.300	0.303	0.292	0.313	0.307	0.308	0.313	0.283	0.293	0.299	0.302	0.300	0.302	2.025	0.584	0.286	0.196	1.000	-178384.464
360	8	10000	9290	0.5171	0.326	0.295	0.301	0.303	0.292	0.305	0.296	0.272	0.298	0.284	0.308	0.309	0.301	0.296	1.995	0.618	0.304	0.198	1.000	-178323.441
361	8	10000	9227	0.5114	0.280	0.297	0.288	0.302	0.304	0.309	0.313	0.314	0.308	0.302	0.298	0.295	0.298	0.293	2.021	0.597	0.298	0.187	1.000	-177833.059
362	8	10000	9252	0.5132	0.288	0.277	0.303	0.288	0.299	0.297	0.304	0.321	0.287	0.294	0.303	0.300	0.277	0.294	1.999	0.645	0.319	0.197	2.204	-176947.712
363	8	10000	9297	0.5133	0.328	0.309	0.307	0.297	0.296	0.302	0.311	0.273	0.311	0.293	0.305	0.283	0.301	0.302	2.001	0.607	0.315	0.200	1.000	-179400.376
364	8	10000	9282	0.5164	0.291	0.297	0.302	0.313	0.295	0.298	0.293	0.292	0.298	0.298	0.311	0.292	0.300	0.312	1.965	0.603	0.285	0.203	1.000	-178591.776
365	8	10000	9302	0.5135	0.319	0.305	0.294	0.293	0.296	0.298	0.305	0.288	0.295	0.296	0.303	0.288	0.293	0.296	1.958	0.593	0.306	0.203	1.178	-178569.057
366	8	10000	9294	0.5131	0.326	0.294	0.299	0.306	0.315	0.298	0.296	0.289	0.312	0.299	0.297	0.295	0.308	0.310	1.980	0.628	0.309	0.204	1.000	-179187.864
367	8	10000	9298	0.5123	0.319	0.298	0.310	0.301	0.296	0.302	0.295	0.301	0.311	0.298	0.295	0.286	0.306	0.303	1.974	0.615	0.298	0.203	1.139	-178854.825
368	8	10000	9280	0.5138	0.579	0.311	0.306	0.302	0.293	0.304	0.300	0.005	0.302	0.297	0.306	0.309	0.287	0.310	2.010	0.616	0.293	0.197	1.000	-178387.735
369	8	10000	9235	0.5121	0.298	0.296	0.301	0.303	0.312	0.304	0.294	0.312	0.303	0.306	0.300	0.298	0.298	0.306	1.979	0.597	0.302	0.197	1.000	-179258.747
370	8	10000	9291	0.5101	0.252	0.305	0.294	0.291	0.292	0.304	0.294	0.338	0.305	0.300	0.293	0.304	0.298	0.287	2.050	0.595	0.295	0.201	1.116	-177896.132
371	8	10000	9247	0.5116	0.295	0.283	0.300	0.299	0.315	0.291	0.299	0.296	0.295	0.300	0.297	0.300	0.303	0.299	2.002	0.608	0.299	0.198	1.000	-178198.064
372	8	10000	9249	0.5118	0.273	0.314	0.301	0.301	0.285	0.299	0.302	0.319	0.300	0.305	0.292	0.300	0.301	0.298	1.996	0.631	0.304	0.204	1.000	-178182.102
373	8	10000	9266	0.5129	0.280	0.303	0.300	0.308	0.285	0.296	0.296	0.323	0.309	0.295	0.294	0.289	0.296	0.303	2.031	0.619	0.310	0.202	1.115	-178262.258
374	8	10000	9270	0.5134	0.287	0.325	0.304	0.303	0.289	0.305	0.309	0.312	0.296	0.311	0.297	0.324	0.308	0.298	2.003	0.576	0.294	0.195	1.000	-179711.167
375	8	10000	9314	0.5143	0.599	0.283	0.306	0.302	0.298	0.314	0.287	0.001	0.307	0.285	0.304	0.297	0.308	0.303	1.983	0.622	0.298	0.209	1.000	-178723.657
376	8	10000	9297	0.5136	0.500	0.288	0.297	0.307	0.283	0.301	0.299	0.125	0.297	0.305	0.307	0.295	0.307	0.303	2.007	0.616	0.296	0.202	1.000	-178584.714
377	8	10000	9225	0.5121	0.301	0.294	0.288	0.285	0.297	0.311	0.295	0.287	0.292	0.296	0.302	0.293	0.296	0.299	2.004	0.600	0.304	0.204	1.038	-178079.326
378	8	10000	9252	0.5163	0.299	0.308	0.294	0.303	0.307	0.313	0.313	0.304	0.314	0.299	0.303	0.303	0.292	0.299	1.992	0.575	0.305	0.193	1.000	-179628.560
379	8	10000	9251	0.5107	0.289	0.292	0.303	0.293	0.306	0.296	0.300	0.324	0.304	0.299	0.287	0.300	0.298	0.302	2.030	0.598	0.302	0.200	1.000	-178291.315
380	8	10000	9264	0.5171	0.318	0.292	0.297	0.297	0.301	0.294	0.301	0.285	0.313	0.298	0.298	0.299	0.302	0.300	2.021	0.618	0.296	0.200	1.000	-178198.423
381	8	10000	9265	0.5132	0.305	0.287	0.289	0.306	0.304	0.300	0.291	0.303	0.296	0.303	0.290	0.297	0.286	0.291	1.963	0.594	0.301	0.197	1.000	-177545.472
382	8	10000	9267	0.5120	0.283	0.295	0.307	0.291	0.295	0.291	0.303	0.314	0.304	0.297	0.312	0.316	0.306	0.303	2.008	0.600	0.314	0.197	1.401	-179081.446
383	8	10000	9261	0.5108	0.319	0.290	0.299	0.297	0.299	0.296	0.301	0.276	0.310	0.304	0.296	0.295	0.300	0.294	2.039	0.608	0.303	0.205	1.000	-178210.865
384	8	10000	9227	0.5149	0.326	0.297	0.298	0.300	0.304	0.303	0.296	0.269	0.299	0.302	0.311	0.318	0.300	0.298	2.039	0.595	0.311	0.195	1.130	-178728.217
385	8	10000	9230	0.5128	0.307	0.286	0.297	0.304	0.320	0.311	0.294	0.309	0.284	0.300	0.304	0.308	0.294	0.289	2.007	0.614	0.301	0.199	1.180	-178342.115
386	8	10000	9259	0.5137	0.340	0.316	0.290	0.295	0.297	0.296	0.288	0.261	0.302	0.287	0.292	0.285	0.308	0.306	2.007	0.610	0.301	0.203	1.000	-177965.105
387	8	10000	9241	0.5068	0.257	0.288	0.302	0.300	0.296	0.294	0.294	0.326	0.306	0.301	0.298	0.295	0.301	0.307	2.008	0.577	0.284	0.200	1.000	-177904.473
388	8	10000	9298	0.5128	0.324	0.290	0.308	0.296	0.308	0.304	0.302	0.282	0.297	0.303	0.305	0.293	0.309	0.308	2.019	0.613	0.300	0.199	1.232	-179150.669
389	8	10000	9256	0.5145	0.324	0.297	0.300	0.298	0.308	0.301	0.289	0.282	0.293	0.305	0.297	0.292	0.292	0.293	1.990	0.628	0.313	0.203	1.000	-177990.241
390	8	10000	9274	0.5154	0.294	0.282	0.283	0.303	0.296	0.304	0.285	0.313	0.295	0.293	0.308	0.292	0.306	0.319	1.996	0.613	0.326	0.199	1.043	-178365.108
391	8	10000	9283	0.5121	0.294	0.309	0.305	0.297	0.315	0.299	0.305	0.294	0.308	0.299	0.302	0.308	0.302	0.289	1.985	0.590	0.294	0.205	1.000	-179184.284
392	8	10000	9295	0.5145	0.291	0.291	0.309	0.292	0.309	0.301	0.289	0.334	0.294	0.307	0.306	0.308	0.290	0.302	2.012	0.627	0.305	0.203	1.237	-178780.401
393	8	10000	9286	0.5109	0.323	0.301	0.304	0.297	0.288	0.290	0.301	0.282	0.287	0.300	0.291	0.298	0.298	0.304	1.987	0.603	0.280	0.202	1.000	-177814.217
394	8	10000	9205	0.5081	0.305	0.307	0.291	0.291	0.298	0.299	0.307	0.292	0.304	0.284	0.296	0.299	0.301	0.301	2.052	0.652	0.315	0.195	3.001	-176908.287
395	8	10000	9288	0.5139	0.303	0.297	0.304	0.305	0.295	0.295	0.302	0.294	0.283	0.318	0.291	0.315	0.302	0.306	2.004	0.624	0.314	0.202	1.000	-178807.667
396	8	10000	9278	0.5147	0.305	0.311	0.296	0.295	0.300	0.302	0.301	0.301	0.287	0.294	0.304	0.301	0.292	0.305	1.966	0.618	0.303	0.202	1.154	-178505.841
397	8	10000	9202	0.5100	0.307	0.307	0.298	0.299	0.300	0.288	0.301	0.290	0.304	0.290	0.287	0.300	0.297	0.301	1.962	0.600	0.305	0.198	1.000	-177872.762
398	8	10000	9237	0.5145	0.324	0.312	0.298	0.295	0.291	0.316	0.288	0.296	0.300	0.306	0.292	0.296	0.298	0.301	1.957	0.611	0.312	0.202	1.000	-178974.358
399	8	10000	9285	0.5137	0.293	0.312	0.312	0.289	0.290	0.300	0.294	0.302	0.291	0.303	0.297	0.313	0.294	0.293	2.000	0.638	0.299	0.205	1.000	-178207.536
400	8	10000	9237	0.5113	0.311	0.296	0.288	0.295	0.296	0.303	0.293	0.296	0.298	0.290	0.301	0.290	0.296	0.318	1.962	0.642	0.315	0.200	1.748	-177791.168
401	8	10000	9286	0.5129	0.365	0.299	0.302	0.303	0.300	0.303	0.299	0.243	0.292	0.303	0.303	0.302	0.302	0.309	1.979	0.608	0.293	0.200	1.000	-179004.493
402	8	10000	9284	0.5136	0.330	0.284	0.294	0.299	0.295	0.290	0.303	0.272	0.301	0.293	0.300	0.305	0.301	0.308	2.005	0.617	0.299	0.201	1.141	-177981.306
403	8	10000	9260	0.5112	0.294	0.303	0.306	0.286	0.291	0.300	0.294	0.320	0.311	0.291	0.318	0.280	0.306	0.291	2.017	0.613	0.308	0.200	1.167	-178247.015
404	8	10000	9248	0.5155	0.569	0.293	0.303	0.294	0.300	0.294	0.300	0.000	0.316	0.300	0.292	0.291	0.306	0.293	1.953	0.599	0.297	0.200	1.000	-178168.024
405	8	10000	9281	0.5112	0.301	0.300	0.304	0.310	0.296	0.304	0.310	0.317	0.310	0.305	0.303	0.297	0.295	0.304	1.985	0.616	0.310	0.203	1.000	-179497.584
406	8	10000	9282	0.5158	0.281	0.301	0.302	0.305	0.305	0.301	0.291	0.287	0.302	0.289	0.311	0.299	0.309	0.298	2.022	0.586	0.288	0.199	1.069	-178212.071
407	8	10000	9305	0.5174	0.183	0.293	0.299	0.298	0.315	0.298	0.307	0.421	0.312	0.294	0.304	0.306	0.298	0.291	2.030	0.610	0.294	0.202	1.000	-178653.655
408	8	10000	9223	0.5121	0.181	0.296	0.298	0.306	0.314	0.292	0.287	0.400	0.315	0.295	0.289	0.297	0.303	0.304	2.004	0.620	0.296	0.200	1.000	-177717.663
409	8	10000	9281	0.5160	0.322	0.288	0.298	0.307	0.308	0.299	0.294	0.268	0.288	0.295	0.300	0.288	0.304	0.288	2.026	0.587	0.273	0.199	1.052	-177721.539
410	8	10000	9263	0.5129	0.308	0.295	0.306	0.301	0.290	0.315	0.306	0.305	0.299	0.310	0.295	0.300	0.296	0.301	1.995	0.630	0.314	0.203	1.545	-179221.613
411	8	10000	9284	0.5130	0.297	0.306	0.298	0.303	0.302	0.308	0.294	0.312	0.311	0.302	0.302	0.298	0.309	0.299	2.001	0.610	0.316	0.202	1.751	-179453.998
412	8	10000	9250	0.5171	0.304	0.309	0.291	0.305	0.289	0.302	0.301	0.315	0.293	0.298	0.293	0.305	0.305	0.304	1.975	0.606	0.310	0.200	1.029	-178972.874
413	8	10000	9301	0.5140	0.311	0.283	0.308	0.285	0.294	0.307	0.312	0.288	0.303	0.298	0.301	0.303	0.295	0.311	2.033	0.599	0.297	0.197	1.000	-178452.898
414	8	10000	9297	0.5145	0.291	0.317	0.309	0.285	0.287	0.297	0.303	0.333	0.306	0.306	0.293	0.305	0.290	0.300	1.996	0.626	0.317	0.202	1.449	-178757.152
415	8	10000	9330	0.5166	0.314	0.300	0.308	0.308	0.316	0.304	0.312	0.284	0.287	0.289	0.305	0.302	0.299	0.305	2.005	0.609	0.305	0.202	1.234	-179599.260
416	8	10000	9247	0.5166	0.262	0.287	0.297	0.306	0.302	0.301	0.318	0.325	0.288	0.301	0.301	0.306	0.292	0.302	2.031	0.624	0.302	0.197	1.599	-178248.076
417	8	10000	9281	0.5122	0.316	0.307	0.299	0.311	0.304	0.296	0.294	0.284	0.297	0.292	0.302	0.286	0.302	0.313	1.996	0.609	0.327	0.200	1.810	-179207.405
418	8	10000	9273	0.5153	0.297	0.308	0.302	0.304	0.299	0.302	0.310	0.298	0.295	0.287	0.305	0.305	0.304	0.308	2.020	0.601	0.307	0.197	1.242	-179029.545
419	8	10000	9266	0.5145	0.303	0.303	0.304	0.307	0.287	0.303	0.304	0.288	0.285	0.304	0.310	0.295	0.306	0.308	2.027	0.611	0.307	0.203	1.125	-179071.012
420	8	10000	9253	0.5125	0.332	0.293	0.313	0.307	0.314	0.289	0.303	0.278	0.302	0.291	0.305	0.286	0.284	0.312	1.985	0.597	0.303	0.198	1.000	-178932.224
421	8	10000	9262	0.5132	0.295	0.296	0.295	0.309	0.303	0.301	0.298	0.331	0.281	0.312	0.310	0.301	0.309	0.297	2.004	0.597	0.317	0.194	1.000	-179378.184
422	8	10000	9227	0.5170	0.313	0.294	0.303	0.311	0.314	0.294	0.297	0.293	0.314	0.301	0.288	0.297	0.298	0.298	2.067	0.627	0.323	0.200	1.707	-178350.749
423	8	10000	9301	0.5142	0.279	0.309	0.298	0.309	0.291	0.304	0.290	0.326	0.309	0.299	0.316	0.318	0.305	0.291	1.968	0.627	0.306	0.201	1.184	-179319.506
424	8	10000	9325	0.5162	0.303	0.303	0.301	0.311	0.313	0.305	0.304	0.289	0.285	0.293	0.309	0.298	0.305	0.299	1.988	0.578	0.302	0.202	1.000	-179563.293
425	8	10000	9245	0.5152	0.319	0.302	0.297	0.302	0.296	0.297	0.304	0.279	0.289	0.292	0.297	0.295	0.294	0.294	1.982	0.603	0.302	0.200	1.000	-177851.356
426	8	10000	9300	0.5133	0.302	0.301	0.303	0.309	0.309	0.295	0.311	0.323	0.288	0.296	0.300	0.310	0.303	0.316	2.002	0.636	0.317	0.206	1.586	-179950.728
427	8	10000	9253	0.5140	0.287	0.295	0.295	0.298	0.310	0.300	0.292	0.315	0.300	0.282	0.313	0.303	0.305	0.293	1.970	0.618	0.309	0.196	1.000	-178074.651
428	8	10000	9285	0.5089	0.287	0.311	0.303	0.292	0.297	0.294	0.293	0.286	0.298	0.316	0.303	0.296	0.299	0.292	1.966	0.605	0.298	0.203	1.000	-178306.134
429	8	10000	9342	0.5150	0.332	0.303	0.302	0.294	0.290	0.301	0.307	0.275	0.312	0.303	0.297	0.298	0.297	0.319	1.994	0.622	0.301	0.209	1.030	-179551.799
430	8	10000	9265	0.5124	0.311	0.289	0.299	0.291	0.291	0.295	0.308	0.284	0.312	0.300	0.303	0.288	0.300	0.307	1.968	0.598	0.301	0.197	1.207	-178510.513
431	8	10000	9281	0.5166	0.297	0.297	0.303	0.304	0.299	0.291	0.307	0.288	0.288	0.307	0.290	0.303	0.304	0.304	1.996	0.585	0.299	0.197	1.000	-178597.136
432	8	10000	9242	0.5077	0.314	0.309	0.297	0.300	0.289	0.305	0.296	0.295	0.309	0.295	0.294	0.297	0.299	0.307	1.981	0.613	0.300	0.202	1.000	-178564.332
433	8	10000	9273	0.5146	0.270	0.298	0.289	0.305	0.283	0.292	0.300	0.337	0.291	0.310	0.289	0.301	0.308	0.297	1.935	0.602	0.290	0.204	1.000	-178440.968
434	8	10000	9265	0.5160	0.298	0.282	0.294	0.294	0.307	0.313	0.307	0.317	0.300	0.311	0.317	0.284	0.298	0.291	1.983	0.586	0.291	0.198	1.000	-178984.182
435	8	10000	9283	0.5133	0.270	0.303	0.296	0.303	0.288	0.307	0.304	0.345	0.302	0.300	0.310	0.296	0.302	0.301	1.996	0.610	0.303	0.205	1.000	-179323.356
436	8	10000	9282	0.5139	0.302	0.290	0.309	0.300	0.294	0.314	0.308	0.302	0.298	0.299	0.298	0.303	0.294	0.309	1.980	0.634	0.315	0.204	1.405	-179141.939
437	8	10000	9237	0.5130	0.297	0.299	0.298	0.287	0.317	0.293	0.293	0.305	0.301	0.292	0.300	0.307	0.295	0.297	2.028	0.632	0.306	0.203	1.312	-177706.784
438	8	10000	9307	0.5098	0.293	0.310	0.297	0.309	0.308	0.292	0.288	0.298	0.293	0.301	0.302	0.298	0.292	0.306	1.989	0.632	0.312	0.207	1.483	-178785.063
439	8	10000	9239	0.5082	0.323	0.303	0.302	0.292	0.307	0.301	0.294	0.277	0.293	0.298	0.297	0.293	0.295	0.294	2.007	0.612	0.303	0.200	1.156	-177717.037
440	8	10000	9277	0.5087	0.283	0.281	0.305	0.303	0.317	0.294	0.302	0.321	0.302	0.297	0.295	0.305	0.300	0.303	1.980	0.590	0.291	0.200	1.000	-178464.633
441	8	10000	9243	0.5135	0.337	0.305	0.291	0.300	0.285	0.304	0.300	0.268	0.295	0.297	0.294	0.308	0.293	0.303	2.008	0.609	0.304	0.198	1.669	-177941.069
442	8	10000	9302	0.5137	0.296	0.307	0.287	0.311	0.296	0.290	0.301	0.313	0.296	0.301	0.312	0.300	0.305	0.308	2.019	0.637	0.318	0.200	1.454	-178791.566
443	8	10000	9250	0.5132	0.266	0.296	0.290	0.299	0.303	0.288	0.293	0.315	0.303	0.292	0.298	0.310	0.306	0.288	1.978	0.611	0.295	0.208	1.000	-177678.969
444	8	10000	9289	0.5157	0.295	0.297	0.297	0.296	0.308	0.309	0.298	0.312	0.292	0.307	0.300	0.298	0.304	0.300	2.000	0.644	0.302	0.206	1.482	-178881.107
445	8	10000	9280	0.5134	0.314	0.323	0.290	0.309	0.291	0.300	0.308	0.282	0.287	0.301	0.301	0.291	0.285	0.304	2.013	0.606	0.294	0.200	1.000	-178260.199
446	8	10000	9254	0.5120	0.271	0.302	0.307	0.295	0.302	0.299	0.295	0.332	0.284	0.300	0.299	0.294	0.291	0.307	2.008	0.591	0.303	0.193	1.000	-177834.355
447	8	10000	9263	0.5108	0.275	0.307	0.303	0.289	0.303	0.303	0.313	0.315	0.300	0.314	0.303	0.292	0.310	0.306	1.970	0.572	0.310	0.191	1.000	-179682.145
448	8	10000	9295	0.5111	0.300	0.308	0.307	0.299	0.300	0.313	0.306	0.316	0.302	0.297	0.311	0.295	0.306	0.302	1.997	0.608	0.305	0.197	1.000	-179533.336
449	8	10000	9255	0.5092	0.281	0.286	0.303	0.300	0.306	0.302	0.293	0.341	0.297	0.300	0.300	0.301	0.299	0.298	2.014	0.619	0.314	0.195	1.251	-178049.849
450	8	10000	9234	0.5144	0.301	0.317	0.292	0.294	0.309	0.300	0.292	0.287	0.296	0.305	0.306	0.299	0.292	0.308	2.036	0.578	0.295	0.192	1.000	-178173.503
451	8	10000	9207	0.5127	0.274	0.286	0.304	0.295	0.305	0.301	0.301	0.319	0.290	0.286	0.302	0.310	0.299	0.298	1.998	0.634	0.326	0.197	2.386	-178100.655
452	8	10000	9280	0.5133	0.280	0.305	0.303	0.304	0.285	0.295	0.305	0.311	0.294	0.314	0.272	0.301	0.305	0.292	2.009	0.614	0.312	0.201	1.381	-178152.592
453	8	10000	9296	0.5178	0.253	0.320	0.315	0.291	0.312	0.318	0.300	0.329	0.306	0.306	0.295	0.302	0.302	0.292	2.009	0.611	0.305	0.198	1.288	-179362.840
454	8	10000	9236	0.5151	0.145	0.299	0.294	0.307	0.303	0.291	0.302	0.449	0.299	0.306	0.299	0.314	0.291	0.305	1.973	0.604	0.308	0.195	1.000	-178610.492
455	8	10000	9320	0.5137	0.313	0.307	0.292	0.316	0.320	0.307	0.299	0.294	0.291	0.306	0.306	0.291	0.293	0.299	2.044	0.586	0.290	0.199	1.171	-179033.104
456	8	10000	9299	0.5104	0.342	0.305	0.303	0.293	0.315	0.302	0.296	0.272	0.295	0.301	0.306	0.313	0.312	0.298	1.970	0.589	0.301	0.199	1.000	-179506.182
457	8	10000	9288	0.5110	0.350	0.300	0.303	0.304	0.296	0.308	0.309	0.259	0.296	0.297	0.302	0.305	0.296	0.304	1.964	0.615	0.305	0.207	1.212	-179554.173
458	8	10000	9258	0.5124	0.303	0.311	0.287	0.303	0.295	0.291	0.311	0.311	0.301	0.296	0.292	0.298	0.297	0.305	2.006	0.609	0.298	0.198	1.000	-178044.112
459	8	10000	9272	0.5138	0.299	0.301	0.305	0.311	0.302	0.289	0.310	0.298	0.292	0.303	0.303	0.309	0.300	0.297	1.965	0.585	0.309	0.197	1.000	-179554.446
460	8	10000	9283	0.5159	0.287	0.302	0.298	0.280	0.295	0.292	0.313	0.282	0.296	0.294	0.293	0.297	0.302	0.302	2.023	0.605	0.286	0.204	1.000	-177488.123
461	8	10000	9300	0.5141	0.321	0.305	0.301	0.308	0.301	0.309	0.284	0.279	0.303	0.297	0.305	0.307	0.287	0.313	2.013	0.574	0.293	0.199	1.000	-179295.115
462	8	10000	9262	0.5158	0.311	0.288	0.297	0.301	0.318	0.306	0.292	0.284	0.322	0.298	0.301	0.292	0.301	0.308	1.985	0.574	0.308	0.193	1.000	-179176.035
463	8	10000	9248	0.5108	0.290	0.320	0.305	0.297	0.303	0.301	0.294	0.297	0.285	0.298	0.305	0.302	0.308	0.299	1.992	0.603	0.308	0.200	1.000	-178795.013
464	8	10000	9284	0.5087	0.342	0.283	0.316	0.287	0.301	0.296	0.298	0.252	0.310	0.297	0.303	0.302	0.297	0.312	2.016	0.618	0.306	0.198	1.000	-178245.017
465	8	10000	9277	0.5123	0.278	0.289	0.298	0.290	0.297	0.312	0.293	0.334	0.308	0.317	0.300	0.298	0.303	0.304	1.955	0.610	0.300	0.202	1.191	-179197.248
466	8	10000	9260	0.5112	0.270	0.300	0.290	0.292	0.289	0.302	0.289	0.330	0.314	0.301	0.297	0.306	0.312	0.308	1.990	0.597	0.313	0.196	1.181	-178584.331
467	8	10000	9270	0.5139	0.319	0.302	0.310	0.282	0.312	0.310	0.291	0.283	0.293	0.302	0.301	0.289	0.295	0.295	2.022	0.610	0.298	0.200	1.000	-178055.261
468	8	10000	9267	0.5111	0.286	0.298	0.296	0.296	0.289	0.304	0.304	0.328	0.308	0.294	0.307	0.288	0.299	0.304	2.010	0.587	0.290	0.197	1.008	-178452.718
469	8	10000	9297	0.5115	0.309	0.293	0.306	0.293	0.302	0.306	0.308	0.313	0.303	0.312	0.300	0.292	0.298	0.303	1.935	0.599	0.304	0.199	1.000	-179348.292
470	8	10000	9298	0.5136	0.298	0.293	0.305	0.300	0.298	0.306	0.300	0.297	0.294	0.300	0.307	0.294	0.302	0.298	2.039	0.624	0.292	0.209	1.000	-178438.182
471	8	10000	9280	0.5135	0.337	0.296	0.307	0.297	0.282	0.294	0.304	0.263	0.302	0.285	0.294	0.317	0.308	0.282	1.988	0.581	0.274	0.204	1.000	-177788.848
472	8	10000	9263	0.5143	0.314	0.313	0.299	0.304	0.277	0.293	0.299	0.306	0.301	0.291	0.304	0.323	0.293	0.294	1.984	0.622	0.322	0.196	1.446	-178583.676
473	8	10000	9297	0.5135	0.330	0.292	0.306	0.301	0.306	0.292	0.298	0.295	0.295	0.288	0.306	0.277	0.306	0.303	1.960	0.619	0.307	0.202	1.000	-178550.647
474	8	10000	9247	0.5103	0.302	0.299	0.297	0.302	0.317	0.298	0.302	0.288	0.294	0.298	0.299	0.297	0.295	0.292	2.009	0.603	0.290	0.200	1.237	-177980.838
475	8	10000	9282	0.5153	0.306	0.308	0.302	0.291	0.301	0.302	0.294	0.297	0.305	0.299	0.302	0.285	0.298	0.299	1.978	0.631	0.302	0.203	1.054	-178412.282
476	8	10000	9278	0.5118	0.344	0.301	0.297	0.303	0.309	0.298	0.297	0.271	0.308	0.291	0.314	0.303	0.297	0.305	2.035	0.611	0.320	0.199	1.181	-179213.138
477	8	10000	9268	0.5135	0.278	0.305	0.286	0.311	0.292	0.293	0.315	0.312	0.301	0.304	0.301	0.299	0.303	0.306	1.995	0.600	0.305	0.199	1.000	-178818.573
478	8	10000	9262	0.5137	0.274	0.306	0.300	0.305	0.301	0.310	0.306	0.319	0.304	0.301	0.303	0.304	0.301	0.303	1.981	0.595	0.308	0.202	1.000	-179540.213
479	8	10000	9279	0.5097	0.297	0.310	0.300	0.302	0.312	0.297	0.306	0.295	0.312	0.297	0.307	0.299	0.305	0.297	2.000	0.619	0.294	0.201	1.254	-179099.095
480	8	10000	9287	0.5111	0.304	0.308	0.283	0.310	0.309	0.293	0.298	0.282	0.295	0.298	0.300	0.288	0.301	0.302	1.996	0.599	0.280	0.198	1.103	-177784.986
481	8	10000	9247	0.5153	0.306	0.308	0.294	0.295	0.284	0.293	0.283	0.286	0.286	0.285	0.302	0.297	0.300	0.304	2.031	0.650	0.291	0.204	1.475	-176522.114
482	8	10000	9301	0.5126	0.329	0.302	0.301	0.293	0.307	0.307	0.294	0.262	0.307	0.308	0.302	0.304	0.302	0.294	2.053	0.578	0.288	0.198	1.000	-178766.633
483	8	10000	9308	0.5131	0.289	0.280	0.296	0.301	0.303	0.297	0.296	0.314	0.284	0.306	0.302	0.308	0.291	0.295	1.994	0.588	0.301	0.199	1.000	-178086.209
484	8	10000	9267	0.5159	0.288	0.303	0.295	0.287	0.291	0.311	0.295	0.308	0.306	0.302	0.296	0.301	0.299	0.300	2.040	0.596	0.294	0.198	1.000	-178031.848
485	8	10000	9303	0.5111	0.269	0.283	0.296	0.295	0.295	0.304	0.302	0.344	0.297	0.305	0.294	0.313	0.306	0.289	1.993	0.612	0.290	0.208	1.000	-178616.503
486	8	10000	9269	0.5127	0.337	0.290	0.307	0.293	0.330	0.308	0.301	0.280	0.292	0.296	0.301	0.314	0.302	0.298	2.022	0.606	0.308	0.194	1.000	-179103.650
487	8	10000	9240	0.5169	0.303	0.279	0.298	0.290	0.313	0.293	0.284	0.309	0.298	0.300	0.299	0.299	0.306	0.304	1.994	0.607	0.295	0.196	1.103	-177690.106
488	8	10000	9295	0.5139	0.334	0.310	0.304	0.288	0.303	0.298	0.303	0.256	0.291	0.308	0.292	0.302	0.298	0.306	1.951	0.590	0.298	0.198	1.000	-178661.661
489	8	10000	9313	0.5127	0.313	0.296	0.285	0.300	0.292	0.304	0.302	0.297	0.291	0.295	0.302	0.299	0.297	0.301	1.989	0.641	0.303	0.211	1.000	-178309.878
490	8	10000	9277	0.5112	0.301	0.323	0.296	0.296	0.289	0.292	0.305	0.315	0.308	0.309	0.288	0.298	0.296	0.297	1.993	0.617	0.293	0.201	1.000	-178307.821
491	8	10000	9303	0.5109	0.333	0.306	0.301	0.300	0.294	0.295	0.301	0.276	0.302	0.303	0.296	0.302	0.287	0.308	2.002	0.631	0.304	0.201	1.322	-178422.171
492	8	10000	9223	0.5162	0.314	0.306	0.298	0.302	0.299	0.305	0.304	0.290	0.291	0.299	0.296	0.304	0.291	0.310	2.028	0.626	0.311	0.197	1.735	-178400.275
493	8	10000	9249	0.5105	0.327	0.307	0.299	0.297	0.282	0.302	0.296	0.268	0.308	0.305	0.297	0.297	0.302	0.295	1.972	0.621	0.300	0.201	1.000	-178316.892
494	8	10000	9326	0.5152	0.310	0.309	0.299	0.300	0.310	0.307	0.287	0.290	0.299	0.301	0.306	0.310	0.305	0.299	2.016	0.577	0.294	0.197	1.138	-179341.916
495	8	10000	9274	0.5169	0.277	0.319	0.290	0.299	0.294	0.289	0.291	0.315	0.302	0.315	0.297	0.309	0.300	0.310	1.993	0.568	0.289	0.193	1.000	-178688.317
496	8	10000	9237	0.5138	0.297	0.314	0.308	0.283	0.286	0.292	0.303	0.296	0.301	0.305	0.295	0.302	0.304	0.299	1.977	0.612	0.292	0.197	1.277	-178000.467
497	8	10000	9284	0.5145	0.269	0.296	0.297	0.300	0.298	0.299	0.311	0.350	0.301	0.302	0.309	0.310	0.294	0.314	2.006	0.613	0.305	0.199	1.623	-179326.678
498	8	10000	9285	0.5079	0.291	0.286	0.301	0.318	0.315	0.310	0.308	0.304	0.297	0.305	0.297	0.290	0.299	0.300	1.984	0.588	0.307	0.202	1.000	-179431.594
499	8	10000	9266	0.5131	0.302	0.313	0.304	0.294	0.288	0.303	0.298	0.311	0.286	0.297	0.296	0.300	0.301	0.305	1.966	0.629	0.306	0.202	1.518	-178370.988
500	8	10000	9292	0.5114	0.294	0.303	0.303	0.292	0.315	0.294	0.299	0.305	0.308	0.298	0.302	0.289	0.313	0.295	2.046	0.560	0.282	0.203	1.000	-178715.521
501	8	10000	9270	0.5151	0.256	0.301	0.302	0.294	0.299	0.298	0.287	0.346	0.300	0.307	0.299	0.290	0.286	0.316	1.994	0.605	0.310	0.197	1.246	-178160.869
502	8	10000	9271	0.5124	0.302	0.307	0.296	0.302	0.294	0.307	0.304	0.278	0.301	0.292	0.293	0.295	0.293	0.283	1.972	0.605	0.312	0.202	1.062	-178030.947
503	8	10000	9255	0.5159	0.329	0.295	0.304	0.297	0.307	0.295	0.292	0.284	0.305	0.298	0.293	0.290	0.304	0.288	2.036	0.630	0.315	0.205	1.516	-178060.379
504	8	10000	9326	0.5111	0.255	0.298	0.312	0.299	0.309	0.303	0.312	0.340	0.315	0.293	0.311	0.317	0.283	0.306	2.002	0.617	0.321	0.201	1.488	-179744.441
505	8	10000	9288	0.5159	0.324	0.306	0.299	0.304	0.318	0.297	0.305	0.296	0.290	0.286	0.312	0.304	0.291	0.311	2.034	0.612	0.320	0.203	1.584	-179420.973
506	8	10000	9265	0.5124	0.299	0.294	0.307	0.297	0.291	0.285	0.301	0.323	0.297	0.285	0.306	0.297	0.296	0.285	1.967	0.630	0.296	0.204	1.000	-177764.568
507	8	10000	9263	0.5132	0.267	0.305	0.298	0.291	0.298	0.287	0.301	0.338	0.296	0.299	0.298	0.288	0.310	0.303	2.053	0.602	0.304	0.198	1.000	-178048.344
508	8	10000	9326	0.5143	0.262	0.299	0.297	0.299	0.322	0.292	0.307	0.338	0.306	0.301	0.303	0.301	0.303	0.304	1.989	0.584	0.290	0.202	1.000	-179403.334
509	8	10000	9256	0.5161	0.324	0.298	0.283	0.315	0.292	0.294	0.282	0.255	0.295	0.300	0.291	0.323	0.284	0.311	1.987	0.601	0.305	0.203	1.000	-178033.337
510	8	10000	9301	0.5141	0.317	0.301	0.293	0.304	0.319	0.312	0.292	0.270	0.318	0.296	0.313	0.300	0.315	0.307	1.999	0.622	0.316	0.199	1.000	-179780.164
511	8	10000	9317	0.5150	0.310	0.288	0.301	0.321	0.307	0.296	0.305	0.280	0.309	0.304	0.294	0.307	0.297	0.303	2.006	0.575	0.285	0.200	1.000	-179206.841
512	8	10000	9343	0.5150	0.292	0.308	0.288	0.312	0.294	0.304	0.300	0.318	0.307	0.294	0.294	0.301	0.300	0.298	2.026	0.631	0.318	0.204	1.252	-178717.212
513	8	10000	9235	0.5137	0.275	0.304	0.293	0.287	0.300	0.301	0.296	0.299	0.300	0.291	0.291	0.322	0.282	0.297	1.987	0.610	0.289	0.201	1.040	-177109.071
514	8	10000	9307	0.5159	0.272	0.290	0.311	0.306	0.309	0.297	0.296	0.323	0.306	0.305	0.292	0.302	0.308	0.306	2.021	0.615	0.305	0.196	1.603	-178843.189
515	8	10000	9285	0.5167	0.282	0.294	0.309	0.306	0.297	0.310	0.306	0.349	0.309	0.299	0.308	0.288	0.301	0.300	2.029	0.608	0.302	0.196	1.178	-179277.290
516	8	10000	9271	0.5150	0.277	0.282	0.307	0.309	0.302	0.300	0.279	0.310	0.303	0.293	0.303	0.299	0.285	0.311	2.037	0.569	0.284	0.197	1.139	-178007.049
517	8	10000	9271	0.5128	0.319	0.296	0.303	0.293	0.301	0.299	0.293	0.288	0.302	0.304	0.288	0.291	0.302	0.297	1.980	0.593	0.293	0.200	1.000	-177850.700
518	8	10000	9255	0.5172	0.291	0.296	0.298	0.285	0.316	0.288	0.311	0.305	0.307	0.300	0.294	0.293	0.290	0.310	1.967	0.600	0.298	0.200	1.000	-178249.336
519	8	10000	9273	0.5139	0.285	0.308	0.306	0.303	0.295	0.309	0.298	0.311	0.306	0.298	0.291	0.301	0.301	0.294	1.993	0.610	0.324	0.200	1.066	-179130.439
520	8	10000	9253	0.5132	0.346	0.294	0.292	0.293	0.294	0.312	0.300	0.261	0.306	0.303	0.296	0.306	0.305	0.296	1.993	0.621	0.304	0.198	1.224	-178422.240
521	8	10000	9241	0.5123	0.334	0.298	0.300	0.298	0.297	0.295	0.294	0.286	0.291	0.312	0.297	0.315	0.301	0.305	1.954	0.612	0.311	0.196	1.000	-178613.078
522	8	10000	9273	0.5167	0.288	0.308	0.308	0.312	0.314	0.304	0.297	0.300	0.303	0.290	0.309	0.299	0.313	0.304	1.998	0.589	0.292	0.201	1.016	-179522.485
523	8	10000	9282	0.5138	0.593	0.294	0.295	0.302	0.303	0.297	0.302	0.005	0.293	0.290	0.306	0.300	0.284	0.303	1.999	0.637	0.290	0.203	1.279	-177820.983
524	8	10000	9317	0.5132	0.294	0.308	0.318	0.296	0.304	0.302	0.304	0.323	0.306	0.306	0.299	0.308	0.300	0.308	2.012	0.643	0.323	0.205	2.998	-180116.406
525	8	10000	9269	0.5131	0.306	0.322	0.298	0.306	0.297	0.302	0.304	0.300	0.298	0.307	0.294	0.300	0.294	0.299	1.993	0.588	0.300	0.201	1.000	-179148.514
526	8	10000	9297	0.5116	0.302	0.300	0.309	0.300	0.284	0.303	0.297	0.304	0.297	0.305	0.303	0.331	0.304	0.309	2.036	0.609	0.309	0.201	1.000	-179496.851
527	8	10000	9265	0.5131	0.278	0.315	0.299	0.307	0.276	0.300	0.310	0.338	0.315	0.297	0.290	0.295	0.296	0.309	2.001	0.628	0.311	0.199	1.527	-178802.087
528	8	10000	9290	0.5152	0.265	0.296	0.308	0.286	0.299	0.292	0.307	0.339	0.311	0.305	0.300	0.306	0.305	0.294	1.989	0.638	0.315	0.203	1.682	-178831.644
529	8	10000	9270	0.5144	0.301	0.295	0.299	0.311	0.300	0.285	0.297	0.294	0.301	0.301	0.309	0.307	0.301	0.308	1.992	0.613	0.303	0.201	1.226	-179114.810
530	8	10000	9272	0.5152	0.301	0.299	0.304	0.302	0.301	0.289	0.305	0.320	0.288	0.303	0.296	0.313	0.304	0.298	1.999	0.588	0.297	0.195	1.257	-178738.384
531	8	10000	9268	0.5130	0.282	0.304	0.303	0.297	0.303	0.300	0.298	0.312	0.298	0.306	0.289	0.301	0.303	0.296	2.015	0.597	0.309	0.198	1.015	-178526.877
532	8	10000	9275	0.5097	0.271	0.299	0.291	0.298	0.313	0.299	0.305	0.343	0.296	0.311	0.295	0.291	0.303	0.310	1.993	0.607	0.296	0.197	1.000	-178688.547
533	8	10000	9276	0.5123	0.266	0.306	0.305	0.300	0.286	0.304	0.294	0.318	0.310	0.286	0.302	0.290	0.298	0.305	2.007	0.585	0.299	0.199	1.000	-178217.695
534	8	10000	9284	0.5131	0.290	0.306	0.307	0.307	0.301	0.305	0.310	0.306	0.307	0.311	0.292	0.311	0.303	0.316	1.967	0.588	0.297	0.204	1.356	-180542.895
535	8	10000	9228	0.5145	0.307	0.287	0.298	0.303	0.305	0.303	0.307	0.299	0.307	0.285	0.309	0.298	0.297	0.301	2.007	0.624	0.305	0.198	1.334	-178200.735
536	8	10000	9262	0.5156	0.285	0.300	0.311	0.302	0.295	0.305	0.300	0.302	0.306	0.306	0.310	0.295	0.290	0.302	2.004	0.601	0.302	0.196	1.224	-178749.832
537	8	10000	9293	0.5157	0.324	0.297	0.287	0.302	0.296	0.299	0.297	0.296	0.304	0.300	0.293	0.300	0.299	0.296	1.966	0.630	0.317	0.202	1.173	-178407.309
538	8	10000	9317	0.5147	0.277	0.292	0.283	0.311	0.301	0.295	0.308	0.326	0.295	0.287	0.295	0.304	0.318	0.303	2.015	0.600	0.296	0.206	1.114	-178827.879
539	8	10000	9291	0.5141	0.294	0.311	0.297	0.291	0.300	0.294	0.302	0.293	0.309	0.306	0.307	0.298	0.296	0.301	1.949	0.609	0.297	0.201	1.211	-178778.370
540	8	10000	9277	0.5114	0.308	0.298	0.302	0.295	0.295	0.300	0.298	0.313	0.303	0.304	0.313	0.292	0.311	0.296	2.002	0.629	0.299	0.204	1.000	-178737.461
541	8	10000	9238	0.5172	0.288	0.306	0.292	0.287	0.302	0.300	0.294	0.312	0.306	0.298	0.286	0.288	0.282	0.302	2.023	0.596	0.297	0.194	1.091	-176975.535
542	8	10000	9313	0.5120	0.317	0.312	0.288	0.312	0.306	0.306	0.300	0.258	0.300	0.308	0.314	0.288	0.301	0.292	2.022	0.588	0.299	0.196	1.000	-178758.992
543	8	10000	9291	0.5160	0.308	0.305	0.293	0.310	0.302	0.307	0.317	0.296	0.300	0.290	0.294	0.304	0.297	0.307	2.009	0.606	0.300	0.196	1.000	-178945.756
544	8	10000	9246	0.5091	0.277	0.294	0.286	0.306	0.300	0.299	0.308	0.310	0.299	0.283	0.308	0.301	0.296	0.295	1.982	0.612	0.301	0.199	1.000	-177863.896
545	8	10000	9279	0.5143	0.299	0.301	0.300	0.287	0.298	0.300	0.300	0.289	0.301	0.295	0.284	0.316	0.297	0.290	1.990	0.623	0.308	0.191	1.549	-177301.400
546	8	10000	9253	0.5147	0.339	0.289	0.313	0.300	0.306	0.312	0.297	0.259	0.305	0.303	0.287	0.275	0.296	0.320	2.006	0.605	0.295	0.203	1.249	-178743.603
547	8	10000	9260	0.5131	0.275	0.299	0.286	0.310	0.300	0.296	0.306	0.336	0.303	0.282	0.286	0.284	0.296	0.298	1.940	0.622	0.307	0.205	1.000	-178019.426
548	8	10000	9251	0.5100	0.311	0.293	0.301	0.296	0.293	0.309	0.301	0.293	0.306	0.286	0.292	0.301	0.293	0.298	1.990	0.617	0.312	0.191	1.651	-177663.996
549	8	10000	9298	0.5129	0.312	0.306	0.294	0.294	0.295	0.295	0.286	0.307	0.299	0.298	0.320	0.309	0.312	0.293	1.985	0.622	0.316	0.199	1.336	-178624.527
550	8	10000	9260	0.5143	0.272	0.297	0.306	0.295	0.292	0.291	0.312	0.315	0.303	0.303	0.301	0.313	0.289	0.309	1.942	0.591	0.302	0.197	1.000	-178805.854
551	8	10000	9268	0.5148	0.318	0.295	0.300	0.290	0.313	0.290	0.297	0.294	0.301	0.304	0.301	0.310	0.301	0.298	2.017	0.606	0.311	0.203	1.000	-178967.801
552	8	10000	9253	0.5139	0.313	0.292	0.291	0.307	0.295	0.282	0.298	0.274	0.293	0.301	0.288	0.311	0.302	0.296	2.007	0.623	0.294	0.200	1.000	-177328.927
553	8	10000	9256	0.5112	0.299	0.309	0.311	0.303	0.302	0.295	0.293	0.290	0.291	0.288	0.304	0.308	0.297	0.293	2.003	0.584	0.287	0.196	1.000	-177998.735
554	8	10000	9263	0.5126	0.318	0.300	0.304	0.298	0.302	0.309	0.302	0.289	0.315	0.299	0.306	0.304	0.294	0.302	2.032	0.592	0.300	0.200	1.000	-179418.584
555	8	10000	9314	0.5102	0.344	0.298	0.288	0.307	0.282	0.295	0.305	0.269	0.298	0.288	0.293	0.314	0.313	0.301	2.021	0.631	0.305	0.207	1.000	-178489.983
556	8	10000	9250	0.5153	0.388	0.304	0.323	0.286	0.309	0.295	0.299	0.216	0.311	0.302	0.305	0.317	0.307	0.284	2.039	0.614	0.328	0.198	1.194	-179212.869
557	8	10000	9356	0.5173	0.288	0.289	0.293	0.305	0.323	0.289	0.310	0.324	0.318	0.312	0.294	0.294	0.301	0.315	1.980	0.623	0.299	0.207	1.254	-179889.184
558	8	10000	9236	0.5123	0.285	0.312	0.288	0.310	0.300	0.311	0.308	0.330	0.296	0.296	0.293	0.316	0.305	0.302	1.994	0.603	0.301	0.199	1.560	-179273.124
559	8	10000	9284	0.5142	0.319	0.288	0.284	0.296	0.308	0.292	0.304	0.274	0.315	0.295	0.310	0.295	0.300	0.310	1.997	0.587	0.299	0.198	1.000	-178680.984
560	8	10000	9279	0.5130	0.324	0.293	0.292	0.306	0.312	0.312	0.298	0.284	0.315	0.291	0.311	0.309	0.310	0.298	2.000	0.606	0.308	0.203	1.191	-179752.399
561	8	10000	9271	0.5112	0.319	0.303	0.300	0.295	0.298	0.299	0.303	0.257	0.297	0.304	0.283	0.295	0.295	0.300	1.999	0.607	0.294	0.200	1.000	-177379.314
562	8	10000	9266	0.5135	0.341	0.297	0.294	0.305	0.312	0.318	0.303	0.267	0.303	0.299	0.302	0.291	0.308	0.294	2.006	0.624	0.332	0.201	1.641	-179635.724
563	8	10000	9284	0.5123	0.276	0.304	0.304	0.293	0.300	0.296	0.297	0.316	0.309	0.318	0.298	0.296	0.294	0.307	2.021	0.609	0.312	0.206	1.000	-178870.016
564	8	10000	9213	0.5147	0.306	0.291	0.287	0.305	0.310	0.287	0.297	0.294	0.301	0.307	0.303	0.298	0.312	0.302	1.973	0.598	0.301	0.200	1.000	-178533.287
565	8	10000	9280	0.5143	0.322	0.306	0.304	0.304	0.288	0.301	0.298	0.297	0.312	0.304	0.299	0.295	0.311	0.297	1.997	0.614	0.308	0.202	1.373	-179363.459
566	8	10000	9308	0.5157	0.290	0.317	0.305	0.294	0.298	0.290	0.301	0.292	0.302	0.309	0.295	0.289	0.304	0.314	2.002	0.595	0.294	0.204	1.000	-179042.761
567	8	10000	9263	0.5136	0.320	0.313	0.308	0.299	0.302	0.297	0.303	0.313	0.291	0.281	0.296	0.311	0.306	0.288	1.978	0.607	0.313	0.197	1.000	-178776.001
568	8	10000	9215	0.5129	0.301	0.308	0.305	0.290	0.306	0.294	0.301	0.290	0.314	0.316	0.282	0.284	0.291	0.306	2.015	0.620	0.316	0.202	1.000	-178359.174
569	8	10000	9193	0.5091	0.305	0.298	0.289	0.302	0.277	0.300	0.299	0.296	0.296	0.297	0.304	0.304	0.302	0.309	1.974	0.588	0.300	0.194	1.000	-177984.002
570	8	10000	9262	0.5179	0.304	0.287	0.288	0.306	0.297	0.289	0.308	0.287	0.310	0.288	0.304	0.301	0.299	0.295	1.990	0.629	0.301	0.209	1.346	-178226.290
571	8	10000	9344	0.5166	0.289	0.293	0.303	0.303	0.299	0.296	0.310	0.302	0.301	0.299	0.302	0.310	0.288	0.306	2.034	0.598	0.296	0.207	1.000	-179077.515
572	8	10000	9266	0.5142	0.273	0.319	0.293	0.300	0.303	0.304	0.302	0.324	0.293	0.292	0.293	0.307	0.299	0.298	2.047	0.604	0.291	0.201	1.000	-178155.892
573	8	10000	9280	0.5164	0.309	0.295	0.299	0.300	0.306	0.304	0.291	0.278	0.298	0.302	0.311	0.313	0.303	0.300	2.044	0.598	0.301	0.198	1.000	-178721.519
574	8	10000	9234	0.5149	0.313	0.306	0.314	0.303	0.294	0.297	0.292	0.279	0.310	0.299	0.309	0.292	0.303	0.288	2.026	0.589	0.314	0.195	1.065	-178497.619
575	8	10000	9245	0.5181	0.299	0.294	0.296	0.305	0.295	0.286	0.293	0.279	0.305	0.301	0.310	0.305	0.290	0.300	1.959	0.593	0.298	0.194	1.000	-177783.209
576	8	10000	9305	0.5183	0.258	0.309	0.297	0.295	0.292	0.302	0.299	0.337	0.307	0.304	0.307	0.284	0.301	0.302	1.974	0.605	0.288	0.205	1.192	-178931.388
577	8	10000	9283	0.5128	0.314	0.302	0.301	0.298	0.307	0.290	0.312	0.291	0.302	0.301	0.307	0.309	0.306	0.294	2.020	0.592	0.312	0.198	1.000	-179326.329
578	8	10000	9325	0.5131	0.263	0.303	0.301	0.301	0.303	0.312	0.315	0.339	0.301	0.300	0.292	0.304	0.309	0.297	2.005	0.591	0.293	0.205	1.000	-179801.491
579	8	10000	9252	0.5180	0.305	0.309	0.296	0.309	0.311	0.286	0.298	0.272	0.302	0.307	0.296	0.302	0.298	0.292	1.981	0.599	0.296	0.193	1.080	-178120.123
580	8	10000	9275	0.5120	0.275	0.296	0.310	0.302	0.288	0.312	0.298	0.355	0.305	0.309	0.297	0.289	0.299	0.305	2.059	0.606	0.323	0.199	1.490	-179264.989
581	8	10000	9305	0.5160	0.308	0.307	0.310	0.290	0.295	0.285	0.308	0.294	0.304	0.306	0.303	0.290	0.297	0.311	1.985	0.605	0.291	0.201	1.000	-178977.337
582	8	10000	9264	0.5129	0.268	0.303	0.310	0.299	0.309	0.299	0.297	0.344	0.291	0.294	0.297	0.304	0.304	0.294	2.027	0.620	0.320	0.198	1.176	-178489.757
583	8	10000	9307	0.5156	0.273	0.296	0.307	0.298	0.300	0.299	0.295	0.339	0.297	0.310	0.299	0.317	0.303	0.302	2.000	0.613	0.293	0.203	1.186	-179284.115
584	8	10000	9266	0.5136	0.299	0.286	0.295	0.300	0.303	0.306	0.294	0.309	0.291	0.294	0.290	0.282	0.297	0.289	2.013	0.594	0.291	0.197	1.000	-177173.045
585	8	10000	9271	0.5109	0.322	0.306	0.300	0.306	0.315	0.302	0.283	0.293	0.303	0.318	0.293	0.302	0.302	0.309	1.987	0.628	0.311	0.202	1.496	-179266.947
586	8	10000	9255	0.5142	0.322	0.308	0.299	0.315	0.301	0.294	0.284	0.281	0.290	0.306	0.303	0.298	0.303	0.286	1.996	0.606	0.295	0.196	1.000	-177976.087
587	8	10000	9278	0.5145	0.326	0.304	0.302	0.302	0.293	0.306	0.298	0.270	0.296	0.292	0.308	0.302	0.299	0.309	2.021	0.629	0.316	0.201	1.311	-178619.756
588	8	10000	9292	0.5118	0.300	0.297	0.306	0.311	0.300	0.299	0.302	0.307	0.322	0.303	0.305	0.314	0.303	0.302	1.944	0.598	0.303	0.197	1.130	-180045.215
589	8	10000	9284	0.5116	0.302	0.308	0.316	0.299	0.310	0.298	0.294	0.278	0.306	0.301	0.312	0.297	0.300	0.307	2.016	0.573	0.290	0.197	1.000	-179262.167
590	8	10000	9286	0.5099	0.347	0.299	0.303	0.306	0.297	0.306	0.294	0.266	0.301	0.291	0.294	0.304	0.297	0.305	1.964	0.608	0.298	0.202	1.266	-178737.997
591	8	10000	9336	0.5154	0.312	0.307	0.301	0.307	0.297	0.315	0.297	0.314	0.304	0.295	0.300	0.300	0.312	0.296	1.998	0.604	0.291	0.200	1.000	-179741.739
592	8	10000	9268	0.5204	0.322	0.299	0.305	0.304	0.291	0.297	0.293	0.307	0.292	0.295	0.303	0.305	0.297	0.296	2.003	0.587	0.295	0.193	1.000	-178592.062
593	8	10000	9261	0.5121	0.262	0.300	0.290	0.307	0.292	0.303	0.293	0.328	0.299	0.305	0.304	0.290	0.297	0.316	2.058	0.605	0.292	0.206	1.000	-178327.824
594	8	10000	9276	0.5080	0.317	0.298	0.311	0.294	0.302	0.309	0.294	0.296	0.311	0.304	0.293	0.310	0.294	0.297	1.993	0.588	0.287	0.203	1.124	-178987.677
595	8	10000	9274	0.5114	0.354	0.310	0.301	0.296	0.277	0.300	0.299	0.263	0.304	0.303	0.299	0.296	0.295	0.300	2.012	0.602	0.295	0.203	1.000	-178452.959
596	8	10000	9225	0.5114	0.283	0.314	0.291	0.284	0.289	0.309	0.299	0.305	0.300	0.303	0.286	0.306	0.305	0.301	2.014	0.599	0.301	0.195	1.063	-177652.871
597	8	10000	9262	0.5129	0.270	0.309	0.285	0.288	0.294	0.306	0.296	0.314	0.297	0.295	0.296	0.285	0.310	0.294	1.994	0.632	0.316	0.200	1.777	-177421.156
598	8	10000	9308	0.5139	0.285	0.301	0.309	0.313	0.320	0.292	0.319	0.300	0.314	0.308	0.297	0.302	0.308	0.307	2.001	0.580	0.298	0.192	1.000	-180001.903
599	8	10000	9265	0.5079	0.301	0.295	0.307	0.315	0.294	0.299	0.305	0.313	0.295	0.302	0.309	0.322	0.309	0.310	2.056	0.568	0.309	0.197	1.000	-179925.034
600	8	10000	9250	0.5160	0.294	0.304	0.308	0.304	0.302	0.296	0.305	0.297	0.282	0.295	0.308	0.301	0.306	0.301	2.002	0.602	0.299	0.197	1.000	-178667.160
601	8	10000	9291	0.5108	0.276	0.307	0.293	0.301	0.300	0.303	0.294	0.326	0.304	0.285	0.305	0.277	0.290	0.319	2.006	0.601	0.311	0.202	1.287	-178422.083
602	8	10000	9301	0.5143	0.280	0.294	0.306	0.296	0.301	0.299	0.295	0.325	0.293	0.301	0.291	0.308	0.299	0.302	2.000	0.605	0.276	0.199	1.000	-178073.570
603	8	10000	9310	0.5138	0.259	0.300	0.290	0.292	0.297	0.318	0.304	0.334	0.291	0.301	0.298	0.301	0.294	0.307	2.013	0.601	0.305	0.202	1.000	-178706.174
604	8	10000	9302	0.5123	0.326	0.308	0.303	0.299	0.303	0.300	0.298	0.280	0.305	0.309	0.291	0.317	0.317	0.301	2.032	0.603	0.316	0.201	1.000	-179690.854
605	8	10000	9252	0.5135	0.331	0.305	0.310	0.295	0.310	0.312	0.292	0.261	0.305	0.296	0.299	0.303	0.305	0.297	1.996	0.613	0.299	0.192	1.000	-178276.155
606	8	10000	9259	0.5172	0.263	0.319	0.305	0.304	0.292	0.297	0.286	0.351	0.304	0.301	0.288	0.296	0.304	0.310	2.037	0.649	0.303	0.200	1.488	-178137.951
607	8	10000	9306	0.5131	0.306	0.298	0.302	0.299	0.301	0.297	0.292	0.282	0.294	0.298	0.297	0.296	0.308	0.309	2.004	0.617	0.303	0.201	1.504	-178448.856
608	8	10000	9284	0.5112	0.288	0.303	0.295	0.310	0.301	0.297	0.311	0.327	0.298	0.299	0.301	0.304	0.303	0.301	2.036	0.590	0.294	0.197	1.000	-178931.843
609	8	10000	9281	0.5151	0.307	0.303	0.302	0.300	0.294	0.308	0.309	0.290	0.296	0.309	0.298	0.307	0.306	0.296	1.993	0.611	0.314	0.202	1.487	-179293.906
610	8	10000	9272	0.5116	0.303	0.289	0.301	0.298	0.301	0.302	0.303	0.314	0.293	0.303	0.300	0.299	0.295	0.295	1.988	0.606	0.316	0.203	1.000	-178839.302
611	8	10000	9243	0.5112	0.321	0.286	0.300	0.300	0.324	0.294	0.309	0.272	0.297	0.301	0.303	0.305	0.296	0.305	1.991	0.600	0.306	0.203	1.337	-178785.472
612	8	10000	9226	0.5142	0.289	0.288	0.306	0.299	0.299	0.306	0.301	0.330	0.293	0.288	0.299	0.281	0.305	0.309	2.015	0.616	0.315	0.197	1.516	-178338.828
613	8	10000	9223	0.5115	0.308	0.288	0.299	0.298	0.325	0.303	0.286	0.288	0.314	0.289	0.291	0.298	0.303	0.313	1.977	0.574	0.292	0.193	1.000	-178326.799
614	8	10000	9287	0.5133	0.325	0.306	0.297	0.290	0.294	0.314	0.298	0.265	0.291	0.296	0.301	0.301	0.291	0.291	2.037	0.595	0.290	0.197	1.000	-177552.915
615	8	10000	9255	0.5115	0.307	0.299	0.296	0.305	0.300	0.292	0.297	0.304	0.292	0.301	0.302	0.291	0.290	0.304	1.960	0.638	0.304	0.203	1.000	-177756.621
616	8	10000	9278	0.5120	0.289	0.301	0.300	0.300	0.296	0.291	0.297	0.304	0.303	0.311	0.289	0.290	0.305	0.297	2.013	0.599	0.284	0.205	1.104	-178150.067
617	8	10000	9282	0.5156	0.308	0.294	0.293	0.306	0.306	0.295	0.307	0.274	0.304	0.308	0.297	0.287	0.299	0.295	1.980	0.612	0.295	0.204	1.000	-178449.070
618	8	10000	9250	0.5118	0.593	0.311	0.317	0.302	0.300	0.302	0.298	0.002	0.302	0.298	0.296	0.303	0.285	0.293	2.037	0.614	0.295	0.201	1.000	-178354.069
619	8	10000	9292	0.5153	0.298	0.294	0.311	0.298	0.294	0.298	0.282	0.304	0.297	0.290	0.290	0.300	0.311	0.295	2.044	0.575	0.284	0.200	1.012	-177931.717
620	8	10000	9247	0.5116	0.287	0.295	0.305	0.302	0.307	0.291	0.294	0.295	0.294	0.317	0.297	0.303	0.309	0.317	2.010	0.626	0.326	0.198	2.066	-178985.307
621	8	10000	9264	0.5173	0.287	0.291	0.295	0.296	0.314	0.293	0.293	0.311	0.304	0.300	0.283	0.294	0.304	0.293	1.990	0.603	0.301	0.200	1.000	-177943.769
622	8	10000	9250	0.5115	0.281	0.299	0.303	0.309	0.316	0.304	0.322	0.310	0.299	0.301	0.292	0.308	0.294	0.290	1.998	0.595	0.300	0.195	1.102	-178914.295
623	8	10000	9242	0.5146	0.308	0.287	0.292	0.306	0.307	0.301	0.298	0.287	0.290	0.301	0.301	0.305	0.306	0.293	2.007	0.577	0.281	0.201	1.000	-178426.750
624	8	10000	9288	0.5149	0.263	0.300	0.302	0.297	0.288	0.295	0.303	0.337	0.304	0.319	0.289	0.306	0.300	0.290	2.026	0.574	0.293	0.195	1.000	-178460.620
625	8	10000	9279	0.5142	0.290	0.295	0.298	0.295	0.302	0.309	0.301	0.314	0.324	0.310	0.307	0.310	0.283	0.295	1.979	0.597	0.307	0.194	1.222	-179123.380
626	8	10000	9301	0.5158	0.340	0.297	0.308	0.315	0.298	0.301	0.303	0.260	0.311	0.309	0.300	0.299	0.293	0.311	1.985	0.576	0.300	0.199	1.000	-180030.034
627	8	10000	9298	0.5137	0.303	0.304	0.294	0.298	0.293	0.308	0.312	0.303	0.308	0.300	0.309	0.308	0.288	0.306	2.033	0.621	0.321	0.208	1.482	-179421.078
628	8	10000	9286	0.5101	0.340	0.291	0.297	0.296	0.305	0.303	0.294	0.278	0.301	0.295	0.301	0.293	0.297	0.301	1.950	0.596	0.293	0.203	1.000	-178669.336
629	8	10000	9324	0.5165	0.285	0.290	0.309	0.296	0.309	0.316	0.287	0.331	0.312	0.298	0.304	0.290	0.301	0.303	2.019	0.601	0.289	0.198	1.147	-179157.780
630	8	10000	9316	0.5160	0.331	0.302	0.292	0.294	0.301	0.293	0.299	0.270	0.290	0.304	0.297	0.296	0.296	0.302	2.013	0.617	0.301	0.205	1.000	-178169.168
631	8	10000	9247	0.5119	0.290	0.316	0.302	0.296	0.291	0.311	0.306	0.295	0.301	0.303	0.306	0.324	0.301	0.287	1.981	0.600	0.306	0.198	1.060	-179221.055
632	8	10000	9236	0.5130	0.324	0.299	0.302	0.300	0.298	0.295	0.308	0.284	0.289	0.289	0.306	0.301	0.305	0.299	1.954	0.627	0.312	0.201	1.422	-178614.994
633	8	10000	9347	0.5135	0.319	0.292	0.298	0.310	0.305	0.292	0.293	0.293	0.296	0.290	0.300	0.296	0.295	0.302	1.996	0.592	0.291	0.202	1.000	-178417.656
634	8	10000	9315	0.5130	0.318	0.303	0.292	0.307	0.302	0.300	0.300	0.272	0.309	0.304	0.308	0.301	0.302	0.303	2.019	0.634	0.317	0.208	1.995	-179315.028
635	8	10000	9250	0.5101	0.300	0.294	0.309	0.299	0.291	0.290	0.287	0.303	0.299	0.305	0.280	0.298	0.294	0.302	2.015	0.604	0.295	0.203	1.000	-177643.347
636	8	10000	9283	0.5121	0.266	0.290	0.306	0.293	0.302	0.296	0.302	0.318	0.313	0.299	0.316	0.312	0.309	0.305	1.976	0.617	0.304	0.200	1.000	-179154.092
637	8	10000	9306	0.5188	0.332	0.302	0.291	0.307	0.291	0.309	0.311	0.298	0.300	0.324	0.289	0.298	0.287	0.302	2.019	0.590	0.319	0.200	1.000	-179882.041
638	8	10000	9337	0.5179	0.321	0.302	0.301	0.291	0.302	0.303	0.300	0.283	0.296	0.293	0.306	0.307	0.314	0.295	2.008	0.622	0.302	0.208	1.000	-179191.329
639	8	10000	9297	0.5098	0.301	0.307	0.291	0.306	0.296	0.303	0.300	0.306	0.310	0.295	0.300	0.278	0.306	0.303	2.021	0.575	0.279	0.203	1.000	-178664.628
640	8	10000	9309	0.5138	0.306	0.297	0.301	0.293	0.308	0.289	0.307	0.294	0.291	0.296	0.302	0.315	0.301	0.286	1.992	0.623	0.292	0.205	1.200	-178253.375
641	8	10000	9322	0.5166	0.311	0.298	0.306	0.294	0.306	0.296	0.305	0.315	0.296	0.298	0.300	0.308	0.306	0.305	1.976	0.649	0.325	0.208	2.514	-179591.676
642	8	10000	9270	0.5131	0.289	0.301	0.299	0.302	0.305	0.307	0.302	0.311	0.284	0.300	0.307	0.301	0.294	0.307	1.984	0.616	0.315	0.198	1.000	-178837.687
643	8	10000	9290	0.5141	0.320	0.300	0.297	0.293	0.298	0.293	0.305	0.301	0.311	0.301	0.297	0.306	0.305	0.302	2.010	0.597	0.293	0.199	1.000	-178691.840
644	8	10000	9228	0.5106	0.312	0.281	0.303	0.305	0.291	0.294	0.305	0.291	0.307	0.313	0.293	0.285	0.300	0.308	2.017	0.641	0.325	0.202	1.627	-178296.842
645	8	10000	9202	0.5104	0.294	0.289	0.300	0.299	0.297	0.306	0.304	0.306	0.292	0.307	0.288	0.287	0.299	0.289	2.027	0.629	0.312	0.201	1.605	-177692.725

