1	6	435	270	0.5088	0.127	0.165	0.031	0.009	0.002	0.070	0.295	0.068	0.116	0.075	4.452	0.594	0.210	0.045	-3351.177
21	6	236	133	0.4276	0.023	0.064	0.028	0.005	0.000	0.034	0.166	0.037	0.139	0.037	1.869	0.764	0.038	0.006	-1451.312
21	6	286	181	0.4537	0.164	0.303	0.009	0.004	0.004	0.024	0.516	0.037	0.041	0.149	1.865	0.752	0.070	0.009	-1986.029
21	6	866	332	0.5357	0.110	0.074	0.016	0.001	0.004	0.028	0.154	0.038	0.048	0.075	4.338	0.880	0.037	0.022	-5277.685
21	6	273	186	0.4381	0.148	0.120	0.027	0.007	0.004	0.034	0.416	0.131	0.186	0.110	5.106	0.811	0.142	0.034	-2084.809
21	6	306	255	0.6308	0.212	0.314	0.063	0.033	0.015	0.069	0.591	0.157	0.170	0.205	4.560	0.437	0.144	0.140	-2973.413
21	6	787	390	0.4528	0.026	0.073	0.009	0.005	0.003	0.021	0.372	0.089	0.108	0.095	3.985	0.669	0.051	0.100	-5488.244
21	6	695	347	0.4872	0.076	0.132	0.010	0.004	0.005	0.019	0.393	0.115	0.098	0.047	3.515	0.898	0.025	0.045	-4821.421
21	6	878	546	0.3818	0.139	0.178	0.032	0.010	0.005	0.056	0.704	0.129	0.176	0.132	3.555	0.472	0.300	0.093	-7711.020
21	6	335	253	0.4779	0.136	0.378	0.041	0.009	0.013	0.066	0.267	0.267	0.022	0.144	2.614	0.364	0.067	0.081	-2724.136
21	6	330	183	0.4420	0.091	0.120	0.007	0.013	0.003	0.032	0.306	0.064	0.070	0.018	2.853	0.729	0.014	0.049	-2189.981
21	6	318	157	0.4273	0.063	0.084	0.000	0.003	0.003	0.017	0.136	0.110	0.027	0.018	3.095	0.562	0.000	0.058	-1895.899
21	6	1543	621	0.5593	0.135	0.142	0.027	0.008	0.005	0.030	0.290	0.070	0.082	0.062	3.291	0.952	0.038	0.025	-10424.908
21	6	467	243	0.6085	0.061	0.097	0.014	0.015	0.002	0.048	0.280	0.088	0.062	0.069	5.594	0.889	0.047	0.055	-3117.832
21	6	305	241	0.4027	0.085	0.393	0.033	0.013	0.024	0.026	0.473	0.060	0.142	0.167	2.999	0.528	0.052	0.091	-2558.107
21	6	294	180	0.5488	0.052	0.256	0.024	0.014	0.003	0.030	0.228	0.122	0.061	0.131	2.220	0.758	0.083	0.030	-2173.735
21	6	465	346	0.4028	0.215	0.202	0.059	0.004	0.013	0.015	0.771	0.240	0.183	0.128	2.805	0.314	0.238	0.069	-4264.480
21	6	300	180	0.5679	0.090	0.074	0.026	0.010	0.000	0.030	0.314	0.117	0.067	0.078	3.249	0.954	0.046	0.064	-2083.180
21	6	186	149	0.5482	0.154	0.227	0.100	0.005	0.011	0.086	0.859	0.071	0.157	0.184	5.056	0.605	0.150	0.059	-1621.353
21	6	509	326	0.6302	0.128	0.257	0.044	0.009	0.006	0.040	0.318	0.076	0.080	0.159	3.978	0.650	0.105	0.082	-3969.420
21	6	173	133	0.4491	0.040	0.077	0.062	0.012	0.000	0.032	0.772	0.204	0.000	0.083	2.980	0.876	0.086	0.049	-1253.663
21	6	474	290	0.5609	0.038	0.133	0.031	0.015	0.002	0.034	0.346	0.154	0.134	0.051	3.048	0.834	0.166	0.116	-3609.787
21	6	381	244	0.4902	0.142	0.163	0.015	0.011	0.008	0.030	0.307	0.048	0.121	0.059	3.710	0.673	0.059	0.089	-2809.531
21	6	448	251	0.4664	0.100	0.080	0.024	0.002	0.002	0.027	0.409	0.154	0.097	0.092	3.341	0.911	0.038	0.035	-3142.670
21	6	798	327	0.5194	0.090	0.116	0.013	0.002	0.005	0.031	0.109	0.209	0.014	0.043	3.583	0.938	0.035	0.041	-4872.921
21	6	200	121	0.5678	0.042	0.277	0.002	0.000	0.000	0.036	0.308	0.093	0.077	0.049	4.739	0.666	0.054	0.006	-1282.783
21	6	401	276	0.6461	0.151	0.172	0.042	0.011	0.017	0.096	0.381	0.163	0.142	0.225	4.646	0.896	0.104	0.064	-3292.340
21	6	940	590	0.4563	0.130	0.166	0.032	0.008	0.008	0.038	0.618	0.136	0.116	0.174	3.541	0.629	0.099	0.091	-7914.950
21	6	308	183	0.4425	0.034	0.077	0.019	0.000	0.010	0.018	0.323	0.023	0.194	0.063	5.003	0.502	0.089	0.048	-2117.000
21	6	317	180	0.4278	0.011	0.145	0.015	0.004	0.006	0.016	0.300	0.089	0.045	0.046	1.741	0.818	0.066	0.019	-2057.229
21	6	371	185	0.5317	0.091	0.077	0.010	0.006	0.003	0.035	0.228	0.028	0.054	0.045	3.561	0.750	0.036	0.026	-2345.131
21	6	972	447	0.4173	0.134	0.104	0.021	0.010	0.004	0.035	0.315	0.085	0.046	0.051	4.265	0.663	0.123	0.074	-6830.273
21	6	385	236	0.4505	0.052	0.096	0.025	0.004	0.007	0.037	0.619	0.083	0.169	0.039	3.500	0.912	0.088	0.063	-2824.323
21	6	562	315	0.4285	0.123	0.069	0.029	0.007	0.004	0.027	0.259	0.100	0.116	0.108	3.116	0.870	0.115	0.059	-4025.378
21	6	439	331	0.5198	0.154	0.290	0.042	0.019	0.007	0.069	0.686	0.147	0.153	0.164	3.172	0.337	0.368	0.008	-4228.599
21	6	144	61	0.6721	0.000	0.035	0.007	0.000	0.000	0.007	0.058	0.014	0.006	0.000	17.079	0.000	0.000	0.046	-642.168
21	6	476	309	0.6087	0.210	0.308	0.063	0.019	0.002	0.064	0.709	0.112	0.144	0.243	8.143	0.936	0.064	0.051	-3802.421
21	6	344	188	0.4291	0.061	0.113	0.039	0.018	0.000	0.029	0.224	0.062	0.133	0.047	3.485	0.680	0.221	0.035	-2396.247
21	6	220	150	0.6080	0.101	0.124	0.040	0.000	0.005	0.047	0.197	0.036	0.087	0.166	4.896	0.000	0.000	0.143	-1554.477
21	6	2057	672	0.5120	0.134	0.135	0.022	0.005	0.007	0.028	0.218	0.092	0.088	0.128	2.104	0.974	0.007	0.008	-13195.451
21	6	316	267	0.4000	0.195	0.453	0.046	0.010	0.013	0.047	0.571	0.159	0.189	0.193	3.331	0.283	0.175	0.085	-3070.181
21	6	256	186	0.5582	0.199	0.178	0.025	0.012	0.000	0.072	0.482	0.173	0.043	0.203	3.787	0.552	0.177	0.060	-2140.352
21	6	309	222	0.5388	0.155	0.156	0.022	0.007	0.003	0.053	0.350	0.069	0.083	0.229	3.585	0.937	0.046	0.089	-2359.825
21	6	206	179	0.5704	0.302	0.720	0.017	0.031	0.000	0.067	0.743	0.146	0.161	0.336	5.328	0.585	0.026	0.075	-1878.856
21	6	578	435	0.5299	0.225	0.366	0.058	0.008	0.018	0.076	0.519	0.151	0.177	0.151	3.500	0.571	0.067	0.132	-5476.054
21	6	115	102	0.6700	0.422	2.417	0.121	0.000	0.009	0.000	0.298	0.000	0.211	0.353	6.054	0.399	0.302	0.051	-1121.922
21	6	252	238	0.6142	0.564	0.818	0.068	0.039	0.012	0.139	0.716	0.074	0.267	0.538	4.708	0.160	0.158	0.105	-2666.453
21	6	949	403	0.5687	0.153	0.199	0.026	0.009	0.009	0.025	0.231	0.082	0.078	0.113	3.160	0.918	0.028	0.022	-6405.232
21	6	209	170	0.5945	0.133	0.150	0.013	0.019	0.005	0.110	0.574	0.046	0.149	0.139	3.549	0.507	0.077	0.125	-1767.052
21	6	449	282	0.6310	0.151	0.165	0.013	0.009	0.018	0.081	0.529	0.063	0.104	0.148	3.197	0.618	0.021	0.045	-3427.076
21	6	626	344	0.6477	0.140	0.270	0.048	0.004	0.018	0.062	0.260	0.043	0.058	0.127	5.439	0.855	0.041	0.035	-4454.116
21	6	732	422	0.4582	0.080	0.139	0.029	0.007	0.007	0.011	0.332	0.127	0.158	0.120	3.591	0.799	0.104	0.076	-5519.161
21	6	181	117	0.6206	0.242	0.006	0.000	0.000	0.006	0.064	0.372	0.024	0.069	0.255	5.285	0.000	0.000	0.071	-1239.885
21	6	1027	411	0.5498	0.054	0.112	0.017	0.007	0.002	0.037	0.246	0.064	0.068	0.073	3.145	0.976	0.024	0.025	-6611.435
21	6	159	121	0.4305	0.063	0.146	0.016	0.006	0.000	0.017	0.223	0.043	0.119	0.091	3.797	0.544	0.060	0.034	-1074.980
21	6	314	179	0.4561	0.160	0.065	0.000	0.000	0.007	0.024	0.236	0.033	0.143	0.152	3.121	0.745	0.032	0.007	-2037.060
21	6	174	135	0.4544	0.077	0.089	0.046	0.006	0.000	0.028	0.389	0.074	0.119	0.128	2.893	0.000	0.000	0.045	-1331.513
21	6	310	232	0.4332	0.148	0.225	0.031	0.016	0.024	0.034	0.401	0.134	0.178	0.079	3.744	0.542	0.219	0.186	-2679.712
21	6	445	307	0.5919	0.175	0.254	0.023	0.002	0.008	0.058	0.323	0.106	0.069	0.129	6.521	0.490	0.192	0.071	-3537.846
21	6	191	138	0.6105	0.186	0.090	0.019	0.000	0.022	0.084	0.251	0.166	0.092	0.160	5.082	0.915	0.085	0.061	-1430.235
21	6	305	243	0.5616	0.227	0.474	0.043	0.021	0.017	0.065	0.520	0.053	0.152	0.231	3.962	0.563	0.162	0.044	-2752.097
21	6	602	312	0.6463	0.177	0.178	0.016	0.007	0.006	0.079	0.279	0.095	0.100	0.145	5.650	0.855	0.082	0.043	-4324.748
21	6	212	182	0.4895	0.082	0.366	0.051	0.009	0.052	0.116	0.507	0.178	0.129	0.116	3.015	0.121	0.050	0.198	-2036.553
21	6	276	175	0.7005	0.223	0.082	0.037	0.000	0.007	0.079	0.337	0.100	0.000	0.151	5.048	0.687	0.038	0.060	-1916.550
21	6	291	210	0.6593	0.233	0.296	0.006	0.007	0.029	0.076	0.470	0.050	0.130	0.171	6.324	0.604	0.083	0.037	-2328.537
21	6	364	268	0.6260	0.204	0.275	0.012	0.012	0.015	0.051	0.371	0.099	0.101	0.124	5.774	0.170	0.112	0.029	-2970.982
21	6	407	263	0.4711	0.093	0.121	0.027	0.005	0.010	0.033	0.235	0.116	0.103	0.039	3.232	0.641	0.043	0.068	-2893.751
21	6	485	232	0.4607	0.063	0.066	0.007	0.011	0.002	0.037	0.188	0.075	0.060	0.036	3.266	0.866	0.023	0.041	-3042.251
21	6	946	520	0.5905	0.118	0.193	0.036	0.011	0.020	0.064	0.366	0.109	0.104	0.115	5.214	0.803	0.056	0.055	-7263.873
21	6	173	168	0.4756	0.296	0.950	0.009	0.000	0.018	0.051	0.702	0.614	0.292	0.342	2.911	0.094	0.239	0.016	-2066.983
21	6	254	119	0.3799	0.022	0.038	0.022	0.000	0.004	0.000	0.155	0.053	0.016	0.046	1.770	0.821	0.007	0.054	-1405.524
21	6	274	159	0.5529	0.015	0.130	0.013	0.008	0.007	0.044	0.209	0.064	0.069	0.086	3.708	0.712	0.019	0.006	-1752.567
21	6	282	207	0.5299	0.153	0.260	0.035	0.006	0.024	0.086	0.404	0.106	0.143	0.152	4.074	0.754	0.050	0.049	-2288.202
21	6	311	216	0.4106	0.122	0.107	0.018	0.000	0.000	0.044	0.580	0.134	0.079	0.127	3.339	0.737	0.071	0.075	-2394.427
21	6	232	178	0.4972	0.156	0.218	0.034	0.000	0.009	0.046	0.356	0.135	0.111	0.120	2.414	0.541	0.083	0.038	-1816.390
21	6	428	247	0.4531	0.098	0.056	0.010	0.000	0.005	0.024	0.520	0.097	0.169	0.082	3.577	0.976	0.024	0.036	-2936.265
21	6	399	285	0.4134	0.145	0.167	0.018	0.010	0.008	0.023	0.583	0.168	0.143	0.129	2.610	0.256	0.061	0.098	-3355.808
21	6	1133	450	0.5325	0.107	0.068	0.015	0.004	0.000	0.025	0.295	0.059	0.073	0.028	2.594	0.963	0.037	0.050	-7360.397
21	6	612	252	0.4155	0.044	0.079	0.017	0.000	0.000	0.030	0.470	0.085	0.067	0.046	2.813	0.882	0.021	0.012	-3820.041
21	6	422	205	0.4585	0.022	0.056	0.017	0.000	0.000	0.001	0.164	0.085	0.231	0.081	4.116	0.899	0.005	0.024	-2603.080
21	6	347	170	0.5054	0.022	0.126	0.025	0.000	0.009	0.008	0.168	0.054	0.053	0.058	2.484	0.846	0.028	0.018	-2114.564
21	6	433	272	0.5807	0.084	0.212	0.018	0.004	0.005	0.054	0.323	0.068	0.087	0.116	4.045	0.795	0.086	0.054	-3165.842
21	6	520	306	0.5872	0.058	0.278	0.040	0.002	0.008	0.057	0.420	0.104	0.126	0.110	3.373	0.740	0.106	0.052	-4031.597
21	6	291	175	0.6292	0.106	0.149	0.016	0.022	0.015	0.081	0.387	0.070	0.118	0.057	5.009	0.890	0.032	0.019	-2024.265
21	6	197	165	0.6269	0.128	0.250	0.035	0.016	0.031	0.084	0.521	0.147	0.181	0.193	3.345	0.000	0.000	0.082	-1854.859
21	6	313	216	0.6503	0.289	0.184	0.042	0.014	0.020	0.088	0.435	0.125	0.069	0.192	4.099	0.898	0.083	0.044	-2498.869
21	6	370	234	0.4551	0.105	0.142	0.017	0.006	0.000	0.034	0.339	0.169	0.049	0.140	2.251	0.710	0.000	0.095	-2803.845
21	6	257	209	0.5625	0.195	0.457	0.029	0.000	0.004	0.056	0.413	0.058	0.151	0.251	3.173	0.458	0.107	0.117	-2341.802
21	6	377	221	0.4633	0.096	0.060	0.031	0.006	0.008	0.026	0.213	0.150	0.052	0.039	2.433	0.748	0.005	0.080	-2543.513
21	6	308	236	0.4012	0.188	0.141	0.029	0.007	0.016	0.055	0.561	0.137	0.130	0.169	2.649	0.204	0.041	0.105	-2685.524
21	6	788	523	0.4889	0.405	0.213	0.048	0.007	0.015	0.088	0.430	0.072	0.093	0.397	3.748	0.854	0.146	0.140	-7120.125
21	6	377	269	0.5334	0.138	0.203	0.026	0.000	0.016	0.082	0.554	0.103	0.107	0.151	4.268	0.692	0.087	0.067	-3109.163
21	6	253	183	0.5070	0.176	0.120	0.064	0.000	0.025	0.052	0.294	0.125	0.071	0.104	2.974	0.976	0.023	0.062	-1867.321
21	6	482	388	0.5721	0.236	0.398	0.066	0.011	0.009	0.084	0.785	0.135	0.151	0.260	3.479	0.447	0.212	0.074	-4774.374
21	6	803	369	0.4240	0.039	0.073	0.020	0.007	0.004	0.027	0.285	0.097	0.158	0.059	3.775	0.827	0.056	0.038	-5464.414
21	6	1144	454	0.4617	0.037	0.090	0.013	0.003	0.003	0.020	0.258	0.097	0.088	0.091	3.251	0.874	0.063	0.037	-7538.036
21	6	317	207	0.4159	0.109	0.078	0.020	0.004	0.003	0.034	0.384	0.117	0.109	0.066	3.564	0.123	0.011	0.074	-2300.233
21	6	350	213	0.5232	0.176	0.206	0.008	0.009	0.008	0.063	0.221	0.119	0.057	0.092	2.488	0.979	0.021	0.014	-2392.762
21	6	380	248	0.6056	0.192	0.282	0.056	0.012	0.000	0.044	0.565	0.079	0.176	0.188	3.307	0.791	0.102	0.033	-3095.469
21	6	140	131	0.4651	0.092	0.974	0.061	0.029	0.029	0.022	0.551	0.300	0.152	0.130	2.907	0.239	0.230	0.153	-1513.723
21	6	144	139	0.4716	0.212	0.830	0.040	0.008	0.006	0.125	0.682	0.214	0.101	0.170	3.247	0.307	0.289	0.125	-1539.333
21	6	1072	510	0.6189	0.194	0.157	0.031	0.004	0.006	0.032	0.323	0.060	0.085	0.114	4.347	0.847	0.037	0.047	-7662.042
21	6	728	478	0.4229	0.102	0.126	0.018	0.003	0.006	0.043	0.440	0.143	0.206	0.078	3.503	0.688	0.312	0.135	-5844.199
21	6	270	151	0.4769	0.014	0.095	0.023	0.004	0.004	0.021	0.263	0.062	0.014	0.069	1.245	0.577	0.003	0.052	-1704.052
21	6	360	177	0.4050	0.018	0.126	0.017	0.005	0.007	0.014	0.224	0.053	0.068	0.057	3.879	0.822	0.042	0.008	-2212.053
21	6	843	469	0.4324	0.097	0.163	0.019	0.003	0.005	0.050	0.356	0.139	0.114	0.110	4.443	0.716	0.114	0.097	-6548.428
21	6	413	196	0.6337	0.119	0.122	0.014	0.000	0.005	0.037	0.143	0.059	0.028	0.075	5.444	0.885	0.005	0.025	-2485.675
21	6	454	265	0.5922	0.093	0.313	0.015	0.004	0.005	0.024	0.204	0.074	0.083	0.121	3.015	0.766	0.026	0.023	-3188.696
21	6	411	323	0.4333	0.219	0.187	0.026	0.007	0.014	0.068	0.549	0.166	0.129	0.257	3.112	0.631	0.297	0.168	-3771.759
21	6	1514	503	0.6429	0.030	0.087	0.017	0.008	0.007	0.032	0.270	0.084	0.053	0.112	3.500	0.736	0.139	0.005	-9617.948
21	6	709	419	0.5248	0.150	0.125	0.032	0.009	0.009	0.047	0.314	0.070	0.142	0.178	3.308	0.726	0.108	0.093	-5605.733
21	6	783	455	0.4935	0.178	0.212	0.034	0.005	0.011	0.035	0.367	0.113	0.102	0.119	2.753	0.771	0.089	0.065	-6241.420
21	6	297	269	0.4553	0.237	0.575	0.063	0.024	0.025	0.106	0.478	0.085	0.280	0.234	2.943	0.119	0.096	0.181	-3180.633
21	6	545	197	0.5556	0.075	0.042	0.011	0.008	0.012	0.015	0.179	0.020	0.047	0.000	3.473	0.996	0.004	0.034	-3027.887
21	6	183	126	0.5501	0.083	0.232	0.030	0.022	0.018	0.024	0.177	0.033	0.012	0.125	4.281	0.412	0.035	0.004	-1248.631
21	6	1075	552	0.4622	0.126	0.157	0.019	0.006	0.007	0.036	0.260	0.087	0.116	0.113	3.210	0.809	0.042	0.070	-7887.592
21	6	585	414	0.5058	0.225	0.288	0.046	0.007	0.002	0.059	0.402	0.165	0.111	0.176	3.005	0.607	0.186	0.101	-5249.048
21	6	219	168	0.6656	0.214	0.307	0.035	0.014	0.040	0.026	0.586	0.087	0.086	0.214	5.917	0.312	0.071	0.046	-1841.482
21	6	640	345	0.5262	0.174	0.204	0.027	0.003	0.008	0.026	0.257	0.121	0.076	0.118	2.837	0.838	0.057	0.033	-4660.380
21	6	450	286	0.5576	0.078	0.209	0.035	0.018	0.014	0.034	0.364	0.026	0.166	0.143	5.805	0.699	0.073	0.036	-3403.888
21	6	151	136	0.5978	0.115	0.354	0.049	0.000	0.007	0.100	0.553	0.056	0.282	0.081	5.657	0.000	0.000	0.179	-1348.286
21	6	416	257	0.5963	0.242	0.506	0.008	0.016	0.016	0.092	0.286	0.116	0.056	0.206	5.440	0.890	0.048	0.021	-3149.190
21	6	635	332	0.4853	0.034	0.123	0.022	0.010	0.013	0.040	0.208	0.060	0.109	0.125	3.542	0.804	0.018	0.045	-4326.519
21	6	1238	435	0.5352	0.050	0.086	0.015	0.006	0.005	0.027	0.227	0.058	0.080	0.110	2.640	0.925	0.016	0.006	-7643.250
21	6	316	190	0.4325	0.050	0.130	0.006	0.000	0.003	0.031	0.308	0.085	0.112	0.123	2.325	0.396	0.051	0.038	-2259.628
21	6	2047	1117	0.5133	0.175	0.219	0.060	0.009	0.011	0.073	0.483	0.124	0.114	0.206	2.857	0.898	0.102	0.077	-17457.977
21	6	147	114	0.5745	0.107	0.113	0.020	0.014	0.007	0.050	0.407	0.037	0.005	0.133	3.082	0.000	0.000	0.074	-1076.469
21	6	654	382	0.4631	0.120	0.185	0.041	0.011	0.005	0.022	0.391	0.083	0.132	0.127	2.546	0.609	0.110	0.028	-5133.433
21	6	291	258	0.4606	0.302	0.570	0.038	0.003	0.007	0.090	0.519	0.239	0.095	0.263	3.720	0.316	0.198	0.108	-2961.798
21	6	456	246	0.4541	0.057	0.143	0.024	0.011	0.005	0.033	0.229	0.132	0.045	0.074	3.066	0.733	0.111	0.009	-3143.597
21	6	907	428	0.6145	0.277	0.146	0.037	0.002	0.008	0.084	0.278	0.074	0.123	0.230	5.236	0.922	0.028	0.027	-6285.719
21	6	299	270	0.4714	0.175	0.441	0.038	0.006	0.019	0.098	0.651	0.159	0.205	0.174	3.526	0.211	0.142	0.237	-3037.668
21	6	276	185	0.6146	0.146	0.193	0.043	0.040	0.026	0.114	0.374	0.119	0.144	0.214	3.352	0.723	0.107	0.070	-2323.810
21	6	834	425	0.6332	0.105	0.157	0.030	0.011	0.014	0.052	0.399	0.089	0.111	0.096	4.856	0.919	0.046	0.026	-5899.689
21	6	448	329	0.4786	0.205	0.138	0.060	0.003	0.017	0.024	0.466	0.105	0.204	0.229	2.921	0.425	0.080	0.114	-3975.546
21	6	299	200	0.4719	0.107	0.271	0.050	0.003	0.003	0.047	0.342	0.109	0.065	0.120	3.611	0.721	0.046	0.045	-2211.804
21	6	759	326	0.4592	0.097	0.074	0.011	0.006	0.008	0.027	0.351	0.158	0.068	0.011	4.567	0.923	0.010	0.029	-4976.421
21	6	547	289	0.3976	0.062	0.173	0.023	0.004	0.002	0.021	0.196	0.249	0.132	0.123	3.440	0.767	0.072	0.082	-3657.194
21	6	1534	844	0.4947	0.224	0.235	0.031	0.009	0.010	0.030	0.417	0.123	0.139	0.193	3.457	0.864	0.084	0.087	-12644.926
21	6	156	119	0.5576	0.182	0.329	0.008	0.000	0.000	0.049	0.267	0.081	0.047	0.193	1.940	0.620	0.058	0.028	-1184.868
21	6	443	274	0.4029	0.195	0.181	0.020	0.002	0.002	0.048	0.367	0.045	0.074	0.164	3.836	0.580	0.080	0.130	-3382.172
21	6	245	136	0.5702	0.065	0.116	0.035	0.004	0.000	0.021	0.171	0.096	0.022	0.064	3.806	0.632	0.000	0.033	-1518.883
21	6	421	245	0.4323	0.086	0.141	0.015	0.005	0.002	0.025	0.178	0.095	0.102	0.092	3.405	0.688	0.064	0.094	-2964.751
21	6	382	241	0.6273	0.132	0.299	0.027	0.003	0.008	0.042	0.236	0.084	0.064	0.160	3.569	0.714	0.075	0.050	-2841.671
21	6	277	220	0.6786	0.286	0.245	0.040	0.013	0.036	0.121	1.001	0.244	0.081	0.296	3.411	0.408	0.139	0.097	-2710.354
21	6	458	170	0.4998	0.016	0.058	0.005	0.000	0.000	0.010	0.129	0.051	0.033	0.039	2.253	0.796	0.000	0.048	-2533.030
21	6	901	527	0.3963	0.127	0.176	0.014	0.016	0.010	0.042	0.502	0.101	0.080	0.066	3.761	0.609	0.198	0.066	-7010.385
21	6	524	300	0.5267	0.123	0.120	0.033	0.006	0.006	0.050	0.400	0.093	0.135	0.124	3.703	0.768	0.056	0.034	-3843.889
21	6	158	137	0.6360	0.315	0.371	0.017	0.015	0.011	0.083	0.458	0.105	0.084	0.249	3.918	0.293	0.019	0.125	-1376.875
21	6	1117	618	0.4230	0.082	0.129	0.030	0.005	0.007	0.035	0.414	0.174	0.181	0.092	3.564	0.628	0.185	0.076	-8949.353
21	6	540	293	0.6055	0.064	0.158	0.015	0.003	0.006	0.041	0.293	0.076	0.100	0.040	4.006	0.886	0.010	0.058	-3671.291
21	6	353	196	0.4923	0.075	0.068	0.016	0.009	0.005	0.048	0.285	0.070	0.083	0.091	1.736	0.365	0.024	0.039	-2418.979
21	6	314	203	0.6270	0.137	0.216	0.029	0.010	0.007	0.071	0.310	0.071	0.102	0.140	5.003	0.736	0.067	0.062	-2378.769
21	6	709	354	0.4759	0.106	0.088	0.008	0.002	0.007	0.037	0.192	0.107	0.055	0.080	3.216	0.921	0.019	0.038	-4599.777
21	6	368	167	0.5546	0.108	0.029	0.004	0.006	0.003	0.027	0.150	0.047	0.045	0.053	7.580	0.918	0.015	0.031	-2117.573
21	6	466	358	0.4610	0.207	0.212	0.040	0.013	0.012	0.037	0.607	0.181	0.176	0.159	2.890	0.468	0.136	0.116	-4317.919
21	6	545	312	0.6899	0.155	0.144	0.037	0.004	0.015	0.103	0.470	0.059	0.175	0.124	6.223	0.930	0.036	0.032	-4007.127
21	6	344	240	0.6123	0.203	0.211	0.040	0.018	0.005	0.066	0.354	0.037	0.143	0.211	4.083	0.715	0.097	0.064	-2732.982
21	6	809	566	0.6049	0.234	0.299	0.061	0.024	0.009	0.073	0.694	0.162	0.136	0.264	4.571	0.679	0.215	0.062	-7029.868
21	6	560	323	0.5806	0.138	0.331	0.030	0.006	0.007	0.049	0.269	0.080	0.072	0.076	3.686	0.783	0.093	0.017	-4148.455
21	6	441	236	0.4682	0.045	0.128	0.014	0.004	0.006	0.046	0.224	0.037	0.089	0.058	4.216	0.811	0.048	0.018	-2837.063
21	6	889	359	0.5830	0.091	0.103	0.021	0.006	0.003	0.029	0.180	0.082	0.065	0.092	3.254	0.905	0.024	0.012	-5610.720
21	6	283	195	0.5842	0.072	0.251	0.065	0.006	0.012	0.081	0.302	0.064	0.082	0.109	4.930	0.485	0.084	0.046	-2210.728
21	6	321	191	0.4297	0.098	0.157	0.039	0.003	0.003	0.023	0.218	0.041	0.132	0.068	2.273	0.800	0.007	0.057	-2212.974
21	6	1141	534	0.4618	0.118	0.136	0.029	0.004	0.007	0.026	0.306	0.081	0.094	0.116	2.674	0.932	0.052	0.051	-8226.716
21	6	253	134	0.7121	0.061	0.133	0.000	0.000	0.004	0.097	0.305	0.011	0.101	0.063	9.643	0.724	0.054	0.028	-1586.612
21	6	778	378	0.4768	0.058	0.155	0.017	0.004	0.004	0.037	0.274	0.131	0.085	0.018	2.214	0.775	0.031	0.073	-5480.922
21	6	920	408	0.5455	0.047	0.054	0.016	0.012	0.005	0.033	0.270	0.073	0.088	0.131	3.256	0.894	0.020	0.028	-6028.789
21	6	334	221	0.5400	0.182	0.195	0.017	0.000	0.003	0.037	0.348	0.044	0.065	0.181	2.317	0.813	0.069	0.043	-2475.728
21	6	295	204	0.4926	0.067	0.204	0.034	0.000	0.010	0.037	0.224	0.141	0.136	0.118	2.849	0.607	0.028	0.047	-2209.417
21	6	521	331	0.4605	0.116	0.244	0.010	0.019	0.000	0.059	0.438	0.105	0.128	0.115	2.998	0.654	0.057	0.089	-4222.730
21	6	398	173	0.6714	0.058	0.127	0.013	0.003	0.003	0.028	0.193	0.036	0.060	0.064	5.477	0.859	0.033	0.015	-2361.928
21	6	478	333	0.4513	0.183	0.340	0.041	0.024	0.005	0.031	0.392	0.129	0.101	0.177	2.416	0.712	0.115	0.081	-4129.754
21	6	231	126	0.5430	0.033	0.158	0.011	0.004	0.000	0.016	0.143	0.050	0.056	0.011	2.358	0.722	0.003	0.017	-1346.163
21	6	311	238	0.4609	0.122	0.223	0.057	0.006	0.003	0.040	0.483	0.114	0.076	0.161	2.284	0.627	0.175	0.111	-2658.311
21	6	373	301	0.4088	0.225	0.410	0.016	0.005	0.012	0.027	0.604	0.054	0.173	0.248	2.601	0.327	0.199	0.052	-3456.688
21	6	210	144	0.4576	0.052	0.198	0.017	0.005	0.000	0.018	0.272	0.061	0.089	0.063	4.997	0.394	0.051	0.022	-1410.250
21	6	141	121	0.5975	0.181	0.410	0.048	0.007	0.000	0.210	0.770	0.051	0.115	0.240	1.702	0.240	0.099	0.081	-1376.419
21	6	189	134	0.5273	0.220	0.172	0.030	0.000	0.000	0.031	0.282	0.058	0.043	0.233	4.786	0.834	0.122	0.067	-1340.126
21	6	419	239	0.5736	0.112	0.153	0.048	0.007	0.007	0.028	0.361	0.082	0.099	0.185	4.191	0.906	0.094	0.028	-3052.885
21	6	228	191	0.6387	0.156	0.435	0.058	0.000	0.005	0.068	0.528	0.116	0.138	0.177	3.534	0.359	0.190	0.105	-2119.743
21	6	230	152	0.4688	0.104	0.045	0.029	0.018	0.000	0.007	0.272	0.130	0.094	0.101	2.854	0.240	0.010	0.116	-1632.224
21	6	652	365	0.6245	0.143	0.110	0.029	0.008	0.012	0.035	0.382	0.127	0.114	0.195	4.941	0.832	0.035	0.045	-4870.520
21	6	358	242	0.6159	0.145	0.162	0.049	0.003	0.008	0.035	0.416	0.079	0.056	0.168	4.575	0.589	0.019	0.102	-2692.492
21	6	373	319	0.4795	0.215	0.616	0.062	0.010	0.015	0.055	0.644	0.128	0.186	0.141	2.581	0.394	0.228	0.074	-3821.514
21	6	879	460	0.5217	0.108	0.162	0.020	0.005	0.012	0.058	0.358	0.095	0.150	0.080	3.615	0.920	0.079	0.066	-6649.466
21	6	391	191	0.6427	0.091	0.139	0.020	0.005	0.005	0.036	0.187	0.039	0.066	0.035	3.689	0.774	0.014	0.030	-2409.280
21	6	429	250	0.5617	0.196	0.046	0.009	0.005	0.007	0.034	0.253	0.114	0.138	0.251	3.919	0.844	0.022	0.014	-2929.530
21	6	206	113	0.5588	0.082	0.121	0.000	0.000	0.000	0.063	0.173	0.040	0.044	0.022	8.276	0.705	0.020	0.028	-1205.501
21	6	338	244	0.5708	0.254	0.678	0.046	0.026	0.022	0.070	0.591	0.063	0.137	0.260	3.711	0.711	0.123	0.053	-2985.966
21	6	362	125	0.4729	0.047	0.022	0.010	0.003	0.003	0.010	0.041	0.013	0.043	0.006	3.492	0.751	0.036	0.014	-1833.208
21	6	844	419	0.4649	0.069	0.128	0.021	0.003	0.001	0.046	0.323	0.076	0.079	0.092	3.255	0.372	0.234	0.000	-5960.711
21	6	225	153	0.4641	0.081	0.112	0.025	0.014	0.000	0.027	0.299	0.118	0.151	0.076	3.884	0.339	0.106	0.045	-1686.512
21	6	291	202	0.5641	0.127	0.211	0.024	0.017	0.008	0.031	0.373	0.106	0.076	0.192	2.916	0.606	0.080	0.065	-2329.572
21	6	239	138	0.4623	0.018	0.186	0.013	0.000	0.004	0.004	0.210	0.058	0.093	0.014	2.681	0.667	0.000	0.046	-1489.624
21	6	618	339	0.4835	0.116	0.119	0.034	0.017	0.007	0.029	0.329	0.110	0.191	0.109	3.153	0.860	0.049	0.022	-4479.207
21	6	251	162	0.5152	0.052	0.090	0.042	0.000	0.009	0.032	0.186	0.071	0.126	0.101	3.215	0.703	0.073	0.026	-1693.371
21	6	375	216	0.4808	0.069	0.173	0.024	0.009	0.004	0.036	0.197	0.100	0.083	0.081	2.088	0.749	0.014	0.028	-2516.585
21	6	269	166	0.5309	0.071	0.081	0.039	0.012	0.003	0.037	0.265	0.071	0.125	0.119	3.697	0.956	0.044	0.047	-1844.652
21	6	1098	453	0.4473	0.098	0.188	0.009	0.004	0.005	0.034	0.149	0.068	0.070	0.082	2.625	0.812	0.103	0.003	-7319.019
21	6	219	153	0.4325	0.123	0.137	0.000	0.029	0.000	0.059	0.283	0.068	0.086	0.120	2.274	0.629	0.074	0.016	-1551.484
21	6	555	299	0.5101	0.079	0.112	0.017	0.011	0.005	0.039	0.246	0.149	0.075	0.103	3.417	0.761	0.034	0.060	-3942.537
21	6	329	230	0.5144	0.181	0.237	0.027	0.006	0.017	0.068	0.479	0.194	0.129	0.160	3.031	0.578	0.155	0.049	-2797.902
21	6	503	264	0.6235	0.067	0.198	0.031	0.005	0.005	0.017	0.447	0.044	0.050	0.090	2.871	0.841	0.016	0.021	-3332.097
21	6	140	132	0.5940	0.487	1.872	0.184	0.000	0.023	0.059	0.538	0.156	0.281	0.452	3.378	0.476	0.137	0.136	-1607.739
21	6	202	113	0.4744	0.011	0.067	0.005	0.000	0.005	0.005	0.145	0.051	0.059	0.065	3.957	0.727	0.024	0.019	-1163.659
21	6	294	212	0.5650	0.099	0.152	0.061	0.000	0.003	0.052	0.466	0.078	0.069	0.133	2.141	0.810	0.041	0.081	-2288.093
21	6	220	180	0.4540	0.135	0.184	0.019	0.011	0.008	0.074	0.570	0.189	0.086	0.159	2.200	0.593	0.096	0.107	-1939.818
21	6	296	136	0.5206	0.075	0.060	0.014	0.007	0.014	0.007	0.178	0.013	0.040	0.002	1.920	0.680	0.024	0.000	-1670.582
21	6	762	428	0.4506	0.076	0.141	0.013	0.007	0.006	0.025	0.441	0.180	0.113	0.124	3.873	0.836	0.137	0.091	-5963.591
21	6	877	532	0.5627	0.171	0.181	0.039	0.012	0.008	0.049	0.312	0.122	0.131	0.147	3.190	0.765	0.079	0.084	-7076.692
21	6	499	302	0.6069	0.091	0.186	0.029	0.007	0.000	0.024	0.371	0.099	0.062	0.053	3.381	0.845	0.024	0.029	-3439.999
21	6	367	208	0.4479	0.059	0.190	0.018	0.000	0.006	0.032	0.309	0.057	0.088	0.027	3.915	0.754	0.064	0.058	-2515.954
21	6	325	262	0.4193	0.139	0.234	0.022	0.006	0.006	0.061	0.546	0.219	0.210	0.154	3.973	0.518	0.094	0.086	-2830.292
21	6	639	302	0.5422	0.212	0.160	0.004	0.014	0.006	0.021	0.192	0.093	0.099	0.146	4.997	0.883	0.020	0.006	-4216.897
21	6	362	205	0.4757	0.086	0.210	0.012	0.003	0.003	0.063	0.243	0.094	0.112	0.094	2.568	0.803	0.026	0.024	-2535.652
21	6	375	218	0.4395	0.066	0.406	0.017	0.005	0.000	0.023	0.225	0.042	0.057	0.050	2.113	0.745	0.057	0.006	-2611.426
21	6	437	288	0.4518	0.168	0.190	0.021	0.010	0.005	0.064	0.372	0.024	0.133	0.159	2.875	0.506	0.033	0.061	-3399.637
21	6	249	149	0.4116	0.053	0.066	0.011	0.011	0.005	0.032	0.247	0.071	0.031	0.093	3.275	0.466	0.019	0.029	-1576.426
21	6	314	218	0.6189	0.085	0.385	0.062	0.029	0.008	0.079	0.515	0.077	0.138	0.118	10.178	0.779	0.050	0.052	-2485.198
21	6	412	302	0.4959	0.147	0.233	0.023	0.005	0.010	0.029	0.378	0.118	0.132	0.086	2.843	0.672	0.093	0.119	-3383.275
21	6	437	154	0.6294	0.003	0.101	0.013	0.000	0.000	0.019	0.113	0.019	0.046	0.065	4.003	0.878	0.008	0.019	-2365.749
21	6	274	223	0.4519	0.331	0.519	0.020	0.004	0.000	0.024	0.404	0.144	0.097	0.342	2.728	0.628	0.075	0.079	-2439.361
21	6	155	138	0.5716	0.126	0.558	0.022	0.013	0.000	0.117	0.408	0.041	0.223	0.107	2.614	0.410	0.162	0.147	-1461.807
21	6	486	301	0.5174	0.173	0.153	0.009	0.002	0.004	0.061	0.348	0.075	0.108	0.186	3.452	0.805	0.036	0.031	-3557.055
21	6	574	404	0.4975	0.165	0.273	0.020	0.012	0.008	0.044	0.482	0.118	0.258	0.207	3.368	0.710	0.097	0.058	-4940.397
21	6	1322	686	0.4159	0.293	0.140	0.027	0.006	0.008	0.047	0.367	0.123	0.150	0.003	3.340	0.760	0.171	0.077	-10659.708
21	6	216	170	0.5620	0.094	0.280	0.014	0.007	0.012	0.109	0.421	0.100	0.130	0.103	3.474	0.590	0.106	0.087	-1812.166
21	6	777	345	0.4499	0.068	0.080	0.005	0.004	0.012	0.025	0.202	0.091	0.074	0.063	3.324	0.845	0.064	0.045	-5045.336
21	6	568	328	0.5797	0.148	0.135	0.017	0.000	0.013	0.035	0.301	0.076	0.053	0.159	4.135	0.788	0.054	0.113	-4179.398
21	6	845	404	0.4844	0.105	0.139	0.013	0.006	0.006	0.044	0.344	0.070	0.098	0.061	2.884	0.871	0.048	0.038	-5907.798
21	6	443	209	0.5191	0.043	0.097	0.021	0.007	0.008	0.029	0.202	0.073	0.058	0.103	2.188	0.750	0.053	0.027	-2851.243
21	6	577	252	0.4504	0.094	0.048	0.022	0.007	0.000	0.018	0.242	0.075	0.070	0.066	3.738	0.783	0.020	0.045	-3680.146
21	6	783	442	0.4464	0.103	0.189	0.013	0.011	0.008	0.051	0.380	0.171	0.118	0.115	3.248	0.800	0.111	0.080	-6210.869
21	6	430	223	0.5999	0.183	0.015	0.037	0.005	0.010	0.035	0.427	0.075	0.090	0.196	3.606	0.000	0.000	0.036	-3042.198
21	6	323	239	0.5779	0.507	0.179	0.055	0.009	0.027	0.047	0.889	0.183	0.161	0.460	6.365	0.594	0.136	0.055	-2968.147
21	6	483	199	0.3759	0.003	0.048	0.013	0.000	0.004	0.011	0.238	0.052	0.080	0.066	4.094	0.750	0.005	0.035	-2852.647
21	6	324	240	0.4759	0.144	0.341	0.004	0.000	0.048	0.058	0.461	0.144	0.044	0.177	3.555	0.614	0.103	0.041	-2580.156
21	6	306	210	0.5933	0.124	0.322	0.043	0.004	0.003	0.022	0.284	0.170	0.100	0.081	3.305	0.700	0.088	0.059	-2393.173
21	6	157	121	0.5300	0.032	0.152	0.049	0.000	0.007	0.056	0.422	0.034	0.077	0.065	4.247	0.651	0.000	0.131	-1126.290
21	6	208	131	0.5562	0.067	0.162	0.011	0.011	0.004	0.026	0.143	0.032	0.056	0.071	2.356	0.708	0.030	0.016	-1301.792
21	6	257	158	0.6131	0.111	0.100	0.043	0.004	0.016	0.012	0.444	0.074	0.033	0.070	2.525	0.962	0.025	0.046	-1763.041
21	6	695	434	0.5711	0.154	0.185	0.028	0.014	0.008	0.036	0.327	0.127	0.152	0.111	4.071	0.807	0.102	0.093	-5532.742
21	6	736	282	0.4232	0.066	0.072	0.016	0.003	0.014	0.020	0.164	0.042	0.052	0.034	3.477	0.860	0.066	0.056	-4519.437
21	6	511	292	0.5754	0.107	0.061	0.021	0.014	0.004	0.018	0.220	0.077	0.097	0.144	3.838	0.758	0.137	0.080	-3609.004
21	6	372	106	0.6653	0.035	0.035	0.017	0.003	0.000	0.000	0.055	0.017	0.005	0.001	7.906	0.846	0.000	0.015	-1693.965
21	6	495	221	0.5828	0.093	0.098	0.046	0.004	0.010	0.024	0.289	0.063	0.011	0.103	4.799	0.977	0.023	0.004	-2972.850
21	6	444	266	0.5858	0.081	0.248	0.021	0.023	0.004	0.042	0.456	0.040	0.081	0.078	3.985	0.817	0.016	0.031	-3116.116
21	6	576	362	0.4046	0.106	0.347	0.000	0.050	0.035	0.044	0.256	0.283	0.000	0.097	2.687	0.362	0.275	0.061	-4558.207
21	6	320	208	0.5535	0.034	0.621	0.057	0.010	0.003	0.036	0.243	0.089	0.146	0.003	1.556	0.766	0.048	0.014	-2463.506
21	6	142	117	0.5282	1.840	0.000	0.000	0.022	0.019	0.087	0.709	0.074	0.043	1.815	4.650	0.935	0.057	0.063	-1218.487
21	6	273	161	0.6227	0.034	0.073	0.043	0.007	0.004	0.013	0.354	0.008	0.074	0.027	3.689	0.315	0.006	0.142	-1745.348
21	6	324	222	0.4995	0.109	0.157	0.043	0.000	0.067	0.006	0.307	0.089	0.058	0.124	2.207	0.633	0.182	0.002	-2403.991
21	6	638	291	0.4484	0.064	0.091	0.017	0.003	0.005	0.025	0.387	0.118	0.088	0.019	2.105	0.832	0.028	0.027	-4195.811
21	6	629	269	0.4872	0.072	0.071	0.017	0.000	0.003	0.016	0.180	0.056	0.063	0.060	2.662	0.841	0.045	0.025	-3895.561
21	6	333	213	0.5648	0.135	0.176	0.010	0.015	0.005	0.021	0.359	0.130	0.169	0.087	3.013	0.692	0.093	0.041	-2507.132
21	6	516	283	0.4586	0.050	0.146	0.012	0.017	0.011	0.027	0.281	0.080	0.068	0.116	3.054	0.611	0.184	0.073	-3735.907
21	6	684	278	0.4427	0.053	0.058	0.014	0.004	0.003	0.028	0.204	0.105	0.082	0.049	3.481	0.799	0.023	0.029	-4317.776
21	6	375	313	0.4708	0.172	0.525	0.035	0.016	0.012	0.060	0.579	0.126	0.178	0.118	3.072	0.358	0.354	0.092	-3661.152
21	6	311	214	0.5003	0.066	0.238	0.044	0.003	0.017	0.095	0.455	0.057	0.116	0.134	3.312	0.763	0.050	0.021	-2368.541
21	6	456	245	0.5538	0.140	0.118	0.041	0.003	0.006	0.040	0.293	0.129	0.088	0.098	6.991	0.878	0.092	0.041	-3181.039
21	6	378	260	0.6081	0.101	0.420	0.066	0.008	0.006	0.034	0.579	0.120	0.124	0.067	3.319	0.705	0.108	0.053	-3164.018
21	6	229	181	0.5895	0.113	0.368	0.026	0.000	0.000	0.040	0.489	0.116	0.163	0.120	4.508	0.692	0.081	0.069	-1841.869
21	6	321	217	0.4273	0.041	0.159	0.037	0.006	0.006	0.031	0.270	0.089	0.067	0.098	3.817	0.676	0.058	0.105	-2277.397
21	6	457	285	0.6242	0.132	0.328	0.031	0.000	0.012	0.075	0.311	0.052	0.049	0.117	4.967	0.850	0.034	0.016	-3245.866
21	6	384	257	0.5080	0.121	0.129	0.062	0.008	0.013	0.047	0.336	0.083	0.091	0.116	2.547	0.639	0.062	0.082	-2988.841
21	6	609	365	0.4605	0.136	0.223	0.023	0.002	0.005	0.017	0.227	0.302	0.042	0.070	2.987	0.682	0.158	0.043	-4312.877
21	6	330	223	0.4330	0.084	0.219	0.052	0.005	0.008	0.060	0.363	0.111	0.129	0.056	3.614	0.436	0.116	0.030	-2630.459
21	6	810	319	0.4228	0.012	0.094	0.017	0.002	0.005	0.018	0.214	0.053	0.132	0.066	3.230	0.863	0.031	0.033	-5062.105
21	6	193	120	0.3866	0.075	0.106	0.000	0.000	0.005	0.011	0.195	0.139	0.021	0.000	3.886	0.090	0.000	0.059	-1182.025
21	6	388	269	0.5317	0.163	0.197	0.031	0.011	0.018	0.034	0.312	0.108	0.101	0.127	4.403	0.483	0.054	0.134	-3125.006
21	6	531	272	0.4626	0.061	0.109	0.015	0.002	0.002	0.028	0.257	0.138	0.066	0.039	2.829	0.862	0.035	0.037	-3483.351
21	6	592	224	0.4720	0.022	0.062	0.010	0.008	0.008	0.033	0.201	0.042	0.057	0.039	2.913	0.838	0.026	0.000	-3520.778
21	6	367	227	0.5669	0.132	0.193	0.013	0.008	0.003	0.048	0.221	0.085	0.073	0.079	4.625	0.576	0.043	0.039	-2579.415
21	6	391	154	0.5463	0.014	0.095	0.024	0.003	0.005	0.013	0.148	0.018	0.032	0.012	2.899	0.688	0.023	0.007	-2174.715
21	6	691	299	0.4784	0.066	0.077	0.018	0.005	0.008	0.020	0.168	0.074	0.078	0.042	4.218	0.771	0.016	0.057	-4363.615
21	6	234	144	0.5836	0.125	0.056	0.009	0.000	0.017	0.022	0.321	0.128	0.001	0.133	4.437	0.718	0.011	0.023	-1497.319
21	6	253	152	0.4442	0.021	0.058	0.017	0.000	0.000	0.017	0.349	0.138	0.062	0.058	3.348	0.971	0.029	0.033	-1603.717
21	6	459	376	0.5986	0.198	0.643	0.106	0.002	0.005	0.119	0.657	0.148	0.185	0.227	3.353	0.503	0.334	0.112	-4759.728
21	6	1148	572	0.4563	0.082	0.138	0.027	0.007	0.006	0.034	0.424	0.152	0.089	0.073	3.648	0.773	0.042	0.098	-8685.179
21	6	383	316	0.5735	0.221	0.407	0.048	0.006	0.016	0.091	0.518	0.149	0.116	0.253	4.937	0.500	0.263	0.085	-3596.202
21	6	690	376	0.6077	0.113	0.212	0.019	0.011	0.010	0.046	0.350	0.087	0.091	0.121	4.837	0.836	0.060	0.042	-5077.737
21	6	546	276	0.4852	0.078	0.072	0.012	0.015	0.004	0.022	0.332	0.106	0.095	0.131	2.626	0.944	0.015	0.053	-3779.670
21	6	495	367	0.4378	0.180	0.196	0.053	0.013	0.006	0.087	0.739	0.178	0.181	0.217	3.207	0.774	0.194	0.089	-4574.062
21	6	122	83	0.5528	0.101	0.230	0.000	0.026	0.000	0.000	0.207	0.000	0.136	0.134	5.338	0.361	0.099	0.042	-804.216
21	6	329	253	0.5513	0.138	0.198	0.045	0.006	0.016	0.048	0.470	0.173	0.109	0.160	4.122	0.500	0.077	0.117	-2817.313
21	6	358	195	0.6171	0.082	0.161	0.010	0.000	0.003	0.050	0.225	0.089	0.045	0.069	3.517	0.800	0.050	0.015	-2363.995
21	6	611	390	0.4936	0.150	0.211	0.010	0.008	0.002	0.045	0.306	0.180	0.161	0.100	3.383	0.752	0.108	0.079	-4876.502
21	6	479	315	0.4561	0.126	0.170	0.028	0.002	0.007	0.037	0.990	0.075	0.287	0.136	2.907	0.728	0.107	0.054	-4040.368
21	6	430	223	0.6084	0.070	0.143	0.015	0.015	0.007	0.037	0.292	0.052	0.077	0.027	3.471	0.763	0.043	0.054	-2892.153
21	6	1029	410	0.4863	0.105	0.102	0.019	0.003	0.006	0.021	0.278	0.060	0.052	0.020	2.825	0.908	0.026	0.029	-6689.216
21	6	1927	730	0.4780	0.074	0.108	0.017	0.004	0.007	0.031	0.418	0.119	0.080	0.063	3.099	0.921	0.065	0.048	-13796.697
21	6	682	389	0.4886	0.115	0.200	0.042	0.010	0.011	0.064	0.244	0.065	0.099	0.112	3.043	0.830	0.052	0.067	-5180.697
21	6	600	342	0.6595	0.225	0.157	0.025	0.008	0.012	0.084	0.381	0.096	0.089	0.170	4.327	0.830	0.075	0.044	-4551.847
21	6	677	292	0.4704	0.037	0.078	0.021	0.000	0.005	0.019	0.252	0.052	0.047	0.097	2.920	0.866	0.000	0.014	-4102.242
21	6	696	301	0.4241	0.031	0.095	0.015	0.005	0.008	0.017	0.198	0.096	0.102	0.087	3.071	0.904	0.025	0.032	-4453.675
21	6	519	310	0.5043	0.139	0.227	0.050	0.012	0.006	0.039	0.367	0.099	0.099	0.054	2.858	0.879	0.056	0.027	-3914.088
21	6	925	534	0.5605	0.200	0.215	0.043	0.010	0.008	0.051	0.339	0.086	0.135	0.184	3.943	0.708	0.055	0.051	-7357.258
21	6	566	168	0.4555	0.054	0.015	0.012	0.000	0.002	0.006	0.089	0.041	0.032	0.000	3.576	0.653	0.000	0.042	-2990.291
21	6	768	301	0.5602	0.024	0.097	0.014	0.005	0.007	0.026	0.160	0.029	0.072	0.073	3.948	0.871	0.051	0.039	-4722.650
21	6	210	138	0.6280	0.082	0.245	0.003	0.010	0.010	0.044	0.604	0.000	0.110	0.076	2.979	0.727	0.036	0.042	-1509.267
21	6	457	316	0.6619	0.089	0.406	0.038	0.005	0.019	0.073	0.795	0.149	0.065	0.128	3.805	0.830	0.108	0.055	-3920.241
21	6	819	485	0.5087	0.156	0.149	0.035	0.009	0.002	0.047	0.400	0.067	0.125	0.080	3.442	0.801	0.155	0.082	-6385.653
21	6	502	321	0.4477	0.098	0.112	0.013	0.006	0.002	0.044	0.305	0.143	0.078	0.105	2.330	0.646	0.103	0.117	-3775.962
21	6	349	229	0.5495	0.111	0.223	0.044	0.006	0.006	0.020	0.338	0.094	0.065	0.040	3.313	0.581	0.096	0.075	-2631.880
21	6	288	217	0.5803	0.195	0.496	0.142	0.015	0.003	0.068	0.624	0.074	0.092	0.217	4.500	0.650	0.147	0.057	-2591.811
21	6	242	177	0.5526	0.115	0.384	0.081	0.013	0.000	0.031	0.318	0.085	0.118	0.048	5.302	0.560	0.115	0.055	-1944.627
21	6	1164	626	0.5084	0.068	0.130	0.024	0.005	0.013	0.045	0.364	0.131	0.106	0.131	2.928	0.770	0.098	0.062	-8832.263
21	6	400	242	0.4078	0.053	0.103	0.033	0.003	0.000	0.036	0.318	0.104	0.100	0.105	4.745	0.407	0.087	0.104	-2934.475
21	6	212	162	0.4460	0.090	0.263	0.006	0.015	0.010	0.051	0.340	0.143	0.068	0.110	3.064	0.611	0.089	0.093	-1678.801
21	6	386	174	0.4765	0.038	0.087	0.010	0.000	0.005	0.024	0.201	0.057	0.060	0.014	3.585	0.814	0.025	0.022	-2331.429
21	6	396	233	0.5994	0.184	0.061	0.018	0.000	0.003	0.050	0.295	0.159	0.152	0.161	4.869	0.795	0.051	0.057	-2880.936
21	6	377	250	0.5805	0.135	0.127	0.027	0.008	0.005	0.053	0.391	0.078	0.081	0.208	2.961	0.811	0.086	0.065	-2903.670
21	6	391	170	0.4044	0.106	0.079	0.007	0.000	0.003	0.020	0.198	0.071	0.049	0.029	2.868	0.832	0.019	0.017	-2327.715
21	6	334	215	0.4611	0.087	0.013	0.018	0.000	0.003	0.049	0.621	0.202	0.053	0.168	3.821	0.000	0.000	0.030	-2306.333
21	6	314	203	0.5643	0.065	0.252	0.014	0.006	0.004	0.030	0.291	0.100	0.098	0.050	2.798	0.645	0.107	0.044	-2293.620
21	6	237	207	0.4420	0.238	0.278	0.034	0.000	0.017	0.083	0.456	0.092	0.151	0.225	3.460	0.207	0.074	0.244	-2205.541
21	6	357	229	0.5227	0.123	0.239	0.028	0.012	0.014	0.036	0.407	0.094	0.135	0.098	3.226	0.719	0.139	0.037	-2809.253
21	6	449	327	0.5292	0.124	0.230	0.053	0.002	0.005	0.042	0.414	0.114	0.113	0.157	2.894	0.612	0.129	0.130	-3818.738
21	6	519	348	0.4075	0.110	0.241	0.016	0.004	0.006	0.041	0.507	0.148	0.110	0.138	3.617	0.505	0.201	0.099	-4404.649
21	6	443	180	0.6222	0.077	0.038	0.024	0.017	0.002	0.017	0.121	0.081	0.051	0.029	4.714	0.667	0.131	0.028	-2709.440
21	6	354	141	0.5655	0.000	0.063	0.000	0.005	0.006	0.018	0.069	0.015	0.014	0.040	2.136	0.813	0.093	0.000	-1864.734
21	6	455	331	0.4374	0.104	0.215	0.040	0.011	0.007	0.055	0.553	0.106	0.141	0.148	3.323	0.351	0.062	0.097	-3922.183
21	6	242	220	0.4294	0.145	0.694	0.066	0.022	0.009	0.020	0.937	0.140	0.161	0.127	2.985	0.168	0.403	0.000	-2520.174
21	6	851	478	0.5011	0.164	0.149	0.023	0.005	0.005	0.040	0.314	0.089	0.136	0.183	4.271	0.743	0.161	0.061	-6626.871
21	6	828	432	0.4622	0.158	0.147	0.021	0.005	0.008	0.057	0.240	0.085	0.080	0.122	2.625	0.834	0.077	0.055	-6123.713
21	6	422	256	0.5972	0.140	0.178	0.008	0.012	0.006	0.058	0.418	0.105	0.071	0.148	4.906	0.833	0.099	0.051	-3143.460
21	6	410	290	0.5353	0.128	0.209	0.017	0.005	0.002	0.066	0.323	0.196	0.100	0.123	3.626	0.547	0.169	0.099	-3438.962
21	6	308	258	0.5918	0.258	0.418	0.097	0.038	0.014	0.053	0.582	0.136	0.204	0.302	4.059	0.405	0.149	0.108	-3093.467
21	6	491	331	0.5803	0.191	0.106	0.023	0.006	0.007	0.050	0.430	0.136	0.105	0.173	4.203	0.751	0.137	0.091	-3899.116
21	6	883	335	0.5114	0.093	0.086	0.012	0.000	0.001	0.015	0.173	0.097	0.082	0.045	3.711	0.874	0.021	0.006	-5405.832
21	6	263	179	0.4759	0.071	0.148	0.000	0.000	0.004	0.016	0.507	0.259	0.108	0.063	3.063	0.726	0.080	0.032	-1940.498
21	6	297	179	0.4420	0.073	0.173	0.029	0.007	0.007	0.011	0.182	0.079	0.080	0.072	3.660	0.638	0.038	0.019	-1999.484
21	6	618	341	0.5229	0.123	0.167	0.035	0.009	0.008	0.053	0.282	0.120	0.074	0.081	2.868	0.838	0.045	0.065	-4608.850
21	6	689	380	0.5254	0.171	0.154	0.017	0.007	0.007	0.021	0.255	0.109	0.133	0.146	3.353	0.761	0.121	0.056	-5254.673
21	6	620	405	0.4418	0.171	0.158	0.025	0.008	0.007	0.042	0.402	0.120	0.103	0.163	3.554	0.512	0.132	0.160	-5226.818
21	6	691	451	0.5473	0.134	0.183	0.021	0.011	0.016	0.045	0.448	0.145	0.147	0.108	2.412	0.609	0.101	0.110	-5921.242
21	6	228	98	0.6251	0.032	0.000	0.013	0.000	0.000	0.000	0.032	0.004	0.009	0.057	5.611	1.000	0.000	0.182	-1079.742
21	6	763	455	0.6275	0.124	0.176	0.033	0.020	0.005	0.048	0.418	0.096	0.142	0.180	5.099	0.733	0.094	0.072	-6004.165
21	6	105	86	0.5474	0.078	0.391	0.020	0.028	0.000	0.081	0.184	0.000	0.080	0.115	6.660	0.081	0.005	0.160	-796.804
21	6	214	143	0.4683	0.093	0.039	0.021	0.010	0.005	0.004	0.242	0.115	0.101	0.029	4.163	0.888	0.040	0.055	-1392.628
21	6	304	228	0.5025	0.161	0.245	0.009	0.020	0.007	0.028	0.338	0.052	0.144	0.153	2.608	0.748	0.104	0.043	-2386.797
21	6	175	150	0.4908	0.139	0.343	0.030	0.018	0.005	0.060	0.304	0.083	0.231	0.156	2.697	0.424	0.108	0.125	-1569.478
21	6	446	310	0.5729	0.260	0.225	0.004	0.013	0.006	0.075	0.440	0.072	0.126	0.244	3.448	0.726	0.218	0.067	-3782.844
21	6	512	269	0.4486	0.102	0.109	0.038	0.004	0.008	0.004	0.319	0.064	0.177	0.075	5.257	0.726	0.109	0.040	-3628.396
21	6	133	118	0.5926	0.459	0.820	0.113	0.000	0.016	0.157	0.443	0.169	0.006	0.401	3.760	0.389	0.125	0.079	-1324.097
21	6	421	241	0.5907	0.056	0.168	0.016	0.000	0.015	0.055	0.211	0.066	0.129	0.093	5.319	0.880	0.011	0.040	-2811.832
21	6	264	163	0.5386	0.058	0.213	0.013	0.000	0.004	0.051	0.308	0.076	0.119	0.072	2.281	0.729	0.113	0.017	-1908.953
21	6	1224	536	0.5045	0.043	0.093	0.016	0.003	0.001	0.033	0.246	0.093	0.084	0.117	3.966	0.839	0.077	0.071	-8191.705
21	6	788	329	0.5357	0.114	0.106	0.015	0.005	0.005	0.023	0.225	0.059	0.084	0.040	3.216	0.904	0.034	0.012	-4972.965
21	6	583	380	0.5367	0.159	0.100	0.020	0.009	0.007	0.038	0.441	0.172	0.193	0.196	3.888	0.429	0.050	0.067	-4751.475
21	6	223	170	0.6802	0.183	0.057	0.061	0.009	0.009	0.103	0.711	0.120	0.120	0.241	3.755	0.000	0.000	0.049	-1854.069
21	6	138	129	0.5936	0.188	0.347	0.043	0.015	0.015	0.009	0.676	0.354	0.221	0.150	3.388	0.753	0.027	0.228	-1370.739
21	6	261	172	0.5345	0.076	0.115	0.022	0.008	0.004	0.018	0.303	0.062	0.051	0.107	2.340	0.445	0.017	0.064	-1823.848
21	6	783	469	0.4396	0.137	0.240	0.015	0.004	0.003	0.031	0.336	0.101	0.112	0.143	3.063	0.502	0.128	0.081	-6257.801
21	6	396	229	0.5498	0.139	0.082	0.023	0.010	0.011	0.020	0.299	0.069	0.098	0.184	3.595	0.830	0.023	0.034	-2759.135
21	6	376	171	0.5030	0.028	0.133	0.000	0.003	0.000	0.019	0.134	0.076	0.030	0.057	2.703	0.836	0.034	0.017	-2241.374
21	6	445	287	0.6653	0.204	0.302	0.032	0.005	0.007	0.061	0.968	0.105	0.117	0.232	6.013	0.743	0.139	0.027	-3657.951
21	6	472	191	0.4511	0.038	0.093	0.010	0.007	0.000	0.023	0.107	0.032	0.049	0.070	3.577	0.732	0.007	0.033	-2771.464
21	6	274	211	0.5206	0.162	0.327	0.039	0.010	0.015	0.077	0.399	0.074	0.101	0.142	2.274	0.597	0.106	0.122	-2408.730
21	6	636	261	0.5870	0.044	0.069	0.015	0.000	0.002	0.028	0.173	0.045	0.093	0.076	5.558	0.785	0.029	0.032	-3878.115
21	6	189	138	0.5367	0.113	0.287	0.000	0.011	0.005	0.051	0.465	0.022	0.112	0.040	3.298	0.666	0.051	0.079	-1382.001
21	6	515	318	0.4782	0.068	0.124	0.022	0.008	0.010	0.032	0.386	0.144	0.108	0.110	3.025	0.536	0.081	0.081	-3972.455
21	6	1142	427	0.4598	0.084	0.101	0.019	0.006	0.004	0.028	0.201	0.064	0.065	0.036	3.662	0.739	0.095	0.062	-7483.983
21	6	381	236	0.5359	0.030	0.237	0.007	0.012	0.002	0.046	0.236	0.076	0.036	0.095	4.931	0.661	0.075	0.022	-2641.204
21	6	348	152	0.5342	0.000	0.090	0.011	0.000	0.000	0.022	0.070	0.054	0.040	0.036	3.417	0.677	0.000	0.089	-1958.398
21	6	337	236	0.5981	0.163	0.209	0.039	0.010	0.009	0.037	0.445	0.137	0.042	0.098	3.317	0.547	0.097	0.067	-2656.459
21	6	669	408	0.6438	0.151	0.326	0.065	0.012	0.002	0.052	0.531	0.080	0.080	0.077	3.735	0.860	0.056	0.027	-5140.258
21	6	298	235	0.5204	0.238	0.363	0.032	0.006	0.022	0.069	0.501	0.071	0.154	0.192	3.544	0.690	0.213	0.076	-2649.120
21	6	452	310	0.5339	0.084	0.247	0.048	0.014	0.004	0.054	0.303	0.100	0.096	0.127	3.788	0.372	0.170	0.169	-3727.854
21	6	363	216	0.6220	0.173	0.059	0.018	0.023	0.003	0.040	0.290	0.037	0.081	0.090	3.289	0.986	0.014	0.074	-2503.100
21	6	657	338	0.5135	0.117	0.072	0.029	0.006	0.003	0.034	0.244	0.089	0.079	0.171	3.527	0.860	0.051	0.042	-4580.997
21	6	183	136	0.5036	0.127	0.168	0.070	0.004	0.018	0.000	0.329	0.062	0.104	0.049	2.074	0.337	0.003	0.111	-1352.917
21	6	320	187	0.5482	0.103	0.189	0.011	0.003	0.006	0.040	0.190	0.062	0.082	0.118	4.302	0.777	0.017	0.020	-2099.304
21	6	407	140	0.4955	0.013	0.083	0.000	0.003	0.000	0.010	0.075	0.030	0.060	0.000	3.340	0.553	0.000	0.090	-2160.347
21	6	880	411	0.4446	0.032	0.092	0.012	0.012	0.009	0.029	0.209	0.073	0.078	0.120	2.419	0.886	0.041	0.050	-5853.125
21	6	380	261	0.5125	0.094	0.196	0.030	0.016	0.005	0.028	0.609	0.149	0.115	0.143	3.146	0.831	0.034	0.074	-3069.610
21	6	497	335	0.6059	0.096	0.515	0.066	0.000	0.000	0.035	0.411	0.108	0.129	0.106	4.577	0.642	0.254	0.033	-4133.402
21	6	339	198	0.5051	0.106	0.052	0.012	0.009	0.000	0.050	0.344	0.084	0.026	0.080	5.017	0.963	0.037	0.047	-2245.653
21	6	1055	678	0.4102	0.108	0.177	0.031	0.005	0.007	0.040	0.509	0.145	0.171	0.121	3.735	0.582	0.158	0.113	-8831.602
21	6	159	118	0.4303	0.057	0.073	0.017	0.006	0.000	0.023	0.358	0.024	0.065	0.092	2.658	0.591	0.013	0.049	-993.240
21	6	214	169	0.6449	0.166	0.257	0.069	0.012	0.029	0.074	0.325	0.103	0.038	0.104	4.824	0.654	0.053	0.047	-1661.997
21	6	459	191	0.5007	0.027	0.100	0.010	0.014	0.000	0.015	0.123	0.043	0.049	0.016	2.814	0.855	0.004	0.044	-2641.837
21	6	497	246	0.6204	0.106	0.211	0.019	0.013	0.009	0.068	0.242	0.101	0.032	0.070	5.042	0.867	0.005	0.009	-3093.561
21	6	470	354	0.6505	0.381	0.231	0.040	0.015	0.000	0.072	0.798	0.076	0.110	0.370	3.924	0.910	0.085	0.081	-3962.204
21	6	527	334	0.4380	0.104	0.213	0.012	0.009	0.004	0.058	0.445	0.150	0.219	0.130	3.280	0.676	0.183	0.031	-4305.032
21	6	333	166	0.4344	0.013	0.092	0.017	0.006	0.003	0.012	0.175	0.075	0.066	0.034	6.116	0.535	0.015	0.067	-2010.531
21	6	603	387	0.4474	0.161	0.182	0.041	0.016	0.007	0.024	0.447	0.081	0.182	0.113	2.928	0.645	0.159	0.076	-5026.411
21	6	402	295	0.6403	0.169	0.275	0.026	0.008	0.014	0.116	0.723	0.220	0.108	0.221	4.488	0.742	0.119	0.098	-3601.710
21	6	381	323	0.6482	0.092	0.675	0.069	0.012	0.013	0.096	1.072	0.220	0.220	0.073	3.434	0.658	0.212	0.079	-3839.207
21	6	342	220	0.4552	0.077	0.050	0.017	0.006	0.000	0.027	0.366	0.134	0.119	0.148	1.670	0.565	0.012	0.050	-2452.639
21	6	449	286	0.5544	0.145	0.209	0.019	0.005	0.005	0.027	0.296	0.147	0.127	0.094	3.642	0.861	0.122	0.101	-3524.475
21	6	623	257	0.4504	0.061	0.076	0.010	0.003	0.000	0.033	0.184	0.089	0.077	0.000	2.964	0.848	0.028	0.025	-3809.892
21	6	304	192	0.6151	0.116	0.241	0.054	0.000	0.010	0.112	0.224	0.049	0.074	0.147	4.829	0.724	0.074	0.042	-2263.681
21	6	281	192	0.6301	0.117	0.236	0.026	0.014	0.039	0.033	0.313	0.094	0.039	0.108	4.742	0.000	0.000	0.015	-2227.285
21	6	251	174	0.5358	0.082	0.100	0.012	0.000	0.004	0.041	0.339	0.063	0.099	0.128	3.438	0.618	0.087	0.000	-1757.682
21	6	437	304	0.4175	0.100	0.216	0.024	0.005	0.009	0.045	0.453	0.203	0.136	0.105	2.990	0.624	0.116	0.078	-3641.102
21	6	278	226	0.6256	0.232	0.342	0.054	0.019	0.000	0.048	0.309	0.141	0.125	0.172	3.665	0.535	0.079	0.149	-2472.718
21	6	326	188	0.3897	0.052	0.170	0.043	0.003	0.000	0.002	0.230	0.132	0.089	0.077	3.122	0.805	0.059	0.014	-2165.581
21	6	329	275	0.5424	0.179	0.677	0.099	0.016	0.005	0.073	1.495	0.245	0.200	0.192	3.175	0.567	0.137	0.092	-3438.121
21	6	680	269	0.5288	0.031	0.092	0.012	0.003	0.004	0.022	0.166	0.071	0.033	0.071	5.003	0.845	0.031	0.068	-4195.120
21	6	192	164	0.5123	0.226	0.299	0.045	0.000	0.011	0.031	0.287	0.091	0.134	0.215	3.972	0.548	0.155	0.125	-1636.745
21	6	661	314	0.4487	0.075	0.154	0.013	0.008	0.003	0.027	0.296	0.120	0.041	0.090	2.521	0.856	0.023	0.012	-4364.883
21	6	300	198	0.5876	0.115	0.151	0.040	0.000	0.007	0.027	0.186	0.109	0.083	0.113	3.363	0.211	0.042	0.017	-2176.584
21	6	334	230	0.5849	0.068	0.201	0.060	0.008	0.011	0.073	0.403	0.152	0.083	0.073	3.523	0.589	0.103	0.025	-2645.512
21	6	209	159	0.6248	0.162	0.109	0.034	0.000	0.005	0.036	0.458	0.116	0.079	0.182	2.561	0.000	0.000	0.126	-1656.011
21	6	583	324	0.4351	0.007	0.115	0.016	0.007	0.005	0.019	0.312	0.123	0.190	0.099	2.644	0.807	0.148	0.082	-4339.227
21	6	918	505	0.6356	0.143	0.206	0.060	0.013	0.023	0.048	0.349	0.098	0.092	0.121	4.702	0.792	0.140	0.069	-7337.800
21	6	352	161	0.6572	0.067	0.083	0.008	0.006	0.006	0.037	0.317	0.017	0.055	0.037	3.171	0.880	0.022	0.026	-2057.589
21	6	1107	586	0.4866	0.236	0.185	0.029	0.010	0.008	0.028	0.364	0.121	0.125	0.213	3.369	0.898	0.044	0.043	-8624.932
21	6	564	339	0.4040	0.058	0.130	0.013	0.012	0.005	0.043	0.483	0.142	0.137	0.136	3.437	0.661	0.095	0.076	-4425.374
21	6	454	282	0.5018	0.168	0.151	0.015	0.001	0.006	0.041	0.290	0.079	0.109	0.112	3.762	0.523	0.083	0.058	-3410.845
21	6	425	251	0.6019	0.249	0.226	0.005	0.005	0.000	0.072	0.239	0.033	0.070	0.242	2.476	0.889	0.028	0.041	-3010.153
21	6	1176	469	0.4792	0.076	0.077	0.011	0.004	0.004	0.017	0.233	0.092	0.070	0.050	3.715	0.967	0.033	0.105	-7722.184
21	6	531	336	0.5277	0.066	0.167	0.028	0.008	0.004	0.031	0.451	0.106	0.087	0.129	3.925	0.839	0.083	0.059	-3967.486
21	6	541	277	0.4109	0.016	0.114	0.017	0.002	0.008	0.040	0.244	0.092	0.082	0.072	3.636	0.850	0.051	0.058	-3611.988
21	6	323	276	0.4723	0.163	0.218	0.035	0.013	0.022	0.088	0.756	0.155	0.205	0.156	4.665	0.000	0.000	0.179	-3146.352
21	6	482	337	0.6671	0.297	0.301	0.028	0.012	0.023	0.088	0.535	0.141	0.082	0.334	5.994	0.786	0.135	0.056	-4091.121
21	6	280	220	0.6267	0.253	0.291	0.046	0.004	0.003	0.047	0.415	0.114	0.151	0.216	4.901	0.564	0.153	0.095	-2413.633
21	6	989	594	0.5316	0.135	0.156	0.027	0.009	0.010	0.053	0.402	0.095	0.113	0.190	5.484	0.570	0.210	0.097	-7830.461
21	6	304	220	0.5596	0.109	0.125	0.009	0.008	0.008	0.073	0.404	0.159	0.159	0.074	2.286	0.746	0.082	0.072	-2458.503
21	6	415	238	0.4875	0.132	0.101	0.018	0.003	0.007	0.030	0.316	0.117	0.085	0.070	2.870	0.619	0.018	0.043	-2854.735
21	6	338	252	0.4386	0.117	0.561	0.024	0.019	0.028	0.039	0.566	0.143	0.070	0.066	3.539	0.359	0.222	0.046	-3067.792
21	6	386	160	0.6368	0.028	0.085	0.046	0.008	0.000	0.007	0.194	0.093	0.003	0.046	5.638	0.811	0.017	0.012	-2182.646
21	6	285	185	0.5573	0.072	0.169	0.049	0.004	0.007	0.015	0.209	0.088	0.075	0.120	3.562	0.676	0.044	0.044	-1985.625
21	6	346	304	0.5616	0.267	0.702	0.052	0.018	0.015	0.081	0.776	0.162	0.081	0.191	4.251	0.428	0.326	0.038	-3491.185
21	6	1643	999	0.3831	0.171	0.162	0.032	0.009	0.006	0.052	0.555	0.145	0.156	0.174	3.010	0.737	0.263	0.147	-14434.323
21	6	434	319	0.5456	0.157	0.163	0.000	0.012	0.007	0.037	0.463	0.121	0.184	0.177	4.167	0.832	0.153	0.176	-3607.244
21	6	297	194	0.5219	0.140	0.052	0.003	0.007	0.003	0.038	0.316	0.132	0.167	0.108	3.299	0.957	0.043	0.031	-2089.885
21	6	293	224	0.5682	0.485	0.229	0.000	0.030	0.013	0.115	0.471	0.118	0.130	0.496	5.398	0.393	0.166	0.025	-2640.778
21	6	490	311	0.5275	0.104	0.218	0.031	0.007	0.016	0.067	0.376	0.109	0.131	0.101	3.551	0.771	0.099	0.057	-3910.159
21	6	427	247	0.5110	0.123	0.151	0.033	0.009	0.007	0.021	0.232	0.078	0.052	0.065	2.982	0.793	0.102	0.018	-2947.896
21	6	417	239	0.5606	0.097	0.103	0.033	0.019	0.008	0.058	0.335	0.041	0.099	0.092	4.202	0.883	0.082	0.058	-2984.959
21	6	496	193	0.5279	0.036	0.067	0.005	0.000	0.004	0.008	0.077	0.056	0.066	0.079	4.638	0.825	0.055	0.000	-2815.477
21	6	777	403	0.6035	0.139	0.217	0.047	0.011	0.006	0.053	0.327	0.105	0.087	0.119	5.377	0.861	0.089	0.027	-5688.289
21	6	636	264	0.4308	0.021	0.081	0.019	0.002	0.006	0.030	0.220	0.037	0.074	0.104	2.925	0.835	0.023	0.016	-3961.611
21	6	363	275	0.6036	0.128	0.339	0.059	0.003	0.005	0.085	0.611	0.173	0.088	0.127	3.381	0.580	0.122	0.067	-3204.897
21	6	160	109	0.5354	0.071	0.111	0.000	0.000	0.000	0.040	0.248	0.112	0.076	0.022	4.557	0.237	0.000	0.056	-1038.383
21	6	404	246	0.6283	0.095	0.288	0.002	0.002	0.008	0.026	0.146	0.128	0.088	0.150	4.992	0.714	0.047	0.032	-2882.931
21	6	470	303	0.4750	0.115	0.170	0.014	0.007	0.000	0.026	0.409	0.077	0.171	0.134	3.224	0.833	0.094	0.046	-3551.188
21	6	451	288	0.4301	0.096	0.162	0.015	0.005	0.007	0.013	0.479	0.134	0.108	0.076	3.347	0.727	0.069	0.117	-3488.375
21	6	247	213	0.5342	0.197	0.301	0.049	0.006	0.019	0.059	0.572	0.159	0.127	0.204	3.824	0.000	0.000	0.088	-2323.358
21	6	327	180	0.5887	0.146	0.122	0.025	0.013	0.006	0.020	0.256	0.053	0.131	0.163	5.875	0.912	0.035	0.019	-2157.281
21	6	264	212	0.4621	0.203	0.240	0.063	0.004	0.004	0.052	0.538	0.182	0.111	0.172	3.506	0.377	0.071	0.092	-2326.879
21	6	302	110	0.4570	0.041	0.039	0.003	0.003	0.000	0.014	0.104	0.007	0.027	0.000	3.998	0.662	0.020	0.050	-1584.382
21	6	553	326	0.6107	0.050	0.162	0.021	0.007	0.002	0.053	0.372	0.085	0.086	0.136	4.789	0.749	0.047	0.039	-3886.455
21	6	254	218	0.5099	0.169	0.465	0.041	0.012	0.021	0.063	0.652	0.083	0.174	0.219	4.690	0.194	0.100	0.102	-2450.167
21	6	317	183	0.6506	0.022	0.301	0.019	0.004	0.003	0.104	0.367	0.052	0.070	0.049	7.820	0.825	0.093	0.020	-2156.170
21	6	200	153	0.4183	0.016	0.379	0.030	0.000	0.000	0.087	0.477	0.125	0.095	0.033	4.119	0.286	0.132	0.002	-1592.904
21	6	285	202	0.5360	0.114	0.139	0.029	0.004	0.007	0.044	0.390	0.100	0.087	0.091	4.013	0.512	0.076	0.061	-2154.705
21	6	543	312	0.6049	0.139	0.151	0.034	0.004	0.012	0.045	0.339	0.066	0.077	0.114	3.496	0.730	0.099	0.033	-3976.358
21	6	365	247	0.5304	0.060	0.221	0.021	0.003	0.008	0.031	0.229	0.119	0.088	0.112	3.200	0.588	0.023	0.124	-2736.470
21	6	306	193	0.6999	0.083	0.246	0.043	0.007	0.014	0.037	0.369	0.095	0.103	0.082	3.937	0.800	0.062	0.058	-2244.029
21	6	332	260	0.6294	0.203	0.495	0.000	0.078	0.100	0.089	0.614	0.086	0.163	0.180	5.713	0.615	0.188	0.061	-2996.156
21	6	353	239	0.5240	0.097	0.175	0.001	0.006	0.012	0.043	0.492	0.101	0.093	0.120	3.759	0.725	0.097	0.052	-2716.160
21	6	349	177	0.4502	0.012	0.319	0.035	0.000	0.006	0.001	0.161	0.024	0.010	0.041	2.383	0.556	0.132	0.000	-2231.147
21	6	738	486	0.4697	0.095	0.098	0.028	0.006	0.005	0.034	0.676	0.131	0.234	0.068	3.881	0.774	0.174	0.127	-6137.542
21	6	591	425	0.4204	0.000	0.235	0.022	0.032	0.007	0.046	0.611	0.220	0.108	0.226	3.507	0.784	0.216	0.198	-5151.243
21	6	385	292	0.5156	0.159	0.182	0.038	0.005	0.008	0.053	0.305	0.247	0.172	0.163	3.886	0.433	0.131	0.159	-3411.660
21	6	282	187	0.4598	0.221	0.135	0.014	0.007	0.000	0.027	0.636	0.072	0.075	0.214	3.286	0.607	0.056	0.057	-2147.475
21	6	197	163	0.4589	0.119	0.190	0.046	0.026	0.000	0.029	0.748	0.161	0.090	0.041	4.228	0.349	0.105	0.076	-1675.778
21	6	287	233	0.6080	0.324	0.259	0.077	0.011	0.021	0.046	0.408	0.121	0.107	0.302	2.950	0.551	0.043	0.134	-2613.494
21	6	269	216	0.5113	0.201	0.224	0.018	0.012	0.008	0.045	0.310	0.132	0.123	0.204	4.680	0.053	0.015	0.149	-2269.746
21	6	244	166	0.6759	0.120	0.163	0.013	0.022	0.005	0.015	0.433	0.006	0.230	0.099	4.324	0.759	0.053	0.033	-1724.196
21	6	953	588	0.4089	0.106	0.194	0.022	0.013	0.011	0.023	0.319	0.133	0.184	0.150	3.930	0.515	0.249	0.081	-7788.724
21	6	302	179	0.6813	0.112	0.258	0.044	0.010	0.010	0.030	0.204	0.085	0.057	0.131	4.542	0.785	0.022	0.070	-2106.578
21	6	312	240	0.4359	0.136	0.280	0.010	0.006	0.007	0.085	0.590	0.174	0.147	0.137	3.654	0.289	0.272	0.026	-2863.967
21	6	319	192	0.4713	0.100	0.076	0.014	0.009	0.011	0.021	0.274	0.070	0.171	0.069	4.031	0.405	0.023	0.010	-2165.819
21	6	616	250	0.4634	0.018	0.063	0.013	0.000	0.008	0.014	0.202	0.045	0.033	0.058	5.547	0.779	0.014	0.052	-3602.908
21	6	429	327	0.4088	0.292	0.203	0.036	0.005	0.010	0.022	0.480	0.121	0.155	0.301	3.524	0.540	0.123	0.130	-3834.634
21	6	548	258	0.4037	0.063	0.087	0.010	0.001	0.005	0.026	0.197	0.100	0.067	0.085	2.870	0.857	0.042	0.043	-3530.933
21	6	315	208	0.7381	0.085	0.222	0.049	0.026	0.006	0.071	0.304	0.132	0.179	0.126	4.590	0.770	0.073	0.080	-2477.233
21	6	491	280	0.5060	0.044	0.166	0.024	0.015	0.002	0.047	0.223	0.059	0.121	0.116	3.770	0.786	0.111	0.074	-3560.138
21	6	654	243	0.4189	0.022	0.075	0.009	0.002	0.000	0.019	0.159	0.045	0.128	0.043	2.587	0.860	0.022	0.019	-3825.581
21	6	481	192	0.4730	0.067	0.052	0.013	0.002	0.000	0.011	0.153	0.054	0.039	0.033	1.774	0.820	0.026	0.017	-2809.812
21	6	341	266	0.5389	0.180	0.265	0.028	0.020	0.013	0.069	0.464	0.146	0.090	0.203	3.212	0.498	0.081	0.094	-3017.002
21	6	144	114	0.5135	0.114	0.460	0.057	0.000	0.014	0.022	0.182	0.056	0.187	0.081	3.129	0.547	0.231	0.065	-1188.277
21	6	137	126	0.4688	0.289	0.093	0.023	0.007	0.000	0.022	0.916	0.111	0.262	0.268	3.948	0.000	0.000	0.144	-1258.703
21	6	987	538	0.5011	0.167	0.193	0.028	0.007	0.006	0.045	0.415	0.114	0.084	0.190	2.295	0.900	0.074	0.073	-7785.085
21	6	150	121	0.4713	0.102	0.258	0.014	0.020	0.000	0.000	0.367	0.119	0.037	0.062	10.191	0.000	0.000	0.064	-1085.085
21	6	252	166	0.4101	0.104	0.207	0.023	0.004	0.000	0.034	0.282	0.031	0.041	0.114	4.637	0.545	0.052	0.100	-1791.369
21	6	579	368	0.4544	0.092	0.220	0.023	0.007	0.008	0.023	0.328	0.129	0.111	0.105	3.484	0.699	0.207	0.050	-4432.775
21	6	254	189	0.4650	0.061	0.349	0.019	0.008	0.004	0.036	0.349	0.140	0.142	0.100	3.306	0.698	0.090	0.053	-2034.805
21	6	1442	631	0.5160	0.084	0.132	0.025	0.009	0.007	0.031	0.339	0.117	0.100	0.098	3.051	0.827	0.063	0.062	-10490.411
21	6	175	153	0.3907	0.184	0.643	0.051	0.019	0.011	0.065	0.632	0.118	0.245	0.182	4.811	0.172	0.169	0.060	-1640.744
21	6	226	140	0.4739	0.070	0.167	0.015	0.000	0.000	0.022	0.149	0.122	0.094	0.070	4.928	0.770	0.063	0.003	-1473.417
21	6	378	292	0.6386	0.242	0.593	0.080	0.013	0.028	0.103	0.942	0.108	0.144	0.233	6.503	0.805	0.085	0.067	-3471.125
21	6	187	162	0.4745	0.142	1.312	0.000	0.006	0.011	0.079	0.294	0.162	0.064	0.129	2.956	0.619	0.167	0.039	-1713.231
21	6	202	148	0.5952	0.106	0.367	0.041	0.011	0.005	0.039	0.357	0.073	0.050	0.103	5.293	0.403	0.081	0.100	-1584.854
21	6	172	119	0.4583	0.126	0.030	0.037	0.006	0.012	0.013	0.370	0.057	0.117	0.128	1.941	0.000	0.000	0.042	-1191.931
21	6	148	121	0.5927	0.244	0.034	0.029	0.021	0.000	0.042	0.612	0.205	0.079	0.215	2.229	0.000	0.000	0.098	-1273.707
21	6	601	391	0.4291	0.107	0.214	0.029	0.023	0.016	0.065	0.334	0.138	0.134	0.152	2.864	0.623	0.108	0.106	-5039.504
21	6	154	131	0.4510	0.129	0.406	0.036	0.000	0.013	0.084	0.435	0.129	0.268	0.067	4.433	0.519	0.251	0.002	-1333.516
21	6	111	72	0.5956	0.079	0.079	0.000	0.000	0.000	0.009	0.115	0.006	0.040	0.097	5.897	0.629	0.000	0.067	-619.494
21	6	241	172	0.4347	0.113	0.268	0.018	0.000	0.000	0.038	0.320	0.077	0.099	0.101	3.681	0.447	0.143	0.060	-1884.828
21	6	312	247	0.5935	0.102	0.239	0.013	0.003	0.000	0.034	0.514	0.174	0.152	0.141	5.474	0.201	0.419	0.000	-2695.917
21	6	145	127	0.6438	0.713	1.294	0.000	0.036	0.003	0.120	0.332	0.079	0.087	0.796	4.919	0.517	0.263	0.034	-1396.500
21	6	312	245	0.7318	0.201	0.586	0.061	0.000	0.090	0.046	1.143	0.127	0.116	0.272	10.055	0.745	0.154	0.044	-2658.421
21	6	232	160	0.5943	0.102	0.180	0.013	0.004	0.014	0.029	0.447	0.093	0.062	0.122	2.629	0.749	0.077	0.053	-1728.829
21	6	422	248	0.5849	0.112	0.240	0.034	0.001	0.004	0.044	0.246	0.036	0.075	0.124	4.053	0.803	0.014	0.035	-2908.051
