1	6	435	262	0.4994	0.097	0.139	0.026	0.009	0.002	0.062	0.286	0.065	0.114	0.100	4.092	0.652	0.203	0.048	1.000	-3273.641
21	6	236	135	0.4280	0.017	0.059	0.037	0.005	0.000	0.047	0.172	0.033	0.120	0.047	2.479	0.871	0.043	0.025	1.000	-1465.186
21	6	286	176	0.4531	0.100	0.258	0.004	0.007	0.004	0.029	0.462	0.013	0.056	0.183	1.651	0.803	0.036	0.014	1.000	-1903.457
21	6	866	332	0.5384	0.088	0.069	0.016	0.002	0.004	0.026	0.163	0.039	0.050	0.096	4.311	0.947	0.035	0.023	2.052	-5265.758
21	6	273	183	0.4288	0.102	0.127	0.019	0.008	0.000	0.041	0.429	0.130	0.153	0.100	5.206	0.853	0.123	0.068	1.000	-2073.840
21	6	306	250	0.6305	0.201	0.206	0.050	0.026	0.015	0.065	0.654	0.160	0.187	0.150	4.402	0.710	0.197	0.159	1.439	-2883.360
21	6	787	381	0.4575	0.065	0.057	0.008	0.005	0.003	0.019	0.375	0.094	0.106	0.059	3.799	0.806	0.064	0.095	1.000	-5437.671
21	6	695	349	0.4825	0.109	0.114	0.012	0.004	0.005	0.019	0.417	0.120	0.102	0.023	3.595	0.922	0.033	0.044	1.000	-4838.727
21	6	878	540	0.3804	0.099	0.161	0.032	0.009	0.004	0.056	0.696	0.136	0.179	0.169	3.452	0.537	0.311	0.099	1.438	-7676.947
21	6	335	253	0.4838	0.184	0.343	0.028	0.012	0.016	0.079	0.256	0.271	0.004	0.147	2.748	0.649	0.126	0.087	3.257	-2709.222
21	6	330	178	0.4375	0.035	0.092	0.004	0.010	0.003	0.025	0.352	0.050	0.091	0.059	3.534	0.894	0.037	0.051	1.000	-2143.851
21	6	318	153	0.4144	0.089	0.074	0.000	0.003	0.003	0.013	0.118	0.098	0.028	0.020	3.812	0.930	0.000	0.040	7.433	-1842.028
21	6	1543	606	0.5583	0.066	0.123	0.024	0.007	0.005	0.031	0.287	0.065	0.086	0.130	3.286	0.976	0.024	0.027	1.000	-10273.839
21	6	467	241	0.6048	0.094	0.085	0.018	0.013	0.003	0.041	0.276	0.073	0.078	0.054	5.403	0.934	0.063	0.058	8.250	-3117.033
21	6	305	227	0.4069	0.102	0.302	0.030	0.013	0.024	0.022	0.508	0.089	0.134	0.109	3.154	0.758	0.132	0.069	2.260	-2472.456
21	6	294	180	0.5550	0.087	0.206	0.041	0.007	0.003	0.016	0.257	0.111	0.056	0.110	2.377	0.891	0.039	0.054	4.466	-2117.330
21	6	465	345	0.4011	0.186	0.147	0.049	0.007	0.013	0.017	0.759	0.224	0.194	0.184	2.779	0.493	0.346	0.078	3.300	-4234.151
21	6	300	181	0.5611	0.098	0.072	0.024	0.014	0.000	0.025	0.324	0.158	0.066	0.085	3.842	0.937	0.063	0.059	1.000	-2111.526
21	6	186	148	0.5634	0.150	0.209	0.099	0.005	0.006	0.085	0.787	0.041	0.191	0.168	4.952	0.780	0.152	0.083	1.000	-1603.314
21	6	509	322	0.6274	0.198	0.219	0.041	0.009	0.008	0.042	0.337	0.068	0.079	0.123	3.892	0.845	0.102	0.083	5.549	-3894.356
21	6	173	126	0.4371	0.101	0.029	0.030	0.006	0.000	0.045	0.650	0.177	0.000	0.100	3.341	0.975	0.025	0.027	1.000	-1145.213
21	6	474	286	0.5509	0.076	0.090	0.026	0.009	0.002	0.034	0.334	0.157	0.133	0.023	3.102	0.897	0.103	0.146	1.000	-3535.285
21	6	381	232	0.4943	0.103	0.111	0.015	0.010	0.009	0.030	0.299	0.046	0.101	0.115	3.764	0.734	0.053	0.077	1.000	-2714.791
21	6	448	254	0.4668	0.118	0.069	0.020	0.002	0.002	0.019	0.398	0.155	0.102	0.076	2.930	0.977	0.023	0.052	1.000	-3150.534
21	6	798	324	0.5211	0.067	0.108	0.013	0.002	0.004	0.030	0.149	0.177	0.048	0.056	3.760	0.942	0.047	0.034	1.000	-4842.235
21	6	200	116	0.5681	0.041	0.199	0.013	0.000	0.000	0.018	0.375	0.057	0.098	0.062	5.715	0.874	0.030	0.040	1.115	-1247.123
21	6	401	271	0.6398	0.178	0.154	0.039	0.011	0.021	0.087	0.353	0.154	0.124	0.190	4.565	0.906	0.094	0.065	1.000	-3221.160
21	6	940	583	0.4554	0.114	0.149	0.031	0.008	0.008	0.039	0.640	0.139	0.117	0.164	3.659	0.733	0.109	0.097	1.000	-7844.663
21	6	308	181	0.4357	0.041	0.071	0.022	0.000	0.010	0.015	0.304	0.023	0.189	0.044	4.526	0.713	0.188	0.008	1.585	-2090.639
21	6	317	178	0.4280	0.024	0.118	0.016	0.003	0.003	0.017	0.265	0.103	0.045	0.048	1.829	0.867	0.026	0.041	1.000	-2037.462
21	6	371	170	0.5307	0.060	0.043	0.017	0.006	0.003	0.028	0.209	0.023	0.054	0.072	3.534	0.876	0.026	0.026	1.000	-2262.004
21	6	972	441	0.4207	0.053	0.090	0.023	0.010	0.004	0.033	0.305	0.083	0.053	0.126	4.158	0.685	0.133	0.077	1.000	-6800.821
21	6	385	245	0.4443	0.050	0.085	0.026	0.003	0.010	0.055	0.636	0.148	0.129	0.048	3.883	0.924	0.076	0.070	1.000	-2866.333
21	6	562	312	0.4240	0.111	0.074	0.028	0.005	0.004	0.026	0.252	0.098	0.133	0.094	3.111	0.879	0.099	0.068	1.000	-4008.103
21	6	439	327	0.5213	0.168	0.252	0.035	0.014	0.012	0.078	0.693	0.148	0.147	0.183	3.040	0.482	0.424	0.034	9.555	-4173.444
21	6	144	57	0.6504	0.000	0.014	0.007	0.000	0.000	0.007	0.052	0.021	0.006	0.000	8.262	0.874	0.000	0.095	1.000	-641.708
21	6	476	308	0.6097	0.255	0.286	0.070	0.020	0.002	0.063	0.676	0.121	0.125	0.280	8.043	0.941	0.059	0.043	1.000	-3760.463
21	6	344	177	0.4255	0.050	0.078	0.038	0.009	0.000	0.032	0.195	0.066	0.138	0.061	3.024	0.778	0.166	0.040	1.466	-2317.034
21	6	220	140	0.5900	0.128	0.085	0.035	0.000	0.005	0.023	0.198	0.031	0.111	0.125	5.644	0.775	0.082	0.119	2.925	-1509.365
21	6	2057	663	0.5121	0.124	0.126	0.021	0.005	0.007	0.029	0.221	0.086	0.094	0.146	2.028	0.993	0.007	0.008	15.990	-13157.514
21	6	316	262	0.4136	0.207	0.341	0.050	0.010	0.017	0.045	0.617	0.172	0.157	0.166	3.646	0.427	0.257	0.080	2.136	-3002.253
21	6	256	187	0.5513	0.184	0.158	0.013	0.008	0.000	0.089	0.494	0.172	0.043	0.213	3.438	0.787	0.190	0.078	7.018	-2108.525
21	6	309	216	0.5358	0.194	0.120	0.028	0.007	0.003	0.055	0.306	0.072	0.067	0.167	3.429	0.976	0.024	0.100	1.000	-2311.162
21	6	206	174	0.5804	0.299	0.680	0.015	0.026	0.000	0.066	1.087	0.151	0.186	0.373	6.381	0.846	0.077	0.066	9.297	-1817.543
21	6	578	435	0.5299	0.203	0.346	0.059	0.008	0.018	0.078	0.517	0.164	0.172	0.165	3.476	0.743	0.087	0.143	1.836	-5474.459
21	6	115	100	0.6778	0.673	1.756	0.098	0.000	0.009	0.013	0.340	0.000	0.179	0.677	6.657	0.539	0.154	0.089	3.383	-1079.182
21	6	252	236	0.6115	0.597	0.583	0.064	0.028	0.016	0.090	0.676	0.097	0.262	0.541	5.128	0.335	0.278	0.145	1.380	-2580.849
21	6	949	401	0.5664	0.157	0.205	0.025	0.010	0.009	0.030	0.229	0.083	0.078	0.111	3.029	0.962	0.026	0.023	8.489	-6361.294
21	6	209	169	0.5934	0.104	0.090	0.000	0.029	0.005	0.129	0.545	0.030	0.184	0.123	3.480	0.665	0.051	0.143	1.000	-1716.587
21	6	449	271	0.6413	0.144	0.131	0.016	0.013	0.017	0.068	0.535	0.063	0.102	0.145	3.762	0.815	0.056	0.035	1.718	-3355.675
21	6	626	340	0.6541	0.135	0.231	0.043	0.003	0.017	0.055	0.264	0.041	0.061	0.113	5.494	0.890	0.038	0.043	1.000	-4388.400
21	6	732	408	0.4528	0.087	0.141	0.026	0.008	0.006	0.010	0.314	0.129	0.155	0.104	3.723	0.868	0.120	0.073	7.832	-5438.460
21	6	181	116	0.6172	0.187	0.000	0.000	0.000	0.005	0.051	0.407	0.032	0.074	0.270	5.284	0.948	0.052	0.055	1.000	-1233.581
21	6	1027	406	0.5489	0.047	0.115	0.020	0.007	0.002	0.030	0.234	0.059	0.072	0.082	3.095	0.976	0.024	0.026	1.000	-6582.443
21	6	159	115	0.4528	0.068	0.112	0.006	0.013	0.000	0.013	0.232	0.029	0.106	0.065	3.926	0.847	0.020	0.096	3.126	-1055.247
21	6	314	175	0.4392	0.177	0.051	0.000	0.000	0.003	0.018	0.220	0.032	0.162	0.136	3.405	0.883	0.035	0.009	1.000	-1987.803
21	6	174	134	0.4447	0.084	0.062	0.036	0.012	0.000	0.043	0.336	0.047	0.116	0.141	2.413	0.355	0.170	0.093	1.508	-1306.728
21	6	310	234	0.4362	0.115	0.216	0.024	0.018	0.035	0.035	0.407	0.164	0.161	0.148	4.603	0.648	0.253	0.187	5.091	-2698.096
21	6	445	305	0.5906	0.172	0.174	0.028	0.002	0.010	0.061	0.316	0.112	0.068	0.135	6.125	0.564	0.165	0.099	1.000	-3489.726
21	6	191	137	0.6018	0.141	0.070	0.014	0.006	0.016	0.079	0.311	0.087	0.105	0.222	4.353	0.859	0.060	0.051	1.000	-1414.274
21	6	305	238	0.5572	0.216	0.397	0.043	0.014	0.021	0.045	0.513	0.060	0.146	0.218	4.041	0.699	0.184	0.049	2.806	-2669.660
21	6	602	313	0.6452	0.179	0.163	0.016	0.006	0.006	0.088	0.276	0.093	0.098	0.133	5.470	0.866	0.110	0.038	1.792	-4329.672
21	6	212	180	0.4694	0.127	0.198	0.069	0.010	0.030	0.098	0.483	0.150	0.128	0.117	3.067	0.000	0.000	0.169	1.000	-1932.777
21	6	276	176	0.6927	0.231	0.070	0.048	0.000	0.007	0.067	0.321	0.098	0.000	0.162	4.532	0.863	0.036	0.074	1.000	-1927.966
21	6	291	204	0.6513	0.141	0.194	0.023	0.007	0.022	0.068	0.343	0.062	0.108	0.205	5.879	0.685	0.035	0.065	1.000	-2216.417
21	6	364	260	0.6294	0.158	0.233	0.014	0.012	0.012	0.042	0.358	0.106	0.096	0.203	6.795	0.547	0.310	0.049	11.996	-2879.963
21	6	407	250	0.4714	0.037	0.089	0.030	0.005	0.008	0.023	0.231	0.106	0.098	0.104	3.593	0.932	0.056	0.058	8.521	-2767.544
21	6	485	224	0.4670	0.041	0.058	0.004	0.011	0.002	0.033	0.194	0.067	0.061	0.051	3.247	0.940	0.042	0.019	1.000	-2960.904
21	6	946	515	0.5919	0.120	0.153	0.043	0.010	0.020	0.055	0.353	0.113	0.096	0.113	5.089	0.868	0.057	0.062	1.000	-7171.997
21	6	173	169	0.4528	0.276	0.946	0.007	0.000	0.024	0.035	0.629	0.542	0.389	0.272	3.376	0.235	0.423	0.144	6.098	-2021.273
21	6	254	113	0.4038	0.063	0.026	0.013	0.000	0.004	0.000	0.117	0.044	0.017	0.018	1.935	1.000	0.000	0.036	1.000	-1342.193
21	6	274	152	0.5434	0.048	0.083	0.014	0.008	0.007	0.042	0.199	0.048	0.071	0.073	4.088	0.976	0.004	0.030	1.000	-1702.206
21	6	282	195	0.5489	0.133	0.160	0.040	0.007	0.026	0.068	0.399	0.107	0.137	0.138	4.685	0.901	0.053	0.056	9.091	-2205.572
21	6	311	215	0.4133	0.068	0.125	0.019	0.000	0.000	0.054	0.527	0.152	0.079	0.114	3.496	0.831	0.094	0.087	1.000	-2387.317
21	6	232	179	0.5065	0.131	0.125	0.044	0.000	0.004	0.051	0.403	0.178	0.100	0.140	2.390	0.568	0.068	0.056	1.275	-1822.860
21	6	428	239	0.4524	0.080	0.069	0.010	0.000	0.002	0.024	0.504	0.087	0.163	0.092	3.881	0.959	0.041	0.021	1.000	-2882.637
21	6	399	281	0.4133	0.141	0.133	0.018	0.010	0.006	0.023	0.562	0.158	0.155	0.117	3.047	0.514	0.120	0.110	1.523	-3277.613
21	6	1133	452	0.5298	0.042	0.068	0.018	0.003	0.000	0.025	0.280	0.060	0.075	0.090	2.561	0.972	0.028	0.059	1.000	-7359.671
21	6	612	246	0.4156	0.067	0.067	0.021	0.000	0.000	0.024	0.453	0.088	0.076	0.014	2.719	0.959	0.015	0.014	3.442	-3766.053
21	6	422	195	0.4634	0.026	0.049	0.019	0.000	0.000	0.001	0.166	0.083	0.226	0.065	4.107	0.964	0.023	0.021	1.000	-2584.332
21	6	347	165	0.5115	0.020	0.101	0.017	0.000	0.006	0.013	0.150	0.049	0.069	0.068	3.179	0.862	0.000	0.018	1.000	-2052.322
21	6	433	265	0.5795	0.120	0.149	0.014	0.007	0.005	0.052	0.335	0.056	0.084	0.093	4.458	0.866	0.073	0.060	1.281	-3073.707
21	6	520	299	0.5867	0.045	0.218	0.037	0.002	0.008	0.046	0.412	0.094	0.129	0.139	3.348	0.871	0.111	0.061	3.841	-3926.434
21	6	291	172	0.6309	0.075	0.155	0.010	0.022	0.016	0.073	0.451	0.089	0.114	0.042	6.531	0.886	0.020	0.017	1.000	-1962.730
21	6	197	164	0.6098	0.156	0.230	0.047	0.016	0.020	0.095	0.481	0.118	0.183	0.121	3.148	0.480	0.184	0.082	1.427	-1792.524
21	6	313	209	0.6432	0.223	0.146	0.028	0.011	0.016	0.093	0.427	0.088	0.072	0.268	3.942	0.925	0.047	0.034	6.008	-2376.792
21	6	370	232	0.4568	0.108	0.119	0.014	0.005	0.000	0.034	0.360	0.162	0.048	0.129	2.765	0.950	0.000	0.101	3.008	-2750.023
21	6	257	206	0.5688	0.220	0.343	0.027	0.000	0.004	0.056	0.469	0.060	0.148	0.212	3.451	0.696	0.164	0.116	5.253	-2276.148
21	6	377	220	0.4611	0.093	0.035	0.025	0.006	0.008	0.026	0.217	0.156	0.056	0.038	2.585	0.987	0.013	0.088	1.000	-2521.924
21	6	308	226	0.4105	0.150	0.087	0.045	0.007	0.013	0.050	0.572	0.132	0.122	0.192	3.075	0.684	0.171	0.100	1.000	-2606.574
21	6	788	523	0.4867	0.383	0.195	0.047	0.007	0.015	0.086	0.429	0.078	0.084	0.452	3.800	0.856	0.137	0.136	1.000	-7081.161
21	6	377	260	0.5281	0.155	0.172	0.026	0.001	0.010	0.087	0.512	0.079	0.120	0.146	4.190	0.713	0.086	0.070	1.000	-3061.292
21	6	253	186	0.5123	0.182	0.084	0.036	0.000	0.021	0.054	0.406	0.106	0.066	0.177	3.290	0.987	0.013	0.051	1.000	-1834.100
21	6	482	390	0.5653	0.245	0.352	0.054	0.016	0.006	0.111	0.829	0.134	0.156	0.277	3.706	0.588	0.274	0.096	2.450	-4803.213
21	6	803	365	0.4261	0.075	0.059	0.020	0.007	0.004	0.028	0.265	0.096	0.158	0.025	3.613	0.890	0.067	0.031	1.000	-5392.863
21	6	1144	444	0.4616	0.086	0.078	0.012	0.003	0.003	0.021	0.245	0.097	0.090	0.044	3.208	0.937	0.063	0.039	1.000	-7465.511
21	6	317	208	0.4201	0.068	0.065	0.027	0.007	0.002	0.036	0.396	0.116	0.127	0.111	3.537	0.751	0.155	0.046	1.115	-2336.933
21	6	350	205	0.5356	0.149	0.194	0.012	0.012	0.014	0.050	0.212	0.140	0.058	0.116	2.424	0.966	0.034	0.009	1.000	-2393.855
21	6	380	255	0.5991	0.188	0.250	0.069	0.009	0.000	0.042	0.560	0.080	0.175	0.194	3.415	0.867	0.089	0.049	1.630	-3105.114
21	6	140	127	0.4603	0.172	0.496	0.038	0.021	0.015	0.030	0.746	0.385	0.178	0.181	2.901	0.032	0.038	0.104	2.208	-1498.738
21	6	144	138	0.4570	0.131	0.645	0.025	0.008	0.006	0.102	0.605	0.203	0.060	0.181	3.709	0.662	0.161	0.227	3.558	-1398.402
21	6	1072	513	0.6151	0.157	0.164	0.030	0.004	0.006	0.035	0.321	0.057	0.091	0.149	4.090	0.909	0.047	0.044	2.901	-7684.820
21	6	728	477	0.4226	0.057	0.123	0.015	0.003	0.007	0.043	0.449	0.142	0.200	0.125	3.781	0.690	0.310	0.136	1.000	-5818.057
21	6	270	145	0.4785	0.067	0.072	0.014	0.004	0.008	0.013	0.248	0.060	0.011	0.022	1.314	0.779	0.008	0.057	1.000	-1662.060
21	6	360	173	0.4065	0.051	0.088	0.016	0.005	0.007	0.012	0.206	0.041	0.082	0.027	4.663	0.822	0.016	0.018	1.000	-2153.822
21	6	843	464	0.4345	0.118	0.141	0.025	0.002	0.006	0.044	0.347	0.142	0.113	0.090	4.497	0.821	0.130	0.093	1.742	-6479.057
21	6	413	191	0.6328	0.126	0.098	0.010	0.000	0.003	0.032	0.154	0.061	0.037	0.069	4.399	0.990	0.010	0.026	1.000	-2448.065
21	6	454	258	0.6032	0.097	0.235	0.014	0.007	0.005	0.026	0.216	0.072	0.080	0.159	3.641	0.872	0.039	0.025	5.120	-3112.344
21	6	411	323	0.4352	0.227	0.159	0.021	0.007	0.011	0.067	0.606	0.155	0.135	0.243	3.414	0.646	0.322	0.168	7.310	-3736.760
21	6	1514	497	0.6422	0.066	0.078	0.015	0.008	0.007	0.032	0.269	0.082	0.054	0.074	3.539	0.806	0.139	0.011	1.000	-9526.517
21	6	709	416	0.5304	0.156	0.116	0.035	0.007	0.009	0.045	0.318	0.073	0.138	0.167	3.650	0.767	0.121	0.094	1.000	-5567.928
21	6	783	457	0.4974	0.152	0.167	0.035	0.005	0.012	0.033	0.374	0.116	0.114	0.151	2.806	0.814	0.092	0.071	1.402	-6232.165
21	6	297	268	0.4551	0.258	0.468	0.068	0.017	0.022	0.089	0.460	0.088	0.295	0.227	3.081	0.295	0.176	0.214	2.622	-3107.278
21	6	545	193	0.5522	0.018	0.042	0.011	0.008	0.010	0.015	0.182	0.016	0.046	0.055	3.590	0.983	0.013	0.029	1.000	-3008.876
21	6	183	121	0.5507	0.077	0.192	0.031	0.023	0.018	0.023	0.143	0.052	0.006	0.097	4.846	0.713	0.112	0.023	3.951	-1225.601
21	6	1075	540	0.4645	0.133	0.195	0.021	0.006	0.006	0.034	0.266	0.095	0.109	0.113	3.400	0.941	0.058	0.076	238.987	-7805.165
21	6	585	405	0.5053	0.198	0.241	0.038	0.007	0.002	0.055	0.399	0.167	0.102	0.214	2.882	0.700	0.187	0.101	2.187	-5140.681
21	6	219	165	0.6707	0.194	0.262	0.024	0.009	0.040	0.046	0.575	0.139	0.073	0.205	5.187	0.606	0.134	0.059	4.911	-1861.321
21	6	640	343	0.5173	0.162	0.167	0.028	0.003	0.008	0.028	0.260	0.119	0.081	0.145	3.065	0.920	0.051	0.042	2.467	-4621.419
21	6	450	274	0.5577	0.119	0.177	0.030	0.016	0.011	0.047	0.344	0.022	0.170	0.110	6.083	0.823	0.084	0.035	2.347	-3331.799
21	6	151	132	0.5724	0.107	0.208	0.054	0.000	0.014	0.107	0.516	0.034	0.277	0.098	6.712	0.000	0.000	0.130	1.717	-1299.089
21	6	416	251	0.5891	0.198	0.375	0.013	0.023	0.016	0.093	0.266	0.097	0.055	0.196	5.094	0.940	0.021	0.026	1.000	-3038.917
21	6	635	329	0.4946	0.075	0.106	0.023	0.012	0.011	0.041	0.230	0.070	0.107	0.089	4.173	0.943	0.040	0.040	3.968	-4317.995
21	6	1238	435	0.5346	0.084	0.078	0.017	0.005	0.006	0.026	0.228	0.058	0.081	0.077	2.739	0.952	0.016	0.008	1.000	-7624.122
21	6	316	195	0.4522	0.107	0.098	0.005	0.000	0.003	0.046	0.305	0.094	0.119	0.096	1.916	0.690	0.098	0.046	1.307	-2299.522
21	6	2047	1119	0.5144	0.203	0.213	0.059	0.008	0.010	0.075	0.484	0.127	0.112	0.193	2.867	0.895	0.105	0.075	1.000	-17468.527
21	6	147	109	0.5775	0.098	0.065	0.029	0.007	0.007	0.049	0.436	0.079	0.000	0.135	2.651	0.766	0.089	0.056	1.122	-1060.171
21	6	654	376	0.4662	0.115	0.159	0.042	0.009	0.004	0.016	0.389	0.089	0.135	0.127	2.565	0.751	0.103	0.032	2.686	-5030.331
21	6	291	257	0.4594	0.266	0.374	0.040	0.011	0.007	0.089	0.509	0.202	0.098	0.268	3.696	0.433	0.177	0.164	2.050	-2860.811
21	6	456	239	0.4530	0.064	0.111	0.023	0.011	0.007	0.041	0.235	0.126	0.052	0.065	3.072	0.856	0.104	0.034	1.000	-3130.921
21	6	907	426	0.6139	0.236	0.129	0.039	0.002	0.008	0.086	0.267	0.064	0.131	0.271	5.099	0.956	0.033	0.029	1.000	-6278.633
21	6	299	272	0.4714	0.171	0.344	0.022	0.005	0.019	0.101	0.730	0.197	0.186	0.187	3.459	0.200	0.138	0.257	1.000	-3034.398
21	6	276	174	0.6090	0.162	0.100	0.050	0.034	0.024	0.113	0.379	0.086	0.187	0.162	3.511	0.893	0.086	0.070	1.000	-2222.064
21	6	834	410	0.6297	0.101	0.131	0.029	0.012	0.015	0.047	0.359	0.091	0.102	0.112	4.825	0.958	0.042	0.029	1.000	-5810.465
21	6	448	323	0.4759	0.217	0.120	0.052	0.003	0.015	0.027	0.471	0.110	0.197	0.209	3.217	0.620	0.115	0.118	1.303	-3904.490
21	6	299	199	0.4896	0.137	0.175	0.051	0.003	0.003	0.048	0.278	0.114	0.049	0.082	3.966	0.863	0.000	0.069	1.000	-2126.863
21	6	759	321	0.4629	0.070	0.061	0.012	0.009	0.008	0.028	0.334	0.155	0.061	0.040	4.174	1.000	0.000	0.039	1.000	-4949.721
21	6	547	290	0.3989	0.122	0.141	0.025	0.004	0.002	0.025	0.302	0.175	0.114	0.064	3.474	0.882	0.111	0.080	2.544	-3640.108
21	6	1534	842	0.4916	0.223	0.229	0.030	0.009	0.010	0.032	0.405	0.121	0.141	0.188	3.413	0.893	0.075	0.091	1.405	-12575.529
21	6	156	117	0.5586	0.143	0.156	0.036	0.000	0.000	0.030	0.266	0.096	0.026	0.172	1.841	0.782	0.005	0.032	1.817	-1086.425
21	6	443	269	0.3908	0.215	0.165	0.023	0.002	0.002	0.045	0.367	0.051	0.089	0.172	3.861	0.700	0.132	0.134	1.704	-3410.444
21	6	245	133	0.5834	0.112	0.074	0.036	0.004	0.000	0.020	0.147	0.070	0.037	0.046	3.448	0.931	0.000	0.045	1.000	-1483.252
21	6	421	248	0.4300	0.079	0.106	0.009	0.005	0.002	0.023	0.183	0.106	0.110	0.127	3.937	0.873	0.105	0.077	6.214	-2929.513
21	6	382	236	0.6186	0.157	0.246	0.034	0.003	0.008	0.035	0.231	0.095	0.058	0.137	3.457	0.817	0.090	0.057	5.391	-2804.011
21	6	277	227	0.6897	0.229	0.205	0.069	0.017	0.026	0.107	0.936	0.251	0.075	0.322	3.181	0.684	0.194	0.133	1.000	-2709.303
21	6	458	165	0.5088	0.021	0.046	0.005	0.000	0.000	0.011	0.134	0.051	0.034	0.037	2.491	0.890	0.070	0.010	1.217	-2523.054
21	6	901	528	0.3966	0.116	0.137	0.013	0.017	0.010	0.044	0.483	0.106	0.075	0.089	3.620	0.705	0.222	0.082	1.235	-6956.047
21	6	524	291	0.5274	0.104	0.098	0.041	0.006	0.006	0.041	0.395	0.090	0.121	0.150	3.436	0.827	0.044	0.035	1.000	-3766.969
21	6	158	135	0.6229	0.286	0.227	0.040	0.008	0.039	0.083	0.632	0.172	0.048	0.349	3.349	0.190	0.024	0.101	1.000	-1419.896
21	6	1117	609	0.4191	0.120	0.113	0.030	0.005	0.008	0.035	0.410	0.173	0.179	0.047	3.517	0.705	0.211	0.082	1.000	-8895.447
21	6	540	287	0.6045	0.086	0.128	0.017	0.003	0.004	0.054	0.301	0.089	0.083	0.015	4.412	0.968	0.032	0.051	1.000	-3623.455
21	6	353	192	0.5087	0.092	0.060	0.020	0.006	0.005	0.043	0.267	0.067	0.115	0.065	2.091	0.653	0.048	0.047	1.000	-2406.516
21	6	314	195	0.6174	0.120	0.126	0.032	0.010	0.003	0.070	0.292	0.082	0.086	0.162	5.177	0.917	0.052	0.075	4.263	-2285.921
21	6	709	355	0.4757	0.061	0.085	0.007	0.001	0.009	0.041	0.191	0.110	0.057	0.122	3.312	0.966	0.028	0.038	1.000	-4611.184
21	6	368	166	0.5568	0.104	0.023	0.005	0.006	0.003	0.021	0.141	0.039	0.061	0.076	7.250	0.896	0.015	0.042	1.000	-2131.414
21	6	466	349	0.4665	0.199	0.158	0.043	0.012	0.012	0.043	0.662	0.166	0.172	0.169	3.247	0.743	0.171	0.110	10.990	-4204.128
21	6	545	306	0.6916	0.156	0.128	0.023	0.004	0.019	0.108	0.463	0.069	0.140	0.149	5.625	0.938	0.051	0.029	1.000	-3986.172
21	6	344	241	0.6094	0.225	0.193	0.044	0.014	0.003	0.056	0.323	0.042	0.124	0.171	4.240	0.802	0.075	0.076	3.059	-2679.209
21	6	809	571	0.6065	0.253	0.256	0.061	0.022	0.006	0.074	0.689	0.170	0.142	0.261	5.074	0.710	0.210	0.071	1.000	-6987.110
21	6	560	318	0.5793	0.134	0.264	0.035	0.004	0.007	0.045	0.262	0.071	0.070	0.106	3.901	0.890	0.044	0.040	4.910	-4055.530
21	6	441	232	0.4701	0.092	0.105	0.017	0.004	0.006	0.045	0.221	0.032	0.107	0.013	3.991	0.900	0.047	0.026	1.000	-2822.079
21	6	889	346	0.5806	0.111	0.081	0.025	0.006	0.003	0.027	0.191	0.071	0.066	0.074	3.425	0.968	0.011	0.018	1.000	-5527.914
21	6	283	190	0.5897	0.115	0.190	0.064	0.003	0.008	0.083	0.327	0.062	0.071	0.082	5.620	0.565	0.106	0.056	1.000	-2163.933
21	6	321	192	0.4254	0.112	0.115	0.036	0.003	0.003	0.010	0.240	0.042	0.149	0.058	2.446	0.889	0.019	0.052	1.000	-2181.439
21	6	1141	531	0.4667	0.125	0.129	0.033	0.005	0.007	0.025	0.303	0.078	0.092	0.108	2.739	0.956	0.044	0.055	1.000	-8198.520
21	6	253	129	0.7130	0.095	0.097	0.000	0.000	0.004	0.090	0.239	0.013	0.098	0.041	7.513	0.934	0.052	0.046	1.000	-1547.935
21	6	778	364	0.4783	0.037	0.119	0.016	0.004	0.004	0.037	0.261	0.127	0.085	0.037	2.408	0.856	0.040	0.071	1.000	-5346.518
21	6	920	411	0.5454	0.086	0.046	0.020	0.007	0.005	0.033	0.262	0.070	0.100	0.095	3.105	0.974	0.016	0.030	1.000	-5998.183
21	6	334	213	0.5489	0.162	0.174	0.011	0.000	0.003	0.037	0.344	0.029	0.070	0.165	2.246	0.910	0.065	0.047	1.726	-2394.758
21	6	295	202	0.4997	0.115	0.152	0.027	0.000	0.010	0.048	0.209	0.154	0.133	0.077	4.140	0.881	0.044	0.066	3.250	-2168.797
21	6	521	331	0.4624	0.148	0.207	0.011	0.021	0.000	0.061	0.456	0.125	0.118	0.100	3.309	0.794	0.094	0.072	2.629	-4193.106
21	6	398	166	0.6716	0.086	0.078	0.014	0.003	0.003	0.023	0.204	0.036	0.046	0.045	5.672	0.985	0.006	0.028	4.399	-2283.193
21	6	478	330	0.4485	0.145	0.333	0.044	0.024	0.004	0.034	0.428	0.122	0.085	0.212	2.485	0.816	0.137	0.076	9.748	-4046.585
21	6	231	124	0.5421	0.043	0.095	0.012	0.004	0.000	0.011	0.138	0.055	0.098	0.037	3.318	0.884	0.030	0.017	1.000	-1332.895
21	6	311	233	0.4611	0.130	0.161	0.070	0.007	0.003	0.036	0.434	0.134	0.077	0.162	2.496	0.689	0.139	0.126	1.000	-2595.573
21	6	373	300	0.4043	0.231	0.322	0.028	0.008	0.012	0.024	0.680	0.066	0.165	0.227	2.880	0.570	0.260	0.087	4.383	-3400.412
21	6	210	138	0.4825	0.079	0.147	0.020	0.005	0.000	0.025	0.252	0.069	0.074	0.015	4.561	0.758	0.084	0.011	3.112	-1365.490
21	6	141	118	0.5851	0.141	0.329	0.048	0.008	0.000	0.201	0.590	0.086	0.099	0.175	1.922	0.581	0.219	0.103	1.957	-1311.012
21	6	189	129	0.5422	0.172	0.104	0.029	0.000	0.000	0.036	0.259	0.059	0.037	0.217	4.329	0.888	0.040	0.069	1.000	-1285.195
21	6	419	234	0.5709	0.133	0.125	0.044	0.008	0.007	0.024	0.326	0.086	0.079	0.158	3.721	0.927	0.073	0.034	1.000	-2988.285
21	6	228	187	0.6292	0.178	0.251	0.035	0.000	0.005	0.075	0.489	0.105	0.145	0.167	3.919	0.290	0.157	0.089	1.484	-2022.348
21	6	230	148	0.4751	0.088	0.033	0.025	0.014	0.000	0.007	0.266	0.149	0.102	0.127	3.658	0.590	0.021	0.141	1.988	-1635.206
21	6	652	360	0.6272	0.149	0.067	0.020	0.010	0.011	0.043	0.391	0.123	0.131	0.189	5.279	0.936	0.030	0.046	1.000	-4787.229
21	6	358	238	0.6280	0.136	0.150	0.045	0.003	0.008	0.040	0.418	0.100	0.045	0.112	4.837	0.840	0.016	0.106	1.282	-2620.702
21	6	373	317	0.4790	0.213	0.445	0.049	0.013	0.012	0.068	0.707	0.129	0.185	0.163	2.961	0.467	0.265	0.081	1.949	-3739.128
21	6	879	459	0.5270	0.084	0.161	0.019	0.005	0.011	0.058	0.384	0.106	0.143	0.101	4.168	0.914	0.081	0.060	5.041	-6608.629
21	6	391	182	0.6504	0.082	0.100	0.031	0.003	0.003	0.037	0.200	0.039	0.072	0.047	3.374	0.884	0.025	0.023	1.000	-2369.026
21	6	429	254	0.5565	0.221	0.042	0.012	0.005	0.007	0.028	0.238	0.119	0.150	0.229	4.027	0.915	0.026	0.017	1.000	-2929.155
21	6	206	110	0.5547	0.091	0.252	0.000	0.000	0.000	0.046	0.141	0.046	0.026	0.018	7.370	0.933	0.056	0.019	43.099	-1176.317
21	6	338	243	0.5744	0.254	1.186	0.070	0.020	0.028	0.053	0.627	0.093	0.093	0.276	4.050	0.853	0.114	0.063	13.531	-2953.512
21	6	362	124	0.4881	0.000	0.016	0.009	0.003	0.003	0.009	0.043	0.020	0.033	0.052	2.513	0.948	0.000	0.026	1.000	-1802.201
21	6	844	409	0.4655	0.065	0.123	0.020	0.003	0.001	0.042	0.338	0.072	0.074	0.093	3.533	0.551	0.346	0.000	3.479	-5888.641
21	6	225	142	0.4632	0.089	0.061	0.032	0.014	0.000	0.021	0.318	0.067	0.149	0.085	4.157	0.646	0.299	0.000	7.390	-1623.011
21	6	291	203	0.5673	0.187	0.131	0.026	0.021	0.008	0.030	0.403	0.070	0.087	0.141	2.774	0.597	0.069	0.082	1.000	-2300.334
21	6	239	131	0.4628	0.014	0.136	0.013	0.000	0.004	0.000	0.229	0.063	0.092	0.031	3.173	0.865	0.075	0.000	3.104	-1459.668
21	6	618	331	0.4865	0.118	0.089	0.030	0.017	0.008	0.029	0.305	0.113	0.178	0.107	3.015	0.903	0.016	0.036	1.000	-4408.414
21	6	251	164	0.5042	0.059	0.070	0.043	0.000	0.009	0.030	0.170	0.070	0.115	0.066	4.139	0.852	0.035	0.068	1.000	-1645.100
21	6	375	208	0.4864	0.103	0.127	0.021	0.006	0.004	0.030	0.177	0.092	0.090	0.061	2.182	0.882	0.009	0.032	1.000	-2433.483
21	6	269	166	0.5394	0.090	0.074	0.022	0.008	0.004	0.045	0.280	0.088	0.087	0.121	3.622	0.976	0.024	0.043	1.000	-1808.261
21	6	1098	442	0.4454	0.086	0.177	0.010	0.004	0.005	0.032	0.165	0.069	0.065	0.092	2.822	0.884	0.090	0.011	16.049	-7187.376
21	6	219	149	0.4320	0.087	0.080	0.000	0.019	0.000	0.064	0.271	0.064	0.110	0.105	1.921	0.456	0.018	0.026	1.070	-1488.838
21	6	555	291	0.5104	0.095	0.094	0.016	0.011	0.005	0.040	0.253	0.134	0.072	0.073	3.390	0.948	0.029	0.066	4.824	-3868.933
21	6	329	231	0.5103	0.141	0.183	0.034	0.005	0.024	0.083	0.442	0.187	0.110	0.192	3.039	0.733	0.179	0.065	3.750	-2778.385
21	6	503	261	0.6208	0.039	0.122	0.038	0.008	0.005	0.020	0.475	0.034	0.084	0.126	2.716	0.969	0.031	0.030	1.000	-3337.393
21	6	140	130	0.5890	0.459	4.241	0.193	0.000	0.015	0.118	0.765	0.190	0.235	0.448	4.255	0.555	0.170	0.197	40.091	-1592.062
21	6	202	115	0.4796	0.038	0.066	0.005	0.000	0.010	0.005	0.109	0.036	0.067	0.081	4.110	0.789	0.000	0.067	1.000	-1178.482
21	6	294	209	0.5622	0.150	0.121	0.062	0.000	0.003	0.045	0.397	0.080	0.072	0.122	2.226	0.937	0.039	0.077	1.000	-2226.025
21	6	220	177	0.4437	0.106	0.164	0.029	0.010	0.018	0.073	0.486	0.166	0.062	0.167	2.251	0.835	0.083	0.123	1.000	-1869.246
21	6	296	132	0.5121	0.017	0.050	0.014	0.007	0.007	0.011	0.176	0.011	0.049	0.040	2.136	0.793	0.000	0.024	1.000	-1634.906
21	6	762	425	0.4495	0.109	0.120	0.014	0.007	0.007	0.029	0.420	0.183	0.109	0.098	3.748	0.894	0.103	0.103	14.437	-5917.234
21	6	877	525	0.5641	0.153	0.164	0.041	0.012	0.008	0.047	0.304	0.126	0.127	0.162	3.158	0.898	0.069	0.093	4.309	-6995.716
21	6	499	303	0.6066	0.095	0.166	0.040	0.007	0.000	0.025	0.391	0.084	0.087	0.045	3.518	0.912	0.053	0.027	1.585	-3464.491
21	6	367	201	0.4526	0.050	0.165	0.011	0.001	0.008	0.041	0.278	0.065	0.101	0.034	3.776	0.897	0.067	0.049	5.542	-2482.336
21	6	325	262	0.4289	0.122	0.189	0.029	0.006	0.006	0.062	0.509	0.205	0.222	0.165	3.967	0.709	0.125	0.093	1.406	-2803.472
21	6	639	303	0.5323	0.182	0.123	0.009	0.014	0.006	0.017	0.201	0.092	0.112	0.196	4.737	0.962	0.018	0.013	1.000	-4213.160
21	6	362	203	0.4783	0.080	0.179	0.011	0.006	0.003	0.072	0.275	0.094	0.133	0.105	2.658	0.930	0.058	0.027	7.066	-2552.431
21	6	375	208	0.4417	0.067	0.241	0.015	0.003	0.000	0.019	0.204	0.052	0.060	0.057	2.382	0.846	0.053	0.018	1.995	-2489.364
21	6	437	285	0.4450	0.138	0.161	0.026	0.010	0.005	0.070	0.366	0.037	0.129	0.187	2.556	0.829	0.045	0.070	2.365	-3386.585
21	6	249	144	0.4054	0.054	0.046	0.017	0.015	0.009	0.027	0.206	0.076	0.034	0.079	2.730	0.929	0.045	0.025	1.794	-1537.411
21	6	314	215	0.6244	0.128	0.257	0.053	0.020	0.009	0.101	0.501	0.069	0.182	0.076	9.915	0.921	0.079	0.058	1.000	-2447.050
21	6	412	300	0.4988	0.095	0.253	0.029	0.005	0.007	0.026	0.383	0.105	0.131	0.140	3.103	0.815	0.092	0.134	3.917	-3381.607
21	6	437	153	0.6260	0.025	0.085	0.010	0.000	0.000	0.023	0.121	0.024	0.036	0.040	3.859	0.936	0.001	0.020	1.000	-2318.958
21	6	274	221	0.4423	0.311	0.334	0.020	0.004	0.000	0.026	0.400	0.134	0.106	0.387	2.435	0.762	0.060	0.084	2.635	-2354.468
21	6	155	131	0.5895	0.096	0.268	0.043	0.013	0.000	0.145	0.387	0.048	0.218	0.150	2.407	0.626	0.187	0.125	1.246	-1392.119
21	6	486	287	0.5073	0.137	0.123	0.019	0.002	0.004	0.049	0.336	0.058	0.115	0.186	3.652	0.864	0.013	0.035	1.000	-3431.685
21	6	574	407	0.4965	0.153	0.231	0.021	0.013	0.012	0.040	0.496	0.117	0.252	0.231	3.129	0.718	0.086	0.066	1.000	-4942.938
21	6	1322	681	0.4204	0.147	0.129	0.027	0.006	0.008	0.051	0.375	0.120	0.149	0.137	3.241	0.807	0.175	0.079	1.000	-10599.866
21	6	216	171	0.5522	0.106	0.237	0.014	0.011	0.042	0.100	0.508	0.164	0.139	0.151	3.738	0.754	0.130	0.083	2.247	-1898.074
21	6	777	341	0.4473	0.070	0.067	0.005	0.004	0.012	0.022	0.203	0.085	0.075	0.069	3.515	0.910	0.058	0.046	1.000	-4984.784
21	6	568	329	0.5805	0.146	0.126	0.019	0.000	0.016	0.027	0.307	0.065	0.054	0.171	4.653	0.886	0.017	0.127	2.976	-4137.323
21	6	845	391	0.4851	0.100	0.114	0.015	0.006	0.005	0.042	0.339	0.070	0.087	0.064	2.880	0.949	0.045	0.038	3.686	-5770.435
21	6	443	203	0.5202	0.075	0.049	0.024	0.004	0.011	0.032	0.212	0.075	0.063	0.082	2.616	0.916	0.084	0.026	1.000	-2802.986
21	6	577	246	0.4472	0.066	0.363	0.017	0.007	0.000	0.026	0.240	0.073	0.069	0.078	3.976	0.968	0.028	0.042	999.000	-3632.930
21	6	783	439	0.4510	0.116	0.174	0.015	0.011	0.006	0.055	0.385	0.162	0.119	0.106	3.193	0.875	0.125	0.082	1.000	-6176.808
21	6	430	216	0.6031	0.221	0.024	0.046	0.003	0.010	0.043	0.412	0.059	0.101	0.176	4.566	0.878	0.053	0.031	1.000	-2998.222
21	6	323	239	0.5724	0.443	0.153	0.050	0.012	0.035	0.044	0.821	0.213	0.175	0.498	5.727	0.629	0.138	0.058	1.000	-2982.607
21	6	483	198	0.3762	0.026	0.050	0.013	0.000	0.002	0.014	0.260	0.054	0.085	0.036	4.251	0.827	0.000	0.047	1.000	-2862.092
21	6	324	238	0.4788	0.202	0.254	0.006	0.000	0.045	0.066	0.435	0.144	0.046	0.157	3.069	0.744	0.132	0.049	1.000	-2568.724
21	6	306	208	0.5820	0.107	0.253	0.021	0.004	0.003	0.033	0.257	0.158	0.103	0.176	3.581	0.791	0.131	0.054	2.094	-2339.195
21	6	157	118	0.5165	0.012	0.119	0.037	0.000	0.014	0.048	0.354	0.030	0.105	0.075	4.513	0.659	0.030	0.116	1.000	-1099.865
21	6	208	135	0.5602	0.055	0.138	0.017	0.010	0.015	0.024	0.139	0.027	0.069	0.042	1.911	0.817	0.000	0.044	1.000	-1292.454
21	6	257	153	0.6109	0.092	0.085	0.073	0.003	0.012	0.016	0.363	0.065	0.028	0.087	2.267	0.983	0.017	0.052	1.000	-1757.547
21	6	695	429	0.5670	0.107	0.159	0.027	0.014	0.010	0.041	0.328	0.123	0.153	0.157	3.950	0.820	0.101	0.091	1.026	-5499.492
21	6	736	274	0.4195	0.060	0.068	0.012	0.003	0.011	0.019	0.166	0.049	0.049	0.033	3.565	0.943	0.045	0.062	1.000	-4449.275
21	6	511	294	0.5889	0.123	0.060	0.027	0.014	0.004	0.021	0.226	0.076	0.107	0.112	4.086	0.838	0.160	0.077	1.100	-3614.701
21	6	372	109	0.6653	0.000	0.026	0.014	0.003	0.000	0.000	0.068	0.017	0.005	0.042	8.991	0.945	0.000	0.030	1.000	-1705.837
21	6	495	221	0.5865	0.078	0.098	0.043	0.004	0.005	0.024	0.273	0.052	0.020	0.119	4.579	0.990	0.010	0.014	1.000	-2965.029
21	6	444	255	0.5928	0.070	0.180	0.021	0.017	0.010	0.046	0.480	0.033	0.069	0.072	3.999	0.939	0.009	0.040	1.000	-3014.760
21	6	576	360	0.4093	0.124	0.259	0.000	0.048	0.066	0.045	0.283	0.284	0.077	0.085	2.999	0.518	0.278	0.090	3.016	-4447.249
21	6	320	203	0.5465	0.026	0.865	0.056	0.007	0.006	0.033	0.215	0.094	0.133	0.034	2.246	0.882	0.000	0.040	20.468	-2328.066
21	6	142	116	0.5137	2.123	0.133	0.000	0.022	0.007	0.067	0.771	0.087	0.048	2.101	4.605	0.948	0.052	0.049	1.000	-1193.888
21	6	273	158	0.6015	0.027	0.049	0.034	0.011	0.004	0.014	0.369	0.004	0.073	0.034	2.858	0.497	0.037	0.105	1.000	-1719.792
21	6	324	227	0.5001	0.102	0.126	0.043	0.000	0.017	0.006	0.277	0.095	0.058	0.152	2.705	0.625	0.135	0.031	1.000	-2357.841
21	6	638	281	0.4437	0.064	0.071	0.019	0.003	0.005	0.026	0.352	0.113	0.090	0.027	1.982	0.958	0.022	0.023	1.000	-4091.215
21	6	629	267	0.4843	0.053	0.069	0.015	0.000	0.005	0.020	0.185	0.048	0.061	0.073	2.910	0.876	0.046	0.022	1.000	-3858.576
21	6	333	213	0.5772	0.079	0.177	0.013	0.011	0.005	0.031	0.349	0.150	0.115	0.110	3.289	0.787	0.066	0.056	1.000	-2466.089
21	6	516	278	0.4610	0.093	0.129	0.013	0.019	0.014	0.024	0.296	0.078	0.064	0.076	3.417	0.768	0.207	0.087	6.536	-3696.833
21	6	684	294	0.4396	0.088	0.056	0.013	0.005	0.004	0.028	0.232	0.105	0.085	0.020	3.357	0.936	0.032	0.031	5.028	-4366.470
21	6	375	312	0.4806	0.172	1.022	0.048	0.015	0.015	0.066	0.556	0.141	0.179	0.160	3.798	0.453	0.443	0.111	49.002	-3615.782
21	6	311	206	0.4986	0.098	0.146	0.042	0.003	0.016	0.097	0.446	0.061	0.161	0.100	3.030	0.867	0.040	0.024	1.000	-2316.710
21	6	456	241	0.5481	0.152	0.180	0.040	0.004	0.003	0.039	0.272	0.111	0.077	0.082	6.709	0.915	0.081	0.039	77.331	-3106.308
21	6	378	256	0.6101	0.083	0.485	0.064	0.008	0.009	0.036	0.548	0.110	0.113	0.116	4.003	0.820	0.084	0.071	13.000	-3088.740
21	6	229	182	0.5814	0.068	0.269	0.005	0.000	0.000	0.065	0.504	0.119	0.158	0.111	4.597	0.913	0.087	0.087	1.000	-1764.169
21	6	321	214	0.4172	0.093	0.121	0.033	0.003	0.003	0.040	0.286	0.113	0.062	0.043	3.246	0.910	0.082	0.103	1.000	-2252.836
21	6	457	279	0.6203	0.087	0.248	0.039	0.000	0.007	0.057	0.326	0.039	0.068	0.161	4.785	0.913	0.039	0.022	1.918	-3187.837
21	6	384	258	0.5052	0.092	0.120	0.076	0.008	0.010	0.039	0.338	0.090	0.082	0.145	2.934	0.928	0.068	0.100	41.120	-2927.529
21	6	609	363	0.4586	0.149	0.171	0.023	0.002	0.003	0.018	0.301	0.238	0.024	0.068	2.982	0.758	0.145	0.050	1.000	-4225.980
21	6	330	215	0.4320	0.077	0.155	0.052	0.005	0.008	0.050	0.375	0.101	0.142	0.074	4.377	0.514	0.162	0.018	1.000	-2557.271
21	6	810	312	0.4207	0.038	0.080	0.016	0.002	0.005	0.018	0.199	0.054	0.135	0.044	3.212	0.966	0.002	0.045	1.000	-4969.788
21	6	193	114	0.3823	0.032	0.040	0.000	0.000	0.005	0.005	0.210	0.150	0.041	0.014	4.240	0.987	0.013	0.058	1.000	-1122.545
21	6	388	265	0.5322	0.133	0.155	0.036	0.008	0.018	0.032	0.323	0.113	0.110	0.149	3.927	0.809	0.123	0.135	3.974	-3117.320
21	6	531	270	0.4559	0.078	0.083	0.015	0.002	0.002	0.032	0.256	0.153	0.067	0.012	2.796	0.931	0.049	0.038	1.000	-3454.453
21	6	592	214	0.4765	0.029	0.053	0.010	0.006	0.004	0.027	0.181	0.043	0.053	0.024	3.070	0.919	0.006	0.005	1.000	-3401.206
21	6	367	226	0.5580	0.091	0.103	0.023	0.005	0.003	0.044	0.246	0.116	0.077	0.153	4.454	0.786	0.057	0.059	1.000	-2584.697
21	6	391	147	0.5504	0.001	0.055	0.025	0.002	0.008	0.021	0.126	0.021	0.031	0.031	3.532	0.872	0.052	0.000	1.000	-2136.315
21	6	691	298	0.4805	0.053	0.062	0.018	0.004	0.011	0.020	0.173	0.078	0.089	0.049	4.013	0.837	0.017	0.057	1.000	-4352.209
21	6	234	144	0.6042	0.134	0.037	0.014	0.000	0.013	0.031	0.374	0.129	0.014	0.126	3.478	0.943	0.038	0.022	1.000	-1527.613
21	6	253	152	0.4477	0.079	0.046	0.012	0.000	0.000	0.021	0.309	0.137	0.089	0.000	3.147	0.992	0.008	0.041	1.000	-1596.267
21	6	459	374	0.5991	0.246	0.639	0.092	0.002	0.005	0.108	0.644	0.150	0.181	0.221	3.601	0.605	0.335	0.141	4.277	-4684.850
21	6	1148	565	0.4594	0.065	0.125	0.028	0.008	0.006	0.031	0.428	0.141	0.095	0.092	3.771	0.917	0.044	0.102	4.077	-8589.440
21	6	383	315	0.5590	0.243	0.328	0.064	0.006	0.017	0.070	0.492	0.168	0.130	0.238	4.958	0.620	0.294	0.094	2.311	-3549.659
21	6	690	366	0.6063	0.129	0.178	0.020	0.011	0.012	0.044	0.350	0.091	0.098	0.130	4.618	0.893	0.076	0.039	1.000	-5056.891
21	6	546	278	0.4862	0.103	0.065	0.011	0.013	0.004	0.027	0.351	0.106	0.092	0.124	2.604	0.978	0.022	0.052	1.000	-3808.749
21	6	495	363	0.4404	0.173	0.186	0.047	0.011	0.006	0.087	0.715	0.179	0.160	0.192	3.317	0.792	0.208	0.092	1.000	-4488.737
21	6	122	74	0.5756	0.149	0.056	0.000	0.009	0.000	0.000	0.184	0.000	0.096	0.116	6.089	0.000	0.000	0.059	1.000	-710.509
21	6	329	250	0.5488	0.153	0.117	0.043	0.010	0.022	0.037	0.460	0.170	0.120	0.146	4.018	0.690	0.106	0.128	1.000	-2752.698
21	6	358	186	0.6055	0.050	0.138	0.005	0.000	0.006	0.052	0.195	0.102	0.036	0.109	3.749	0.929	0.008	0.037	1.000	-2317.493
21	6	611	379	0.4900	0.138	0.164	0.007	0.008	0.002	0.044	0.293	0.179	0.151	0.133	3.365	0.849	0.098	0.085	1.000	-4766.252
21	6	479	309	0.4586	0.182	0.104	0.029	0.002	0.007	0.041	1.007	0.059	0.274	0.117	2.890	0.702	0.108	0.048	1.000	-3988.621
21	6	430	216	0.6155	0.000	0.096	0.013	0.013	0.008	0.031	0.287	0.058	0.071	0.109	3.260	0.855	0.038	0.057	1.000	-2818.433
21	6	1029	405	0.4835	0.080	0.091	0.019	0.003	0.006	0.021	0.267	0.061	0.054	0.044	2.629	0.942	0.023	0.030	1.000	-6645.806
21	6	1927	730	0.4772	0.071	0.108	0.016	0.004	0.008	0.032	0.413	0.118	0.082	0.071	3.118	0.932	0.065	0.049	10.019	-13797.468
21	6	682	389	0.4937	0.104	0.197	0.051	0.010	0.011	0.057	0.243	0.065	0.097	0.131	3.245	0.888	0.042	0.073	1.000	-5151.015
21	6	600	341	0.6622	0.173	0.139	0.027	0.008	0.014	0.089	0.377	0.094	0.084	0.184	4.401	0.922	0.055	0.054	5.419	-4487.354
21	6	677	290	0.4727	0.121	0.061	0.018	0.000	0.006	0.022	0.266	0.060	0.043	0.000	3.306	0.939	0.000	0.014	1.000	-4065.598
21	6	696	296	0.4204	0.124	0.086	0.014	0.005	0.006	0.018	0.204	0.092	0.103	0.000	2.964	0.961	0.037	0.032	17.750	-4427.464
21	6	519	299	0.5005	0.122	0.188	0.042	0.008	0.006	0.037	0.386	0.089	0.096	0.070	3.221	0.943	0.018	0.035	1.000	-3756.894
21	6	925	534	0.5645	0.195	0.187	0.040	0.010	0.009	0.050	0.365	0.097	0.140	0.196	4.448	0.789	0.067	0.055	1.477	-7359.989
21	6	566	169	0.4586	0.054	0.019	0.012	0.000	0.002	0.006	0.086	0.043	0.032	0.000	3.640	0.458	0.000	0.038	1.000	-2998.544
21	6	768	301	0.5614	0.059	0.086	0.017	0.007	0.007	0.021	0.161	0.032	0.072	0.046	3.619	0.910	0.062	0.031	2.042	-4722.403
21	6	210	133	0.6185	0.064	0.201	0.015	0.005	0.010	0.038	0.541	0.013	0.084	0.093	3.198	0.877	0.052	0.041	1.000	-1464.720
21	6	457	309	0.6511	0.102	0.303	0.039	0.008	0.016	0.068	0.708	0.161	0.082	0.115	3.481	0.913	0.087	0.069	1.000	-3873.602
21	6	819	477	0.5127	0.118	0.139	0.035	0.007	0.003	0.045	0.409	0.062	0.121	0.118	3.702	0.831	0.161	0.078	16.041	-6301.603
21	6	502	314	0.4565	0.073	0.080	0.020	0.004	0.002	0.032	0.278	0.129	0.090	0.138	2.590	0.768	0.124	0.111	2.741	-3686.146
21	6	349	220	0.5559	0.112	0.131	0.029	0.006	0.006	0.018	0.326	0.092	0.050	0.045	4.143	0.883	0.066	0.127	4.855	-2479.265
21	6	288	215	0.5838	0.217	0.403	0.136	0.015	0.003	0.053	0.718	0.074	0.098	0.231	5.414	0.708	0.119	0.058	1.463	-2532.466
21	6	242	173	0.5608	0.077	0.266	0.063	0.025	0.000	0.043	0.331	0.098	0.138	0.046	6.923	0.631	0.120	0.049	1.000	-1882.715
21	6	1164	617	0.5110	0.088	0.118	0.024	0.005	0.013	0.042	0.359	0.133	0.106	0.107	2.781	0.870	0.105	0.064	3.534	-8735.791
21	6	400	234	0.4073	0.077	0.073	0.034	0.003	0.000	0.032	0.315	0.093	0.093	0.087	4.551	0.386	0.053	0.121	1.000	-2872.924
21	6	212	155	0.4418	0.141	0.170	0.005	0.014	0.010	0.059	0.383	0.163	0.060	0.089	2.913	0.602	0.072	0.077	1.032	-1650.012
21	6	386	172	0.4886	0.000	0.059	0.014	0.000	0.005	0.020	0.207	0.047	0.066	0.059	3.649	0.857	0.010	0.023	1.000	-2277.585
21	6	396	228	0.5982	0.200	0.058	0.013	0.000	0.003	0.048	0.252	0.152	0.134	0.125	4.190	0.945	0.033	0.064	1.000	-2815.977
21	6	377	248	0.5864	0.165	0.073	0.030	0.008	0.005	0.057	0.392	0.081	0.081	0.205	3.320	0.892	0.108	0.070	1.000	-2873.778
21	6	391	168	0.4045	0.078	0.051	0.007	0.000	0.003	0.019	0.193	0.056	0.063	0.070	2.723	0.951	0.024	0.013	1.000	-2293.093
21	6	334	210	0.4698	0.151	0.009	0.013	0.000	0.003	0.045	0.611	0.192	0.046	0.089	3.704	0.000	0.000	0.039	33.606	-2269.313
21	6	314	201	0.5691	0.071	0.154	0.018	0.006	0.004	0.041	0.302	0.112	0.101	0.058	3.400	0.854	0.103	0.078	2.655	-2255.689
21	6	237	210	0.4455	0.257	0.207	0.034	0.000	0.022	0.075	0.482	0.118	0.144	0.206	3.914	0.635	0.219	0.327	3.428	-2192.504
21	6	357	229	0.5254	0.084	0.238	0.031	0.012	0.011	0.037	0.469	0.104	0.151	0.126	3.342	0.722	0.188	0.017	1.000	-2822.161
21	6	449	320	0.5351	0.138	0.246	0.056	0.007	0.005	0.039	0.435	0.114	0.104	0.156	2.991	0.827	0.163	0.135	39.437	-3758.580
21	6	519	339	0.4008	0.157	0.157	0.023	0.004	0.006	0.039	0.530	0.144	0.123	0.085	3.723	0.648	0.215	0.106	2.986	-4309.566
21	6	443	174	0.6141	0.040	0.076	0.024	0.014	0.002	0.014	0.122	0.078	0.051	0.057	5.350	0.890	0.101	0.055	125.144	-2666.236
21	6	354	136	0.5650	0.019	0.057	0.000	0.005	0.003	0.015	0.069	0.015	0.015	0.005	1.975	0.845	0.000	0.044	1.000	-1809.403
21	6	455	327	0.4254	0.160	0.154	0.044	0.018	0.004	0.046	0.547	0.101	0.149	0.117	3.473	0.383	0.076	0.092	1.000	-3865.201
21	6	242	219	0.4191	0.141	0.548	0.040	0.009	0.009	0.027	1.020	0.127	0.185	0.177	3.234	0.212	0.467	0.008	5.608	-2437.563
21	6	851	472	0.5001	0.163	0.141	0.029	0.006	0.005	0.037	0.304	0.090	0.129	0.194	4.305	0.806	0.146	0.065	2.349	-6587.698
21	6	828	431	0.4676	0.137	0.124	0.020	0.005	0.005	0.059	0.254	0.080	0.089	0.136	2.660	0.902	0.081	0.057	1.000	-6065.510
21	6	422	248	0.6015	0.158	0.149	0.015	0.017	0.006	0.053	0.392	0.119	0.047	0.098	4.912	0.877	0.061	0.066	1.000	-3099.179
21	6	410	282	0.5354	0.125	0.170	0.014	0.007	0.002	0.057	0.320	0.208	0.107	0.097	3.131	0.640	0.162	0.105	1.000	-3384.710
21	6	308	255	0.5929	0.279	0.357	0.091	0.055	0.014	0.058	0.589	0.149	0.228	0.235	4.221	0.510	0.207	0.117	1.363	-3088.116
21	6	491	323	0.5711	0.000	0.095	0.026	0.006	0.009	0.035	0.450	0.127	0.096	0.383	3.926	0.813	0.163	0.083	1.000	-3864.439
21	6	883	322	0.5128	0.112	0.071	0.012	0.000	0.001	0.014	0.180	0.097	0.070	0.022	4.104	0.948	0.003	0.010	1.000	-5260.665
21	6	263	173	0.4725	0.108	0.066	0.000	0.000	0.004	0.012	0.484	0.214	0.108	0.062	2.843	0.723	0.063	0.023	1.000	-1847.970
21	6	297	178	0.4433	0.047	0.097	0.027	0.007	0.007	0.019	0.178	0.078	0.079	0.075	3.831	0.782	0.041	0.026	1.000	-1931.049
21	6	618	340	0.5222	0.126	0.144	0.029	0.008	0.010	0.062	0.269	0.114	0.076	0.093	2.962	0.832	0.042	0.057	1.000	-4557.927
21	6	689	379	0.5268	0.151	0.141	0.017	0.007	0.007	0.021	0.251	0.114	0.134	0.174	3.647	0.849	0.138	0.069	1.000	-5237.749
21	6	620	395	0.4415	0.169	0.137	0.029	0.010	0.007	0.031	0.393	0.117	0.106	0.154	3.619	0.555	0.148	0.155	1.000	-5145.498
21	6	691	452	0.5545	0.122	0.160	0.021	0.014	0.015	0.047	0.446	0.157	0.142	0.120	2.331	0.708	0.109	0.120	1.000	-5904.543
21	6	228	98	0.6348	0.036	0.000	0.018	0.000	0.000	0.000	0.023	0.009	0.009	0.058	3.173	1.000	0.000	0.149	2.517	-1085.481
21	6	763	450	0.6278	0.152	0.146	0.033	0.019	0.005	0.051	0.411	0.094	0.145	0.146	5.080	0.820	0.088	0.083	1.000	-5929.876
21	6	105	84	0.5284	0.058	0.210	0.018	0.049	0.000	0.023	0.189	0.000	0.052	0.078	7.714	0.746	0.000	0.134	2.265	-688.354
21	6	214	144	0.4704	0.069	0.037	0.015	0.005	0.005	0.004	0.245	0.102	0.134	0.045	5.614	0.873	0.038	0.063	1.000	-1382.219
21	6	304	217	0.4848	0.165	0.150	0.014	0.014	0.007	0.032	0.333	0.066	0.142	0.175	2.701	0.882	0.108	0.054	1.000	-2326.830
21	6	175	143	0.4933	0.217	0.172	0.032	0.024	0.005	0.059	0.245	0.094	0.231	0.133	3.213	0.608	0.130	0.111	1.000	-1479.843
21	6	446	311	0.5831	0.205	0.197	0.005	0.009	0.007	0.086	0.464	0.080	0.137	0.273	3.177	0.774	0.199	0.076	2.959	-3804.202
21	6	512	268	0.4444	0.091	0.083	0.034	0.004	0.006	0.008	0.342	0.065	0.173	0.072	5.174	0.769	0.081	0.047	1.000	-3560.051
21	6	133	118	0.6248	0.584	0.449	0.140	0.000	0.008	0.097	0.588	0.142	0.061	0.591	3.829	0.479	0.180	0.082	1.000	-1312.770
21	6	421	231	0.5945	0.094	0.126	0.013	0.000	0.013	0.063	0.213	0.059	0.129	0.065	4.884	0.948	0.024	0.053	1.000	-2803.766
21	6	264	155	0.5401	0.067	0.104	0.012	0.000	0.004	0.055	0.331	0.086	0.127	0.079	2.804	0.886	0.106	0.031	9.521	-1844.175
21	6	1224	535	0.5061	0.083	0.085	0.016	0.003	0.001	0.035	0.237	0.092	0.088	0.074	4.033	0.925	0.072	0.079	11.710	-8138.098
21	6	788	329	0.5339	0.087	0.086	0.013	0.005	0.008	0.027	0.232	0.056	0.088	0.060	3.582	0.951	0.025	0.019	1.000	-4935.686
21	6	583	382	0.5420	0.141	0.091	0.015	0.011	0.007	0.044	0.433	0.187	0.178	0.179	3.876	0.534	0.050	0.073	1.000	-4702.947
21	6	223	175	0.6875	0.223	0.056	0.069	0.019	0.009	0.088	0.688	0.107	0.096	0.207	3.306	0.000	0.000	0.065	1.000	-1863.750
21	6	138	127	0.5960	0.205	0.152	0.067	0.015	0.008	0.032	0.540	0.318	0.215	0.196	4.621	0.920	0.080	0.288	1.000	-1305.204
21	6	261	174	0.5498	0.080	0.116	0.033	0.011	0.004	0.032	0.267	0.049	0.060	0.122	3.078	0.393	0.023	0.064	1.000	-1845.420
21	6	783	470	0.4408	0.141	0.224	0.015	0.005	0.003	0.026	0.330	0.095	0.115	0.137	3.213	0.691	0.122	0.119	3.985	-6200.062
21	6	396	229	0.5470	0.184	0.064	0.019	0.010	0.008	0.021	0.324	0.052	0.101	0.161	3.251	0.818	0.021	0.040	1.000	-2750.621
21	6	376	163	0.5038	0.076	0.120	0.000	0.003	0.000	0.016	0.115	0.070	0.040	0.001	3.770	0.983	0.000	0.032	12.038	-2160.812
21	6	445	284	0.6642	0.223	0.204	0.034	0.005	0.007	0.065	0.802	0.086	0.139	0.175	4.938	0.860	0.107	0.044	3.491	-3608.397
21	6	472	189	0.4545	0.029	0.078	0.012	0.007	0.000	0.025	0.125	0.033	0.044	0.069	3.937	0.931	0.042	0.037	4.345	-2771.147
21	6	274	201	0.5215	0.152	0.224	0.019	0.014	0.004	0.076	0.355	0.072	0.118	0.123	2.744	0.842	0.083	0.151	4.158	-2267.661
21	6	636	247	0.5909	0.038	0.051	0.015	0.000	0.002	0.024	0.174	0.048	0.086	0.082	5.355	0.934	0.032	0.031	1.000	-3806.175
21	6	189	142	0.5335	0.137	0.175	0.000	0.016	0.005	0.033	0.524	0.047	0.096	0.139	3.463	0.864	0.047	0.084	6.552	-1390.347
21	6	515	309	0.4767	0.094	0.097	0.024	0.010	0.010	0.031	0.399	0.139	0.120	0.109	3.107	0.653	0.087	0.070	1.414	-3955.690
21	6	1142	420	0.4587	0.038	0.089	0.022	0.006	0.004	0.026	0.201	0.060	0.067	0.078	3.673	0.799	0.085	0.070	1.000	-7414.391
21	6	381	228	0.5444	0.103	0.160	0.014	0.012	0.002	0.040	0.289	0.071	0.038	0.025	5.124	0.826	0.059	0.044	1.000	-2584.446
21	6	348	147	0.5264	0.037	0.058	0.011	0.000	0.000	0.025	0.076	0.063	0.043	0.000	3.288	1.000	0.000	0.129	1.000	-1951.154
21	6	337	233	0.6089	0.119	0.154	0.049	0.010	0.009	0.044	0.432	0.141	0.044	0.161	3.653	0.790	0.165	0.071	3.641	-2628.374
21	6	669	403	0.6451	0.077	0.355	0.064	0.014	0.001	0.051	0.539	0.073	0.093	0.157	4.593	0.916	0.061	0.032	8.698	-5097.715
21	6	298	236	0.5225	0.236	0.246	0.033	0.006	0.015	0.075	0.438	0.098	0.130	0.240	3.257	0.802	0.190	0.098	3.623	-2582.564
21	6	452	312	0.5315	0.109	0.190	0.056	0.012	0.004	0.050	0.325	0.106	0.087	0.122	3.683	0.523	0.199	0.183	1.000	-3696.376
21	6	363	209	0.6264	0.134	0.058	0.020	0.013	0.007	0.036	0.305	0.038	0.083	0.098	3.371	0.997	0.003	0.073	1.000	-2471.466
21	6	657	337	0.5135	0.148	0.070	0.027	0.005	0.003	0.034	0.235	0.083	0.070	0.147	3.593	0.952	0.044	0.056	38.757	-4530.838
21	6	183	133	0.5191	0.075	0.129	0.069	0.004	0.018	0.000	0.338	0.048	0.156	0.111	2.371	0.925	0.049	0.116	5.380	-1343.508
21	6	320	183	0.5457	0.112	0.160	0.015	0.003	0.007	0.021	0.209	0.057	0.072	0.106	4.130	0.844	0.017	0.012	1.000	-2023.727
21	6	407	133	0.4990	0.016	0.048	0.000	0.003	0.000	0.013	0.085	0.027	0.052	0.000	2.167	0.822	0.102	0.011	1.000	-2108.796
21	6	880	395	0.4409	0.082	0.077	0.015	0.008	0.011	0.026	0.206	0.068	0.071	0.071	2.649	0.960	0.036	0.049	8.449	-5719.975
21	6	380	263	0.5097	0.124	2.355	0.019	0.013	0.005	0.036	0.677	0.129	0.138	0.156	3.248	0.942	0.050	0.075	998.999	-3060.423
21	6	497	333	0.6079	0.148	0.494	0.051	0.000	0.000	0.045	0.410	0.106	0.142	0.097	6.178	0.713	0.193	0.072	10.805	-4040.472
21	6	339	201	0.5179	0.103	0.057	0.012	0.006	0.000	0.060	0.337	0.086	0.029	0.097	6.179	0.963	0.037	0.050	1.000	-2257.119
21	6	1055	668	0.4115	0.123	0.181	0.031	0.005	0.007	0.039	0.511	0.144	0.165	0.108	3.880	0.777	0.208	0.127	17.662	-8751.107
21	6	159	118	0.4522	0.040	0.064	0.028	0.006	0.000	0.032	0.358	0.028	0.052	0.061	1.266	0.840	0.026	0.035	1.000	-988.168
21	6	214	161	0.6462	0.194	0.193	0.072	0.012	0.036	0.081	0.340	0.119	0.050	0.112	5.151	0.784	0.061	0.048	1.585	-1657.787
21	6	459	177	0.5066	0.045	0.069	0.007	0.009	0.000	0.013	0.125	0.042	0.040	0.000	3.292	0.979	0.021	0.026	1.000	-2532.026
21	6	497	234	0.6221	0.118	0.169	0.034	0.012	0.012	0.048	0.287	0.109	0.018	0.036	4.812	0.949	0.008	0.011	1.944	-3048.949
21	6	470	355	0.6565	0.370	0.223	0.049	0.013	0.000	0.067	0.801	0.101	0.097	0.448	4.163	0.897	0.103	0.069	1.000	-3957.721
21	6	527	336	0.4345	0.120	0.183	0.015	0.013	0.003	0.066	0.431	0.151	0.219	0.132	2.969	0.775	0.186	0.039	7.850	-4307.510
21	6	333	159	0.4199	0.042	0.083	0.020	0.006	0.003	0.012	0.168	0.072	0.056	0.019	6.777	0.496	0.015	0.055	1.000	-1974.563
21	6	603	385	0.4503	0.153	0.168	0.033	0.016	0.006	0.028	0.424	0.086	0.182	0.112	3.145	0.703	0.188	0.080	1.000	-4970.834
21	6	402	296	0.6347	0.150	0.225	0.027	0.005	0.011	0.116	0.694	0.229	0.116	0.230	4.381	0.840	0.104	0.108	4.567	-3560.843
21	6	381	321	0.6463	0.131	0.535	0.067	0.011	0.017	0.092	0.991	0.208	0.251	0.106	3.338	0.716	0.198	0.087	1.265	-3785.465
21	6	342	214	0.4607	0.087	0.035	0.018	0.003	0.000	0.029	0.338	0.151	0.127	0.131	1.738	0.926	0.028	0.057	1.000	-2436.930
21	6	449	286	0.5496	0.130	0.203	0.012	0.002	0.005	0.034	0.280	0.151	0.140	0.116	3.347	0.844	0.150	0.083	11.492	-3525.376
21	6	623	247	0.4472	0.051	0.059	0.011	0.002	0.000	0.023	0.184	0.089	0.076	0.000	3.365	0.957	0.043	0.024	1.000	-3711.960
21	6	304	189	0.6123	0.149	0.183	0.079	0.000	0.007	0.096	0.183	0.058	0.057	0.151	5.603	0.862	0.061	0.047	2.178	-2189.930
21	6	281	189	0.6418	0.114	0.199	0.027	0.008	0.044	0.038	0.305	0.095	0.030	0.092	5.219	0.294	0.226	0.005	2.766	-2177.213
21	6	251	166	0.5367	0.078	0.054	0.012	0.000	0.008	0.041	0.364	0.047	0.113	0.112	2.433	0.892	0.072	0.026	1.000	-1723.656
21	6	437	303	0.4147	0.080	0.163	0.025	0.007	0.019	0.046	0.472	0.211	0.145	0.116	2.807	0.738	0.125	0.082	1.813	-3640.994
21	6	278	220	0.6350	0.224	0.223	0.053	0.011	0.000	0.053	0.360	0.133	0.140	0.167	4.412	0.637	0.122	0.115	1.000	-2376.910
21	6	326	186	0.4032	0.079	0.104	0.032	0.003	0.000	0.009	0.219	0.142	0.070	0.060	3.655	0.859	0.049	0.027	1.000	-2109.369
21	6	329	274	0.5377	0.249	0.542	0.095	0.016	0.005	0.074	1.488	0.293	0.162	0.194	3.510	0.735	0.192	0.102	5.926	-3370.446
21	6	680	258	0.5313	0.040	0.073	0.010	0.003	0.006	0.022	0.146	0.075	0.031	0.063	4.671	0.931	0.012	0.074	1.000	-4107.266
21	6	192	164	0.5143	0.194	0.202	0.027	0.000	0.011	0.028	0.346	0.085	0.113	0.179	3.724	0.855	0.122	0.172	8.073	-1558.119
21	6	661	303	0.4511	0.123	0.116	0.013	0.007	0.003	0.027	0.298	0.127	0.034	0.044	2.511	0.928	0.023	0.016	1.000	-4290.106
21	6	300	200	0.5767	0.132	0.121	0.039	0.000	0.010	0.033	0.200	0.096	0.094	0.148	3.202	0.619	0.094	0.042	2.091	-2186.511
21	6	334	221	0.5759	0.064	0.179	0.036	0.008	0.011	0.062	0.431	0.138	0.094	0.073	3.537	0.813	0.089	0.033	1.693	-2557.565
21	6	209	160	0.6008	0.221	0.051	0.030	0.000	0.015	0.052	0.526	0.111	0.106	0.118	2.931	0.000	0.000	0.129	62.457	-1669.089
21	6	583	321	0.4360	0.018	0.099	0.015	0.007	0.005	0.017	0.298	0.128	0.182	0.089	2.538	0.866	0.129	0.087	24.839	-4255.317
21	6	918	502	0.6371	0.128	0.194	0.058	0.011	0.021	0.051	0.364	0.108	0.088	0.145	4.758	0.851	0.138	0.075	1.000	-7316.823
21	6	352	152	0.6616	0.074	0.040	0.009	0.003	0.006	0.043	0.277	0.016	0.056	0.013	3.014	0.995	0.005	0.025	1.000	-1958.820
21	6	1107	573	0.4866	0.207	0.140	0.031	0.009	0.008	0.031	0.374	0.119	0.122	0.233	3.469	0.962	0.038	0.048	1.000	-8488.799
21	6	564	323	0.3973	0.126	0.103	0.011	0.009	0.005	0.049	0.465	0.142	0.139	0.064	3.314	0.853	0.147	0.071	1.000	-4347.228
21	6	454	268	0.5006	0.114	0.118	0.014	0.001	0.006	0.042	0.267	0.067	0.117	0.175	3.334	0.833	0.139	0.054	1.000	-3328.211
21	6	425	244	0.6005	0.246	0.150	0.017	0.005	0.000	0.056	0.234	0.036	0.071	0.276	2.545	0.975	0.025	0.053	1.000	-2991.693
21	6	1176	470	0.4794	0.049	0.073	0.011	0.004	0.004	0.018	0.232	0.092	0.072	0.085	3.638	0.956	0.044	0.097	1.000	-7743.149
21	6	531	333	0.5295	0.105	0.110	0.030	0.010	0.004	0.038	0.479	0.093	0.090	0.114	3.839	0.929	0.071	0.062	1.000	-3918.600
21	6	541	277	0.4073	0.038	0.103	0.020	0.002	0.006	0.040	0.247	0.092	0.090	0.065	3.586	0.915	0.063	0.060	1.000	-3619.636
21	6	323	273	0.4728	0.189	0.137	0.049	0.009	0.019	0.082	0.791	0.159	0.220	0.175	4.953	0.427	0.253	0.146	9.456	-3103.807
21	6	482	340	0.6740	0.341	0.275	0.031	0.017	0.016	0.077	0.609	0.155	0.092	0.292	6.266	0.843	0.138	0.060	1.000	-4089.724
21	6	280	214	0.6119	0.284	0.271	0.041	0.005	0.007	0.044	0.433	0.100	0.122	0.206	5.277	0.805	0.106	0.113	1.845	-2341.155
21	6	989	595	0.5334	0.177	0.139	0.030	0.008	0.010	0.049	0.401	0.093	0.118	0.151	5.443	0.715	0.248	0.113	3.613	-7803.404
21	6	304	220	0.5593	0.081	0.096	0.013	0.004	0.009	0.067	0.428	0.160	0.200	0.085	2.342	0.891	0.109	0.080	1.000	-2452.324
21	6	415	235	0.4976	0.056	0.104	0.023	0.003	0.007	0.021	0.323	0.139	0.068	0.124	2.691	0.732	0.027	0.041	1.000	-2843.120
21	6	338	245	0.4210	0.091	0.377	0.020	0.025	0.037	0.037	0.524	0.135	0.080	0.156	3.838	0.456	0.287	0.070	3.879	-2986.861
21	6	386	159	0.6399	0.068	0.050	0.048	0.005	0.000	0.007	0.209	0.106	0.000	0.005	5.230	0.917	0.014	0.011	1.000	-2139.528
21	6	285	173	0.5616	0.065	0.121	0.044	0.007	0.015	0.016	0.219	0.065	0.098	0.092	5.318	0.840	0.035	0.046	1.000	-1894.006
21	6	346	301	0.5621	0.202	0.496	0.059	0.021	0.012	0.070	0.817	0.167	0.088	0.225	4.635	0.490	0.343	0.070	1.000	-3416.932
21	6	1643	990	0.3832	0.144	0.145	0.031	0.009	0.006	0.053	0.548	0.148	0.153	0.207	2.976	0.744	0.248	0.148	2.280	-14364.919
21	6	434	316	0.5467	0.177	0.163	0.000	0.014	0.009	0.037	0.469	0.136	0.147	0.176	4.612	0.827	0.173	0.155	1.000	-3578.696
21	6	297	196	0.5219	0.084	0.058	0.010	0.010	0.003	0.038	0.298	0.124	0.156	0.160	3.270	0.968	0.032	0.029	1.000	-2077.051
21	6	293	225	0.5611	0.486	0.088	0.003	0.019	0.010	0.092	0.522	0.109	0.122	0.453	4.693	0.000	0.000	0.041	1.000	-2578.842
21	6	490	310	0.5291	0.095	0.175	0.037	0.008	0.020	0.063	0.415	0.114	0.122	0.110	3.797	0.804	0.110	0.060	1.000	-3885.482
21	6	427	230	0.5127	0.104	0.101	0.034	0.014	0.007	0.018	0.238	0.074	0.049	0.063	3.095	0.895	0.072	0.025	1.000	-2821.391
21	6	417	239	0.5602	0.112	0.095	0.026	0.014	0.011	0.055	0.308	0.043	0.103	0.073	4.074	0.944	0.056	0.060	1.000	-2928.278
21	6	496	182	0.5283	0.003	0.043	0.004	0.000	0.004	0.008	0.081	0.053	0.057	0.096	4.609	0.940	0.032	0.000	1.000	-2709.715
21	6	777	395	0.6035	0.108	0.191	0.046	0.014	0.005	0.057	0.327	0.101	0.082	0.128	5.683	0.911	0.089	0.028	84.701	-5584.225
21	6	636	265	0.4289	0.031	0.064	0.017	0.004	0.004	0.028	0.242	0.030	0.082	0.109	3.459	0.958	0.028	0.026	5.583	-3960.854
21	6	363	266	0.6024	0.119	0.280	0.056	0.003	0.005	0.082	0.577	0.173	0.105	0.117	3.471	0.724	0.118	0.064	1.000	-3092.370
21	6	160	108	0.5240	0.037	0.095	0.000	0.000	0.000	0.019	0.251	0.149	0.047	0.041	3.709	0.653	0.095	0.051	1.000	-1054.126
21	6	404	242	0.6310	0.083	0.200	0.008	0.002	0.013	0.028	0.156	0.110	0.100	0.178	5.684	0.913	0.039	0.052	9.800	-2808.667
21	6	470	304	0.4742	0.143	0.123	0.019	0.007	0.000	0.024	0.445	0.097	0.167	0.107	3.298	0.897	0.103	0.055	1.000	-3540.744
21	6	451	284	0.4268	0.093	0.103	0.015	0.005	0.007	0.017	0.485	0.154	0.106	0.085	3.181	0.937	0.056	0.126	10.829	-3431.487
21	6	247	200	0.5383	0.181	0.178	0.033	0.006	0.020	0.086	0.579	0.134	0.102	0.204	3.967	0.283	0.112	0.096	1.000	-2224.517
21	6	327	182	0.5766	0.138	0.106	0.018	0.013	0.012	0.014	0.278	0.045	0.134	0.161	4.366	0.980	0.020	0.020	1.000	-2133.445
21	6	264	210	0.4741	0.159	0.186	0.067	0.004	0.004	0.040	0.484	0.170	0.086	0.185	2.977	0.554	0.089	0.100	1.000	-2248.464
21	6	302	106	0.4463	0.042	0.030	0.003	0.007	0.000	0.007	0.111	0.004	0.020	0.005	4.467	0.975	0.000	0.037	10.261	-1538.349
21	6	553	325	0.6115	0.091	0.130	0.022	0.009	0.002	0.047	0.410	0.091	0.105	0.095	4.664	0.897	0.064	0.038	2.297	-3888.569
21	6	254	215	0.5015	0.241	0.413	0.050	0.016	0.017	0.075	0.639	0.094	0.167	0.291	5.281	0.469	0.308	0.088	12.209	-2449.318
21	6	317	174	0.6552	0.052	0.221	0.028	0.004	0.003	0.076	0.399	0.045	0.065	0.053	8.387	0.951	0.049	0.035	1.000	-2075.091
21	6	200	148	0.4063	0.022	0.270	0.043	0.000	0.000	0.082	0.514	0.129	0.115	0.042	4.646	0.618	0.234	0.045	6.301	-1559.149
21	6	285	205	0.5444	0.132	0.125	0.030	0.004	0.011	0.051	0.419	0.082	0.089	0.057	4.777	0.691	0.210	0.028	2.564	-2147.908
21	6	543	308	0.6055	0.083	0.106	0.040	0.004	0.008	0.041	0.342	0.074	0.070	0.149	3.425	0.850	0.072	0.061	1.000	-3897.332
21	6	365	234	0.5324	0.068	0.157	0.017	0.003	0.011	0.030	0.251	0.105	0.082	0.101	3.259	0.774	0.041	0.121	1.000	-2662.218
21	6	306	192	0.6941	0.111	0.176	0.032	0.007	0.010	0.046	0.331	0.081	0.131	0.058	3.893	0.842	0.051	0.057	1.000	-2183.564
21	6	332	257	0.6280	0.164	0.326	0.000	0.087	0.025	0.092	0.710	0.097	0.132	0.215	5.602	0.641	0.228	0.051	1.000	-2930.507
21	6	353	228	0.5248	0.111	0.140	0.002	0.006	0.006	0.046	0.421	0.102	0.087	0.107	3.597	0.850	0.090	0.064	1.000	-2640.205
21	6	349	174	0.4654	0.032	0.242	0.033	0.000	0.009	0.006	0.152	0.018	0.009	0.039	3.670	0.730	0.118	0.058	11.590	-2140.065
21	6	738	485	0.4644	0.060	0.094	0.027	0.004	0.006	0.034	0.655	0.141	0.223	0.108	3.901	0.822	0.178	0.132	1.000	-6111.571
21	6	591	426	0.4208	0.113	0.222	0.022	0.033	0.004	0.045	0.601	0.222	0.106	0.118	3.360	0.826	0.174	0.215	1.000	-5123.698
21	6	385	282	0.5186	0.136	0.113	0.033	0.008	0.008	0.050	0.294	0.240	0.162	0.215	3.982	0.442	0.119	0.156	1.000	-3315.835
21	6	282	178	0.4458	0.244	0.076	0.021	0.007	0.000	0.025	0.602	0.058	0.071	0.209	2.671	0.827	0.046	0.052	1.000	-2040.527
21	6	197	161	0.4510	0.065	0.136	0.053	0.031	0.000	0.034	0.691	0.152	0.091	0.089	3.309	0.750	0.179	0.082	5.914	-1639.536
21	6	287	232	0.6136	0.312	0.209	0.075	0.015	0.013	0.051	0.468	0.120	0.116	0.380	3.100	0.640	0.052	0.135	1.115	-2635.399
21	6	269	213	0.5192	0.205	0.156	0.020	0.012	0.011	0.046	0.333	0.116	0.136	0.198	4.079	0.359	0.070	0.182	1.025	-2255.623
21	6	244	158	0.6822	0.101	0.134	0.012	0.011	0.012	0.025	0.458	0.031	0.174	0.085	5.243	0.876	0.037	0.039	1.611	-1669.042
21	6	953	582	0.4063	0.139	0.174	0.023	0.013	0.011	0.023	0.333	0.120	0.187	0.123	3.824	0.651	0.301	0.086	5.263	-7721.580
21	6	302	176	0.6794	0.124	0.201	0.031	0.007	0.010	0.033	0.204	0.087	0.049	0.087	4.083	0.930	0.000	0.091	2.515	-2057.138
21	6	312	238	0.4388	0.122	0.191	0.019	0.007	0.009	0.069	0.611	0.158	0.143	0.162	4.269	0.312	0.372	0.000	2.019	-2814.538
21	6	319	190	0.4600	0.046	0.073	0.016	0.005	0.011	0.026	0.305	0.064	0.203	0.090	3.196	0.889	0.045	0.011	5.057	-2166.833
21	6	616	257	0.4661	0.078	0.063	0.012	0.000	0.008	0.018	0.198	0.046	0.037	0.011	5.344	0.862	0.027	0.052	1.000	-3651.314
21	6	429	323	0.4130	0.297	0.181	0.031	0.005	0.007	0.027	0.519	0.118	0.153	0.268	3.668	0.700	0.184	0.121	1.000	-3779.898
21	6	548	256	0.3997	0.036	0.069	0.010	0.001	0.005	0.025	0.212	0.109	0.069	0.103	2.647	0.955	0.045	0.041	1.000	-3490.553
21	6	315	203	0.7338	0.165	0.235	0.051	0.030	0.006	0.065	0.276	0.126	0.145	0.079	4.668	0.888	0.076	0.085	4.028	-2445.168
21	6	491	273	0.5123	0.080	0.129	0.043	0.015	0.002	0.039	0.210	0.066	0.118	0.065	3.611	0.881	0.119	0.069	1.000	-3494.737
21	6	654	229	0.4223	0.000	0.062	0.009	0.002	0.000	0.019	0.151	0.049	0.119	0.063	2.796	0.926	0.029	0.011	1.000	-3746.256
21	6	481	182	0.4739	0.054	0.044	0.013	0.002	0.000	0.008	0.138	0.054	0.043	0.024	1.669	0.908	0.020	0.028	1.000	-2754.680
21	6	341	260	0.5312	0.183	0.237	0.028	0.016	0.017	0.071	0.423	0.143	0.064	0.179	3.348	0.816	0.094	0.116	2.823	-2899.297
21	6	144	106	0.5050	0.139	0.198	0.036	0.000	0.042	0.043	0.171	0.075	0.141	0.128	3.498	0.683	0.200	0.052	2.701	-1120.569
21	6	137	124	0.4761	0.553	0.086	0.034	0.015	0.000	0.020	0.986	0.112	0.286	0.000	3.987	0.000	0.000	0.153	441.237	-1283.750
21	6	987	536	0.5014	0.159	0.187	0.025	0.005	0.006	0.043	0.405	0.113	0.085	0.203	2.304	0.926	0.074	0.077	1.000	-7757.792
21	6	150	118	0.4386	0.147	0.076	0.035	0.028	0.000	0.000	0.365	0.147	0.060	0.099	14.257	0.000	0.000	0.103	1.641	-1059.677
21	6	252	170	0.4033	0.112	0.163	0.020	0.004	0.000	0.025	0.313	0.050	0.047	0.150	5.213	0.884	0.085	0.118	7.335	-1778.403
21	6	579	368	0.4640	0.085	0.169	0.029	0.006	0.008	0.023	0.313	0.120	0.119	0.131	3.386	0.762	0.189	0.073	1.000	-4407.436
21	6	254	180	0.4558	0.094	0.189	0.028	0.012	0.008	0.027	0.354	0.135	0.149	0.055	2.899	0.935	0.051	0.080	1.000	-1927.043
21	6	1442	630	0.5162	0.082	0.123	0.027	0.009	0.008	0.034	0.341	0.120	0.096	0.106	3.096	0.897	0.074	0.064	2.849	-10502.535
21	6	175	150	0.4050	0.171	0.387	0.028	0.006	0.006	0.064	0.555	0.069	0.223	0.124	5.185	0.461	0.323	0.170	3.418	-1517.773
21	6	226	139	0.4916	0.079	0.158	0.010	0.000	0.000	0.013	0.156	0.113	0.085	0.078	4.719	0.811	0.049	0.000	1.768	-1443.717
21	6	378	285	0.6418	0.235	0.517	0.090	0.013	0.034	0.097	0.866	0.100	0.140	0.188	6.260	0.883	0.092	0.070	2.479	-3402.918
21	6	187	164	0.4816	0.189	14.647	0.000	0.005	0.011	0.067	0.253	0.144	0.091	0.187	3.564	0.664	0.085	0.082	159.115	-1691.422
21	6	202	143	0.5875	0.111	0.377	0.036	0.010	0.005	0.043	0.368	0.057	0.071	0.077	5.944	0.755	0.194	0.147	8.260	-1550.773
21	6	172	113	0.4916	0.141	0.024	0.013	0.012	0.012	0.030	0.347	0.076	0.093	0.049	2.068	0.916	0.041	0.050	1.000	-1150.585
21	6	148	126	0.6171	0.000	0.010	0.074	0.022	0.000	0.045	0.628	0.200	0.099	0.489	3.191	0.000	0.000	0.101	999.000	-1293.762
21	6	601	389	0.4370	0.140	0.177	0.028	0.019	0.014	0.073	0.334	0.140	0.126	0.122	3.072	0.709	0.126	0.108	1.296	-4978.832
21	6	154	132	0.4797	0.147	0.265	0.033	0.000	0.020	0.088	0.467	0.193	0.169	0.113	5.038	0.696	0.159	0.084	3.114	-1309.732
21	6	111	71	0.5976	0.049	0.076	0.000	0.000	0.000	0.018	0.127	0.007	0.039	0.134	6.351	0.828	0.042	0.083	1.000	-624.450
21	6	241	169	0.4368	0.132	0.178	0.020	0.000	0.000	0.032	0.341	0.090	0.118	0.066	3.788	0.552	0.155	0.069	1.000	-1841.189
21	6	312	241	0.5919	0.163	0.131	0.005	0.003	0.000	0.032	0.585	0.184	0.162	0.120	6.115	0.321	0.679	0.000	1.000	-2655.667
21	6	145	125	0.6291	0.659	0.749	0.020	0.027	0.004	0.102	0.513	0.105	0.060	0.621	5.649	0.796	0.128	0.088	4.002	-1334.500
21	6	312	246	0.7195	0.521	0.427	0.063	0.000	0.061	0.078	1.098	0.120	0.112	0.000	8.479	0.846	0.154	0.055	1.000	-2656.111
21	6	232	160	0.6053	0.121	0.155	0.003	0.009	0.009	0.034	0.475	0.069	0.059	0.111	2.927	0.942	0.043	0.078	8.392	-1682.279
21	6	422	244	0.5800	0.143	0.199	0.037	0.000	0.005	0.045	0.253	0.045	0.071	0.094	4.151	0.918	0.037	0.033	3.399	-2870.548
