1	6	435	270	0.4951	0.096	0.186	0.033	0.009	0.002	0.052	0.291	0.070	0.102	0.100	4.344	0.574	0.207	0.029	-3322.720
21	6	236	134	0.4224	0.019	0.072	0.034	0.005	0.000	0.029	0.165	0.054	0.133	0.043	2.422	0.721	0.049	0.011	-1476.520
21	6	286	182	0.4555	0.207	0.363	0.008	0.004	0.007	0.021	0.549	0.034	0.061	0.170	1.874	0.790	0.057	0.021	-2030.842
21	6	866	331	0.5400	0.103	0.075	0.016	0.001	0.004	0.027	0.162	0.033	0.051	0.084	4.355	0.891	0.052	0.008	-5240.105
21	6	273	180	0.4223	0.087	0.140	0.033	0.008	0.000	0.047	0.363	0.115	0.156	0.114	4.059	0.820	0.101	0.053	-2067.249
21	6	306	254	0.6380	0.174	0.316	0.056	0.026	0.015	0.066	0.588	0.166	0.180	0.184	4.040	0.526	0.124	0.157	-2943.080
21	6	787	383	0.4527	0.042	0.070	0.011	0.005	0.003	0.020	0.358	0.082	0.119	0.073	3.627	0.691	0.045	0.098	-5463.575
21	6	695	352	0.4864	0.051	0.144	0.008	0.006	0.006	0.022	0.407	0.126	0.099	0.076	3.442	0.890	0.042	0.036	-4885.899
21	6	878	547	0.3828	0.123	0.182	0.031	0.009	0.004	0.053	0.695	0.135	0.176	0.142	3.514	0.474	0.309	0.092	-7680.099
21	6	335	251	0.4638	0.139	0.334	0.038	0.009	0.016	0.064	0.323	0.157	0.071	0.162	2.418	0.367	0.065	0.090	-2671.480
21	6	330	189	0.4454	0.041	0.148	0.003	0.006	0.007	0.026	0.386	0.056	0.092	0.066	2.931	0.759	0.031	0.046	-2247.553
21	6	318	158	0.4100	0.049	0.109	0.000	0.003	0.003	0.013	0.129	0.101	0.029	0.027	3.608	0.556	0.000	0.047	-1886.051
21	6	1543	613	0.5581	0.101	0.139	0.025	0.008	0.005	0.028	0.284	0.067	0.081	0.098	3.199	0.959	0.033	0.025	-10341.581
21	6	467	246	0.6069	0.063	0.111	0.026	0.013	0.003	0.038	0.262	0.067	0.084	0.061	5.343	0.835	0.032	0.063	-3134.360
21	6	305	239	0.4024	0.102	0.359	0.033	0.014	0.024	0.022	0.516	0.088	0.132	0.149	3.079	0.488	0.051	0.079	-2535.753
21	6	294	179	0.5610	0.080	0.205	0.031	0.007	0.004	0.019	0.246	0.112	0.057	0.103	2.414	0.730	0.025	0.048	-2093.201
21	6	465	341	0.3942	0.187	0.177	0.055	0.004	0.013	0.016	0.782	0.233	0.208	0.164	2.820	0.365	0.213	0.083	-4218.668
21	6	300	186	0.5573	0.099	0.056	0.029	0.010	0.000	0.034	0.342	0.109	0.095	0.090	3.622	0.967	0.033	0.098	-2159.423
21	6	186	154	0.5589	0.186	0.282	0.092	0.011	0.011	0.105	0.787	0.022	0.170	0.173	5.181	0.458	0.109	0.054	-1633.285
21	6	509	328	0.6289	0.184	0.234	0.048	0.013	0.006	0.038	0.346	0.080	0.072	0.122	3.989	0.720	0.099	0.084	-3976.936
21	6	173	128	0.4375	0.029	0.076	0.038	0.006	0.000	0.030	0.586	0.155	0.000	0.108	2.512	0.000	0.000	0.050	-1186.759
21	6	474	285	0.5612	0.024	0.116	0.031	0.011	0.002	0.029	0.325	0.157	0.123	0.067	3.016	0.898	0.102	0.147	-3549.137
21	6	381	249	0.4841	0.115	0.163	0.024	0.013	0.008	0.027	0.349	0.044	0.119	0.132	3.438	0.657	0.078	0.073	-2885.556
21	6	448	257	0.4653	0.113	0.074	0.019	0.002	0.002	0.023	0.432	0.140	0.124	0.086	3.181	0.947	0.046	0.043	-3190.988
21	6	798	327	0.5211	0.035	0.137	0.012	0.004	0.004	0.037	0.107	0.192	0.027	0.096	3.501	0.902	0.055	0.028	-4920.434
21	6	200	125	0.5619	0.040	0.381	0.000	0.000	0.000	0.044	0.305	0.083	0.078	0.049	4.388	0.630	0.055	0.012	-1328.462
21	6	401	277	0.6354	0.169	0.154	0.049	0.016	0.018	0.091	0.349	0.161	0.135	0.179	4.291	0.905	0.095	0.078	-3290.982
21	6	940	587	0.4562	0.119	0.172	0.034	0.009	0.007	0.041	0.615	0.134	0.109	0.170	3.424	0.678	0.106	0.088	-7897.301
21	6	308	188	0.4346	0.057	0.099	0.029	0.000	0.013	0.011	0.301	0.020	0.223	0.031	4.139	0.359	0.059	0.045	-2159.413
21	6	317	186	0.4257	0.047	0.181	0.016	0.002	0.007	0.020	0.263	0.095	0.056	0.015	1.913	0.688	0.025	0.018	-2088.472
21	6	371	179	0.5320	0.078	0.066	0.010	0.008	0.003	0.039	0.201	0.033	0.060	0.064	3.357	0.791	0.026	0.022	-2321.582
21	6	972	453	0.4211	0.097	0.101	0.026	0.010	0.004	0.038	0.314	0.090	0.045	0.088	4.121	0.704	0.133	0.083	-6898.899
21	6	385	240	0.4458	0.017	0.086	0.025	0.007	0.006	0.039	0.660	0.095	0.155	0.083	3.394	0.939	0.061	0.058	-2810.726
21	6	562	312	0.4347	0.069	0.082	0.028	0.005	0.004	0.031	0.232	0.096	0.139	0.148	3.356	0.847	0.110	0.061	-4029.104
21	6	439	332	0.5188	0.156	0.246	0.045	0.014	0.007	0.073	0.728	0.151	0.143	0.180	3.129	0.343	0.319	0.032	-4212.302
21	6	144	55	0.6493	0.000	0.014	0.014	0.000	0.000	0.007	0.044	0.021	0.007	0.000	7.692	0.874	0.126	0.000	-645.166
21	6	476	309	0.6140	0.263	0.319	0.070	0.019	0.002	0.051	0.726	0.113	0.151	0.256	8.257	0.928	0.072	0.042	-3781.342
21	6	344	182	0.4268	0.052	0.092	0.035	0.012	0.000	0.029	0.213	0.062	0.130	0.073	3.033	0.533	0.119	0.042	-2362.946
21	6	220	157	0.6017	0.166	0.172	0.047	0.000	0.009	0.025	0.231	0.018	0.106	0.099	4.960	0.000	0.000	0.131	-1589.945
21	6	2057	674	0.5118	0.116	0.129	0.021	0.006	0.007	0.030	0.221	0.085	0.092	0.150	2.090	0.977	0.004	0.010	-13202.522
21	6	316	271	0.3903	0.197	0.482	0.047	0.010	0.010	0.048	0.610	0.160	0.178	0.202	3.414	0.244	0.183	0.084	-3107.812
21	6	256	187	0.5428	0.213	0.161	0.022	0.012	0.000	0.067	0.494	0.145	0.039	0.197	3.777	0.520	0.124	0.083	-2117.454
21	6	309	222	0.5293	0.186	0.150	0.027	0.010	0.003	0.060	0.329	0.091	0.070	0.191	3.193	0.886	0.048	0.079	-2378.051
21	6	206	174	0.5601	0.269	0.703	0.012	0.025	0.000	0.054	0.758	0.127	0.162	0.304	3.999	0.639	0.032	0.076	-1876.173
21	6	578	437	0.5307	0.194	0.424	0.058	0.010	0.020	0.079	0.525	0.147	0.177	0.164	3.399	0.639	0.103	0.126	-5541.819
21	6	115	102	0.6797	0.649	2.596	0.112	0.000	0.018	0.000	0.148	0.000	0.133	0.662	7.256	0.471	0.130	0.074	-1088.345
21	6	252	236	0.6227	0.569	0.632	0.077	0.019	0.011	0.091	0.753	0.112	0.238	0.495	4.989	0.262	0.252	0.163	-2608.226
21	6	949	405	0.5679	0.163	0.228	0.026	0.011	0.011	0.025	0.210	0.087	0.075	0.103	2.930	0.885	0.026	0.018	-6453.532
21	6	209	168	0.6166	0.098	0.173	0.000	0.019	0.010	0.105	0.435	0.056	0.170	0.116	3.850	0.576	0.038	0.167	-1724.442
21	6	449	276	0.6315	0.164	0.173	0.014	0.012	0.017	0.074	0.570	0.067	0.104	0.105	3.949	0.728	0.058	0.032	-3401.667
21	6	626	347	0.6525	0.143	0.271	0.045	0.003	0.016	0.063	0.279	0.045	0.059	0.110	5.263	0.866	0.040	0.037	-4463.810
21	6	732	414	0.4513	0.127	0.146	0.024	0.008	0.007	0.014	0.316	0.121	0.159	0.068	3.681	0.836	0.128	0.070	-5482.820
21	6	181	120	0.6363	0.205	0.025	0.000	0.000	0.005	0.045	0.338	0.026	0.084	0.202	5.008	1.000	0.000	0.103	-1244.694
21	6	1027	410	0.5508	0.054	0.117	0.021	0.007	0.002	0.032	0.244	0.063	0.069	0.067	3.224	0.973	0.027	0.026	-6601.248
21	6	159	115	0.4476	0.036	0.131	0.013	0.006	0.000	0.027	0.241	0.027	0.092	0.069	3.158	0.659	0.000	0.143	-1075.921
21	6	314	174	0.4437	0.175	0.080	0.002	0.000	0.003	0.019	0.194	0.054	0.118	0.114	3.610	0.846	0.029	0.005	-1985.602
21	6	174	132	0.4495	0.114	0.168	0.047	0.012	0.000	0.034	0.381	0.051	0.128	0.092	2.499	0.242	0.090	0.105	-1366.475
21	6	310	240	0.4301	0.100	0.306	0.033	0.013	0.020	0.039	0.402	0.144	0.207	0.132	4.096	0.496	0.224	0.194	-2762.393
21	6	445	308	0.5835	0.195	0.217	0.026	0.002	0.008	0.059	0.309	0.105	0.063	0.122	5.850	0.524	0.163	0.112	-3536.736
21	6	191	140	0.6297	0.202	0.082	0.012	0.000	0.027	0.085	0.320	0.144	0.063	0.185	5.172	0.757	0.085	0.049	-1430.743
21	6	305	243	0.5566	0.212	0.426	0.042	0.017	0.013	0.050	0.488	0.059	0.166	0.285	3.761	0.576	0.209	0.027	-2730.821
21	6	602	318	0.6446	0.167	0.188	0.014	0.009	0.005	0.081	0.285	0.086	0.099	0.174	5.366	0.831	0.100	0.041	-4378.438
21	6	212	181	0.4737	0.123	0.319	0.051	0.015	0.030	0.092	0.511	0.154	0.117	0.102	3.299	0.336	0.159	0.224	-1985.768
21	6	276	177	0.6993	0.233	0.114	0.056	0.000	0.007	0.074	0.302	0.107	0.000	0.234	5.377	0.827	0.035	0.070	-1968.546
21	6	291	208	0.6694	0.194	0.282	0.002	0.007	0.018	0.092	0.427	0.052	0.122	0.195	5.748	0.701	0.145	0.025	-2299.018
21	6	364	265	0.6220	0.200	0.221	0.012	0.015	0.015	0.057	0.405	0.099	0.105	0.198	5.779	0.201	0.125	0.030	-3002.795
21	6	407	259	0.4698	0.083	0.097	0.016	0.002	0.008	0.036	0.268	0.126	0.092	0.054	3.280	0.801	0.070	0.057	-2848.112
21	6	485	233	0.4600	0.029	0.073	0.003	0.008	0.002	0.039	0.200	0.067	0.063	0.068	3.033	0.883	0.031	0.026	-3013.179
21	6	946	522	0.5908	0.107	0.176	0.039	0.010	0.022	0.058	0.356	0.110	0.096	0.131	5.421	0.811	0.064	0.054	-7218.986
21	6	173	167	0.4596	0.310	1.088	0.008	0.000	0.023	0.045	0.644	0.491	0.309	0.226	2.699	0.074	0.189	0.000	-2053.288
21	6	254	114	0.4081	0.049	0.045	0.013	0.000	0.009	0.000	0.127	0.052	0.018	0.013	1.633	0.629	0.018	0.000	-1349.449
21	6	274	164	0.5434	0.072	0.148	0.019	0.008	0.007	0.033	0.212	0.060	0.081	0.067	4.386	0.745	0.038	0.000	-1789.967
21	6	282	202	0.5347	0.180	0.198	0.048	0.006	0.019	0.066	0.386	0.078	0.148	0.101	3.776	0.650	0.023	0.060	-2252.201
21	6	311	216	0.4093	0.071	0.170	0.016	0.000	0.000	0.052	0.553	0.145	0.075	0.130	3.245	0.809	0.080	0.072	-2405.709
21	6	232	177	0.5035	0.133	0.197	0.042	0.000	0.009	0.054	0.334	0.123	0.092	0.207	2.438	0.527	0.081	0.042	-1829.380
21	6	428	243	0.4572	0.090	0.079	0.013	0.000	0.002	0.022	0.525	0.071	0.170	0.081	4.131	0.982	0.018	0.029	-2861.527
21	6	399	277	0.4137	0.121	0.165	0.018	0.010	0.008	0.023	0.541	0.144	0.152	0.119	2.687	0.212	0.039	0.111	-3305.582
21	6	1133	452	0.5330	0.030	0.066	0.015	0.003	0.000	0.025	0.276	0.057	0.077	0.110	2.612	0.972	0.028	0.057	-7341.060
21	6	612	253	0.4170	0.012	0.089	0.019	0.000	0.000	0.024	0.474	0.079	0.087	0.063	3.339	0.861	0.022	0.012	-3816.720
21	6	422	194	0.4554	0.065	0.066	0.020	0.000	0.000	0.000	0.158	0.078	0.216	0.031	4.553	0.872	0.018	0.019	-2591.309
21	6	347	168	0.5090	0.058	0.127	0.015	0.000	0.006	0.009	0.167	0.046	0.069	0.020	3.615	0.820	0.027	0.021	-2084.409
21	6	433	273	0.5812	0.123	0.189	0.021	0.007	0.002	0.051	0.328	0.071	0.079	0.094	4.393	0.805	0.078	0.058	-3148.155
21	6	520	305	0.5863	0.101	0.280	0.034	0.002	0.008	0.052	0.434	0.101	0.129	0.071	3.227	0.777	0.132	0.048	-4013.720
21	6	291	177	0.6271	0.049	0.186	0.015	0.027	0.011	0.075	0.452	0.096	0.098	0.078	6.195	0.805	0.016	0.017	-2006.394
21	6	197	162	0.6175	0.155	0.348	0.045	0.016	0.031	0.098	0.458	0.144	0.165	0.094	3.559	0.490	0.177	0.085	-1823.326
21	6	313	221	0.6448	0.270	0.157	0.032	0.015	0.020	0.080	0.468	0.107	0.071	0.216	4.255	0.754	0.057	0.033	-2446.684
21	6	370	237	0.4545	0.115	0.175	0.014	0.005	0.000	0.034	0.354	0.152	0.065	0.120	2.560	0.713	0.014	0.091	-2829.218
21	6	257	206	0.5640	0.170	0.454	0.019	0.000	0.004	0.066	0.436	0.054	0.221	0.224	3.555	0.543	0.166	0.094	-2353.409
21	6	377	216	0.4627	0.050	0.044	0.020	0.006	0.008	0.028	0.227	0.151	0.059	0.084	2.151	0.840	0.025	0.061	-2521.751
21	6	308	236	0.4113	0.162	0.131	0.038	0.010	0.009	0.049	0.535	0.140	0.120	0.159	2.857	0.627	0.142	0.123	-2654.105
21	6	788	526	0.4893	0.428	0.213	0.055	0.007	0.012	0.082	0.431	0.077	0.088	0.375	3.751	0.841	0.159	0.138	-7130.304
21	6	377	268	0.5300	0.121	0.198	0.023	0.000	0.016	0.082	0.529	0.107	0.115	0.143	4.698	0.690	0.091	0.071	-3095.694
21	6	253	182	0.5105	0.136	0.129	0.030	0.000	0.025	0.061	0.315	0.109	0.063	0.224	3.090	0.965	0.018	0.045	-1821.180
21	6	482	389	0.5683	0.225	0.433	0.052	0.016	0.006	0.104	0.747	0.144	0.166	0.252	3.473	0.462	0.223	0.085	-4828.227
21	6	803	378	0.4259	0.062	0.088	0.018	0.008	0.004	0.027	0.254	0.101	0.157	0.033	3.517	0.775	0.055	0.040	-5495.790
21	6	1144	446	0.4595	0.090	0.086	0.012	0.003	0.003	0.020	0.255	0.096	0.090	0.037	3.310	0.897	0.071	0.032	-7486.460
21	6	317	204	0.4190	0.066	0.081	0.019	0.004	0.003	0.027	0.377	0.117	0.091	0.085	3.408	0.371	0.028	0.075	-2255.460
21	6	350	218	0.5200	0.165	0.164	0.017	0.009	0.011	0.040	0.208	0.098	0.072	0.182	2.155	0.993	0.007	0.019	-2390.438
21	6	380	256	0.6034	0.212	0.290	0.052	0.014	0.000	0.059	0.551	0.097	0.168	0.190	3.180	0.844	0.114	0.044	-3171.670
21	6	140	129	0.4500	0.120	0.827	0.036	0.059	0.015	0.039	0.612	0.203	0.187	0.113	2.594	0.231	0.125	0.280	-1510.123
21	6	144	138	0.4858	0.215	0.937	0.004	0.007	0.014	0.155	0.625	0.204	0.046	0.166	3.089	0.135	0.107	0.050	-1512.923
21	6	1072	514	0.6196	0.135	0.165	0.030	0.006	0.006	0.038	0.316	0.055	0.089	0.179	4.191	0.846	0.038	0.047	-7734.213
21	6	728	480	0.4208	0.114	0.149	0.016	0.004	0.006	0.040	0.442	0.154	0.206	0.057	3.652	0.676	0.324	0.133	-5875.338
21	6	270	150	0.4717	0.095	0.079	0.022	0.008	0.004	0.021	0.245	0.060	0.011	0.023	1.315	0.715	0.025	0.055	-1719.077
21	6	360	173	0.3996	0.026	0.103	0.019	0.005	0.007	0.012	0.199	0.040	0.085	0.065	3.792	0.766	0.002	0.025	-2187.628
21	6	843	469	0.4351	0.091	0.181	0.021	0.004	0.005	0.042	0.355	0.139	0.108	0.108	4.503	0.713	0.100	0.099	-6549.105
21	6	413	198	0.6301	0.107	0.143	0.010	0.000	0.003	0.032	0.171	0.059	0.034	0.092	5.028	0.866	0.013	0.020	-2516.578
21	6	454	263	0.5991	0.118	0.297	0.014	0.007	0.005	0.022	0.216	0.077	0.073	0.121	3.021	0.826	0.062	0.020	-3193.655
21	6	411	325	0.4247	0.143	0.203	0.036	0.010	0.011	0.066	0.611	0.153	0.147	0.291	2.981	0.591	0.244	0.170	-3806.885
21	6	1514	499	0.6439	0.094	0.081	0.017	0.008	0.007	0.033	0.268	0.084	0.052	0.048	3.431	0.775	0.142	0.000	-9557.488
21	6	709	421	0.5244	0.179	0.132	0.037	0.007	0.009	0.039	0.320	0.071	0.146	0.150	3.457	0.766	0.110	0.101	-5615.286
21	6	783	457	0.4932	0.159	0.203	0.033	0.005	0.011	0.038	0.362	0.110	0.108	0.146	2.761	0.751	0.098	0.058	-6237.188
21	6	297	268	0.4444	0.226	0.605	0.045	0.021	0.021	0.091	0.484	0.087	0.274	0.213	2.477	0.196	0.114	0.211	-3153.198
21	6	545	193	0.5524	0.000	0.039	0.008	0.008	0.010	0.018	0.188	0.020	0.045	0.078	3.692	0.983	0.017	0.027	-3015.262
21	6	183	125	0.5540	0.103	0.199	0.027	0.016	0.018	0.020	0.145	0.046	0.005	0.090	5.955	0.427	0.063	0.000	-1215.904
21	6	1075	552	0.4617	0.146	0.160	0.020	0.007	0.007	0.036	0.273	0.089	0.112	0.087	3.001	0.813	0.041	0.072	-7936.573
21	6	585	410	0.5085	0.214	0.285	0.050	0.007	0.002	0.053	0.376	0.185	0.099	0.198	3.000	0.613	0.188	0.096	-5222.410
21	6	219	167	0.6656	0.222	0.392	0.029	0.009	0.020	0.041	0.625	0.088	0.078	0.191	5.489	0.474	0.087	0.072	-1867.104
21	6	640	352	0.5281	0.139	0.232	0.030	0.003	0.008	0.026	0.274	0.128	0.099	0.164	3.276	0.828	0.098	0.029	-4782.960
21	6	450	285	0.5520	0.144	0.195	0.034	0.014	0.009	0.034	0.320	0.018	0.189	0.071	6.304	0.718	0.076	0.044	-3349.444
21	6	151	135	0.5820	0.068	0.420	0.052	0.000	0.007	0.077	0.599	0.056	0.285	0.112	6.075	0.000	0.000	0.117	-1369.952
21	6	416	261	0.5930	0.240	0.588	0.002	0.020	0.017	0.111	0.252	0.079	0.065	0.217	5.883	0.900	0.013	0.029	-3139.695
21	6	635	331	0.4875	0.103	0.152	0.025	0.008	0.012	0.041	0.223	0.073	0.097	0.045	4.261	0.844	0.041	0.035	-4345.425
21	6	1238	432	0.5346	0.069	0.086	0.014	0.006	0.005	0.027	0.229	0.060	0.076	0.082	2.707	0.926	0.014	0.005	-7587.512
21	6	316	194	0.4280	0.096	0.146	0.009	0.000	0.003	0.035	0.290	0.096	0.113	0.093	2.152	0.526	0.086	0.044	-2309.516
21	6	2047	1118	0.5147	0.184	0.218	0.059	0.008	0.011	0.075	0.498	0.124	0.115	0.201	2.846	0.895	0.105	0.074	-17494.630
21	6	147	112	0.5726	0.129	0.050	0.030	0.020	0.014	0.041	0.403	0.077	0.008	0.122	2.851	0.661	0.131	0.073	-1092.966
21	6	654	378	0.4637	0.160	0.182	0.045	0.009	0.004	0.020	0.374	0.090	0.125	0.078	2.451	0.574	0.069	0.038	-5083.907
21	6	291	258	0.4669	0.275	0.472	0.034	0.003	0.007	0.095	0.565	0.199	0.091	0.220	3.429	0.306	0.157	0.123	-2897.517
21	6	456	244	0.4493	0.072	0.137	0.024	0.014	0.005	0.038	0.245	0.126	0.042	0.061	2.921	0.794	0.126	0.016	-3157.406
21	6	907	429	0.6133	0.230	0.134	0.039	0.002	0.009	0.091	0.270	0.070	0.125	0.250	5.384	0.927	0.035	0.028	-6288.173
21	6	299	272	0.4676	0.213	0.446	0.027	0.010	0.022	0.093	0.654	0.160	0.187	0.127	3.601	0.158	0.097	0.269	-3032.767
21	6	276	183	0.6029	0.147	0.192	0.048	0.036	0.025	0.134	0.418	0.090	0.136	0.163	3.532	0.742	0.082	0.075	-2314.983
21	6	834	418	0.6293	0.088	0.161	0.032	0.012	0.014	0.047	0.354	0.098	0.096	0.123	4.689	0.913	0.038	0.024	-5844.896
21	6	448	326	0.4723	0.169	0.148	0.052	0.003	0.018	0.025	0.510	0.120	0.198	0.238	2.838	0.542	0.095	0.113	-3976.557
21	6	299	204	0.4812	0.175	0.215	0.051	0.003	0.007	0.053	0.338	0.124	0.042	0.118	4.742	0.753	0.025	0.045	-2179.900
21	6	759	325	0.4612	0.058	0.068	0.015	0.007	0.008	0.024	0.323	0.156	0.073	0.052	4.171	0.923	0.006	0.031	-4970.309
21	6	547	290	0.3966	0.057	0.180	0.024	0.002	0.002	0.026	0.251	0.239	0.109	0.117	3.754	0.779	0.103	0.072	-3686.181
21	6	1534	841	0.4920	0.170	0.236	0.029	0.009	0.009	0.032	0.412	0.122	0.135	0.239	3.269	0.880	0.077	0.088	-12586.537
21	6	156	120	0.5526	0.200	0.294	0.008	0.000	0.000	0.042	0.269	0.092	0.049	0.185	2.190	0.726	0.033	0.046	-1160.279
21	6	443	270	0.3969	0.223	0.163	0.023	0.005	0.002	0.043	0.394	0.046	0.087	0.161	3.476	0.592	0.117	0.112	-3419.338
21	6	245	136	0.5918	0.065	0.106	0.030	0.004	0.000	0.029	0.181	0.084	0.031	0.078	3.164	0.812	0.032	0.025	-1548.323
21	6	421	245	0.4312	0.088	0.128	0.009	0.005	0.002	0.025	0.188	0.120	0.097	0.102	3.736	0.696	0.112	0.061	-2969.274
21	6	382	242	0.6306	0.185	0.294	0.033	0.003	0.008	0.037	0.232	0.077	0.060	0.103	3.536	0.657	0.074	0.055	-2843.047
21	6	277	226	0.6875	0.307	0.257	0.054	0.022	0.030	0.108	1.012	0.203	0.125	0.290	3.147	0.519	0.245	0.084	-2747.842
21	6	458	170	0.5069	0.049	0.061	0.005	0.000	0.000	0.013	0.123	0.049	0.037	0.003	2.314	0.856	0.000	0.066	-2545.170
21	6	901	531	0.3996	0.095	0.144	0.013	0.017	0.010	0.041	0.498	0.105	0.087	0.103	3.749	0.680	0.239	0.077	-7007.752
21	6	524	304	0.5279	0.106	0.134	0.035	0.006	0.006	0.047	0.420	0.093	0.116	0.148	3.472	0.793	0.045	0.036	-3842.629
21	6	158	141	0.6276	0.333	0.448	0.004	0.018	0.007	0.096	0.533	0.116	0.107	0.358	3.512	0.587	0.056	0.124	-1439.486
21	6	1117	621	0.4219	0.069	0.140	0.027	0.005	0.007	0.036	0.420	0.180	0.179	0.108	3.444	0.665	0.200	0.081	-9033.462
21	6	540	295	0.6053	0.049	0.174	0.017	0.003	0.004	0.041	0.302	0.078	0.091	0.060	3.864	0.855	0.016	0.050	-3694.582
21	6	353	191	0.4931	0.097	0.068	0.016	0.010	0.005	0.049	0.288	0.083	0.103	0.046	1.617	0.521	0.033	0.044	-2442.203
21	6	314	199	0.6177	0.110	0.152	0.046	0.017	0.003	0.061	0.355	0.063	0.083	0.170	5.443	0.713	0.097	0.053	-2333.154
21	6	709	351	0.4801	0.091	0.087	0.005	0.001	0.009	0.040	0.184	0.108	0.059	0.083	3.345	0.954	0.021	0.040	-4581.727
21	6	368	169	0.5586	0.068	0.018	0.007	0.006	0.003	0.021	0.178	0.058	0.044	0.109	7.618	0.835	0.017	0.035	-2150.198
21	6	466	360	0.4617	0.220	0.250	0.041	0.010	0.012	0.053	0.610	0.181	0.152	0.150	3.076	0.463	0.133	0.112	-4338.454
21	6	545	310	0.6947	0.145	0.151	0.017	0.004	0.017	0.131	0.502	0.047	0.175	0.141	5.914	0.924	0.061	0.028	-4032.665
21	6	344	243	0.6107	0.231	0.299	0.048	0.014	0.003	0.058	0.322	0.042	0.137	0.168	4.377	0.719	0.090	0.057	-2739.255
21	6	809	572	0.6057	0.288	0.314	0.060	0.023	0.008	0.074	0.678	0.145	0.159	0.221	4.720	0.665	0.215	0.063	-7076.587
21	6	560	319	0.5856	0.147	0.326	0.026	0.006	0.009	0.054	0.260	0.069	0.081	0.083	3.622	0.813	0.063	0.023	-4133.237
21	6	441	241	0.4710	0.095	0.127	0.021	0.004	0.006	0.044	0.223	0.030	0.090	0.017	3.410	0.832	0.021	0.031	-2854.067
21	6	889	353	0.5801	0.090	0.102	0.024	0.006	0.004	0.026	0.191	0.079	0.067	0.092	3.616	0.921	0.033	0.008	-5596.585
21	6	283	193	0.5807	0.081	0.302	0.057	0.003	0.016	0.093	0.306	0.046	0.077	0.090	5.260	0.576	0.100	0.048	-2210.692
21	6	321	189	0.4247	0.091	0.142	0.035	0.003	0.003	0.010	0.229	0.057	0.120	0.088	2.714	0.688	0.017	0.035	-2181.318
21	6	1141	528	0.4626	0.131	0.130	0.031	0.004	0.007	0.024	0.316	0.075	0.097	0.104	2.630	0.940	0.056	0.049	-8217.539
21	6	253	126	0.7240	0.107	0.147	0.008	0.000	0.004	0.091	0.229	0.014	0.103	0.033	8.565	0.824	0.064	0.036	-1577.521
21	6	778	374	0.4729	0.030	0.150	0.015	0.004	0.004	0.039	0.277	0.124	0.077	0.047	2.532	0.794	0.036	0.077	-5440.865
21	6	920	408	0.5511	0.041	0.057	0.016	0.007	0.005	0.034	0.273	0.067	0.106	0.128	3.469	0.888	0.013	0.032	-6029.915
21	6	334	222	0.5519	0.187	0.260	0.021	0.000	0.003	0.024	0.310	0.035	0.067	0.172	2.056	0.842	0.047	0.046	-2460.156
21	6	295	200	0.4910	0.098	0.169	0.033	0.000	0.010	0.035	0.220	0.174	0.146	0.116	3.230	0.698	0.055	0.049	-2222.311
21	6	521	336	0.4687	0.139	0.272	0.008	0.017	0.000	0.057	0.460	0.108	0.116	0.102	3.166	0.618	0.084	0.071	-4254.772
21	6	398	177	0.6647	0.076	0.111	0.016	0.003	0.003	0.028	0.187	0.035	0.061	0.043	4.629	0.867	0.010	0.027	-2356.424
21	6	478	330	0.4453	0.157	0.351	0.039	0.024	0.005	0.034	0.414	0.126	0.098	0.191	2.580	0.729	0.094	0.084	-4107.914
21	6	231	128	0.5241	0.042	0.153	0.016	0.004	0.000	0.010	0.170	0.059	0.072	0.021	3.006	0.753	0.026	0.000	-1368.453
21	6	311	235	0.4652	0.149	0.210	0.061	0.007	0.003	0.050	0.474	0.116	0.078	0.170	2.559	0.668	0.160	0.114	-2662.416
21	6	373	300	0.4036	0.196	0.463	0.013	0.008	0.012	0.027	0.632	0.062	0.169	0.233	2.600	0.448	0.216	0.077	-3465.044
21	6	210	148	0.4723	0.025	0.168	0.016	0.005	0.000	0.029	0.290	0.070	0.095	0.087	4.956	0.293	0.032	0.043	-1423.035
21	6	141	116	0.6014	0.163	0.577	0.015	0.007	0.000	0.176	0.661	0.049	0.111	0.154	1.894	0.464	0.313	0.034	-1319.028
21	6	189	137	0.5238	0.132	0.237	0.018	0.000	0.000	0.038	0.341	0.071	0.050	0.123	3.807	0.655	0.044	0.063	-1337.261
21	6	419	236	0.5720	0.097	0.128	0.041	0.008	0.008	0.031	0.368	0.081	0.085	0.145	3.849	0.940	0.060	0.032	-2971.430
21	6	228	188	0.6321	0.195	0.390	0.044	0.000	0.005	0.049	0.483	0.118	0.142	0.176	3.472	0.360	0.246	0.053	-2079.155
21	6	230	150	0.4783	0.072	0.055	0.020	0.018	0.000	0.008	0.331	0.118	0.111	0.125	3.059	0.662	0.083	0.094	-1656.841
21	6	652	353	0.6233	0.182	0.079	0.027	0.011	0.011	0.032	0.356	0.120	0.117	0.161	5.018	0.915	0.034	0.042	-4758.655
21	6	358	238	0.6194	0.130	0.165	0.044	0.003	0.008	0.034	0.366	0.081	0.067	0.103	4.085	0.727	0.025	0.101	-2647.381
21	6	373	319	0.4783	0.155	0.596	0.046	0.010	0.015	0.067	0.622	0.137	0.161	0.187	2.661	0.389	0.226	0.092	-3790.488
21	6	879	458	0.5258	0.110	0.175	0.023	0.005	0.012	0.056	0.367	0.098	0.139	0.071	4.143	0.889	0.076	0.063	-6622.452
21	6	391	182	0.6433	0.070	0.138	0.021	0.003	0.003	0.029	0.222	0.031	0.062	0.026	3.710	0.874	0.028	0.022	-2343.833
21	6	429	254	0.5615	0.248	0.057	0.009	0.007	0.005	0.029	0.219	0.143	0.133	0.221	3.661	0.937	0.046	0.014	-2976.904
21	6	206	108	0.5712	0.058	0.109	0.015	0.000	0.000	0.064	0.116	0.066	0.027	0.027	6.324	0.829	0.012	0.036	-1178.459
21	6	338	245	0.5774	0.322	1.176	0.044	0.030	0.024	0.069	0.760	0.093	0.084	0.289	5.151	0.745	0.117	0.041	-3002.718
21	6	362	132	0.4876	0.000	0.026	0.008	0.003	0.006	0.015	0.056	0.016	0.037	0.044	3.007	0.853	0.000	0.047	-1856.779
21	6	844	427	0.4689	0.074	0.141	0.023	0.002	0.001	0.049	0.349	0.073	0.073	0.082	3.309	0.377	0.239	0.000	-5999.804
21	6	225	149	0.4515	0.097	0.118	0.024	0.014	0.000	0.033	0.313	0.080	0.156	0.082	4.011	0.000	0.000	0.051	-1682.511
21	6	291	204	0.5736	0.181	0.201	0.028	0.025	0.008	0.035	0.367	0.102	0.083	0.186	2.788	0.725	0.128	0.070	-2371.873
21	6	239	129	0.4677	0.024	0.139	0.013	0.000	0.004	0.000	0.232	0.047	0.083	0.020	3.602	0.641	0.000	0.017	-1425.721
21	6	618	337	0.4811	0.090	0.109	0.030	0.015	0.007	0.030	0.328	0.127	0.178	0.124	2.970	0.882	0.041	0.027	-4464.806
21	6	251	157	0.5125	0.050	0.073	0.032	0.000	0.009	0.036	0.193	0.070	0.110	0.061	3.122	0.827	0.046	0.048	-1643.429
21	6	375	218	0.4798	0.077	0.183	0.025	0.006	0.007	0.034	0.223	0.078	0.119	0.077	2.181	0.767	0.046	0.016	-2553.053
21	6	269	168	0.5315	0.108	0.088	0.029	0.012	0.003	0.039	0.283	0.058	0.117	0.087	4.073	0.964	0.036	0.035	-1799.616
21	6	1098	452	0.4439	0.104	0.194	0.010	0.004	0.005	0.031	0.152	0.067	0.067	0.070	2.311	0.809	0.067	0.015	-7316.822
21	6	219	152	0.4340	0.132	0.112	0.000	0.019	0.000	0.050	0.303	0.071	0.079	0.072	1.719	0.000	0.000	0.020	-1504.919
21	6	555	297	0.5140	0.097	0.113	0.017	0.015	0.005	0.033	0.248	0.142	0.069	0.080	3.135	0.738	0.025	0.062	-3929.467
21	6	329	236	0.5133	0.164	0.256	0.031	0.005	0.027	0.077	0.503	0.175	0.119	0.184	3.124	0.513	0.119	0.061	-2843.738
21	6	503	267	0.6199	0.076	0.150	0.027	0.005	0.005	0.028	0.424	0.051	0.053	0.096	2.826	0.880	0.007	0.031	-3319.538
21	6	140	132	0.5861	0.450	1.822	0.137	0.000	0.023	0.144	0.544	0.211	0.201	0.476	2.801	0.608	0.087	0.189	-1633.769
21	6	202	122	0.4862	0.012	0.134	0.016	0.000	0.005	0.004	0.118	0.042	0.074	0.110	3.100	0.645	0.000	0.044	-1233.527
21	6	294	215	0.5618	0.161	0.123	0.066	0.000	0.003	0.044	0.482	0.090	0.071	0.117	2.418	0.770	0.056	0.063	-2280.513
21	6	220	181	0.4664	0.108	0.177	0.024	0.010	0.013	0.078	0.518	0.165	0.073	0.124	2.097	0.818	0.063	0.126	-1874.773
21	6	296	134	0.5210	0.025	0.058	0.017	0.010	0.010	0.007	0.174	0.011	0.054	0.038	2.036	0.718	0.000	0.015	-1648.906
21	6	762	426	0.4516	0.074	0.142	0.016	0.007	0.006	0.023	0.418	0.189	0.114	0.126	3.832	0.844	0.148	0.086	-5964.466
21	6	877	528	0.5653	0.166	0.189	0.043	0.011	0.008	0.051	0.308	0.121	0.131	0.145	3.110	0.774	0.072	0.082	-7066.313
21	6	499	302	0.6036	0.064	0.192	0.031	0.007	0.000	0.031	0.375	0.088	0.078	0.055	3.465	0.908	0.038	0.030	-3447.666
21	6	367	208	0.4464	0.001	0.199	0.011	0.000	0.006	0.036	0.292	0.070	0.086	0.087	3.843	0.694	0.042	0.057	-2517.684
21	6	325	264	0.4244	0.163	0.223	0.025	0.006	0.003	0.058	0.564	0.210	0.208	0.133	3.930	0.419	0.056	0.107	-2842.730
21	6	639	306	0.5393	0.194	0.139	0.005	0.014	0.006	0.018	0.202	0.090	0.110	0.163	4.320	0.904	0.015	0.010	-4231.112
21	6	362	207	0.4738	0.078	0.213	0.021	0.003	0.003	0.077	0.284	0.095	0.118	0.081	2.653	0.796	0.029	0.032	-2585.810
21	6	375	214	0.4412	0.046	0.358	0.016	0.003	0.000	0.015	0.246	0.050	0.058	0.068	2.358	0.762	0.079	0.005	-2594.837
21	6	437	288	0.4537	0.140	0.186	0.019	0.012	0.005	0.063	0.363	0.039	0.116	0.185	2.726	0.562	0.026	0.071	-3401.671
21	6	249	146	0.4096	0.068	0.071	0.011	0.016	0.005	0.032	0.237	0.094	0.023	0.085	2.617	0.685	0.040	0.029	-1601.887
21	6	314	220	0.6293	0.095	0.361	0.056	0.018	0.008	0.108	0.534	0.070	0.137	0.079	9.325	0.760	0.046	0.058	-2492.038
21	6	412	296	0.4980	0.138	0.263	0.021	0.005	0.010	0.031	0.350	0.100	0.136	0.068	2.825	0.698	0.100	0.122	-3354.175
21	6	437	157	0.6208	0.028	0.123	0.010	0.000	0.000	0.022	0.108	0.027	0.036	0.024	4.235	0.872	0.002	0.015	-2344.306
21	6	274	220	0.4474	0.303	0.441	0.025	0.004	0.000	0.024	0.431	0.125	0.108	0.274	2.645	0.636	0.036	0.096	-2384.934
21	6	155	136	0.5737	0.180	0.521	0.012	0.007	0.000	0.111	0.519	0.047	0.239	0.111	3.166	0.457	0.130	0.126	-1449.932
21	6	486	296	0.5193	0.156	0.155	0.010	0.001	0.007	0.061	0.322	0.076	0.118	0.167	3.420	0.847	0.019	0.037	-3518.262
21	6	574	408	0.4980	0.167	0.273	0.028	0.016	0.008	0.041	0.502	0.104	0.265	0.202	3.166	0.692	0.111	0.057	-4997.903
21	6	1322	686	0.4193	0.145	0.145	0.025	0.006	0.008	0.051	0.372	0.121	0.150	0.139	3.312	0.770	0.187	0.076	-10672.168
21	6	216	175	0.5615	0.079	0.344	0.017	0.013	0.011	0.079	0.445	0.106	0.145	0.121	4.457	0.621	0.099	0.095	-1829.196
21	6	777	347	0.4472	0.032	0.090	0.007	0.004	0.011	0.024	0.199	0.084	0.072	0.101	3.361	0.786	0.058	0.045	-5056.395
21	6	568	337	0.5769	0.153	0.135	0.019	0.000	0.013	0.031	0.305	0.073	0.049	0.158	4.478	0.691	0.026	0.118	-4162.838
21	6	845	405	0.4876	0.115	0.137	0.014	0.006	0.006	0.042	0.333	0.071	0.096	0.042	3.030	0.927	0.046	0.045	-5862.173
21	6	443	209	0.5231	0.085	0.072	0.020	0.004	0.008	0.034	0.200	0.072	0.078	0.055	2.508	0.878	0.049	0.045	-2855.155
21	6	577	254	0.4489	0.058	0.050	0.025	0.011	0.000	0.019	0.244	0.075	0.070	0.091	3.282	0.891	0.034	0.047	-3718.261
21	6	783	446	0.4506	0.099	0.201	0.013	0.011	0.006	0.056	0.382	0.162	0.112	0.117	3.296	0.827	0.118	0.083	-6226.600
21	6	430	220	0.5999	0.223	0.026	0.038	0.005	0.012	0.043	0.434	0.073	0.087	0.163	4.392	0.759	0.056	0.031	-3040.044
21	6	323	240	0.5786	0.465	0.140	0.047	0.013	0.034	0.044	0.941	0.185	0.196	0.520	6.470	0.463	0.109	0.052	-2975.205
21	6	483	202	0.3725	0.035	0.068	0.018	0.000	0.002	0.011	0.271	0.057	0.074	0.030	4.958	0.774	0.009	0.035	-2885.685
21	6	324	239	0.4832	0.146	0.241	0.000	0.000	0.106	0.076	0.432	0.117	0.082	0.204	3.146	0.539	0.106	0.018	-2572.060
21	6	306	206	0.5907	0.068	0.325	0.021	0.004	0.003	0.037	0.269	0.186	0.080	0.148	3.286	0.724	0.093	0.061	-2368.906
21	6	157	124	0.5231	0.074	0.220	0.063	0.000	0.007	0.065	0.379	0.055	0.097	0.039	6.399	0.790	0.158	0.123	-1180.578
21	6	208	135	0.5540	0.085	0.149	0.017	0.016	0.004	0.029	0.171	0.034	0.053	0.047	1.788	0.599	0.038	0.010	-1321.092
21	6	257	153	0.6027	0.113	0.081	0.043	0.004	0.012	0.017	0.377	0.086	0.026	0.101	2.272	0.933	0.046	0.042	-1774.580
21	6	695	435	0.5640	0.135	0.201	0.031	0.014	0.010	0.034	0.328	0.131	0.152	0.136	4.020	0.736	0.087	0.081	-5556.047
21	6	736	272	0.4195	0.040	0.074	0.014	0.003	0.013	0.019	0.161	0.046	0.049	0.043	3.588	0.891	0.057	0.059	-4453.219
21	6	511	297	0.5818	0.088	0.066	0.023	0.016	0.004	0.021	0.245	0.074	0.105	0.137	3.991	0.784	0.135	0.086	-3631.141
21	6	372	105	0.6649	0.033	0.042	0.017	0.005	0.000	0.000	0.062	0.022	0.004	0.000	11.026	0.854	0.020	0.000	-1710.128
21	6	495	215	0.5832	0.123	0.096	0.045	0.004	0.007	0.025	0.269	0.058	0.014	0.089	4.249	0.986	0.014	0.006	-2955.650
21	6	444	259	0.5900	0.059	0.262	0.024	0.020	0.004	0.052	0.426	0.044	0.066	0.078	3.698	0.838	0.000	0.030	-3063.385
21	6	576	361	0.4145	0.101	0.322	0.000	0.047	0.097	0.041	0.198	0.355	0.067	0.101	2.618	0.453	0.379	0.051	-4560.765
21	6	320	208	0.5599	0.018	0.593	0.053	0.010	0.003	0.044	0.212	0.125	0.140	0.045	1.515	0.770	0.051	0.014	-2474.013
21	6	142	112	0.5192	1.723	0.239	0.000	0.031	0.006	0.076	0.927	0.078	0.059	1.755	3.792	0.933	0.067	0.055	-1212.158
21	6	273	158	0.6040	0.037	0.052	0.039	0.011	0.003	0.009	0.344	0.019	0.066	0.033	3.405	0.111	0.016	0.061	-1725.455
21	6	324	226	0.4955	0.135	0.199	0.040	0.000	0.076	0.006	0.260	0.089	0.047	0.125	2.175	0.501	0.102	0.022	-2421.922
21	6	638	287	0.4401	0.041	0.087	0.017	0.005	0.005	0.028	0.364	0.117	0.091	0.041	1.829	0.916	0.023	0.024	-4149.043
21	6	629	266	0.4851	0.053	0.068	0.013	0.000	0.003	0.018	0.182	0.054	0.066	0.070	2.829	0.889	0.043	0.021	-3852.962
21	6	333	214	0.5808	0.082	0.216	0.014	0.014	0.005	0.023	0.353	0.126	0.130	0.131	3.200	0.730	0.070	0.043	-2487.535
21	6	516	281	0.4594	0.114	0.141	0.012	0.023	0.011	0.027	0.291	0.084	0.071	0.057	3.331	0.711	0.266	0.057	-3735.086
21	6	684	286	0.4442	0.025	0.059	0.013	0.004	0.003	0.027	0.209	0.108	0.074	0.089	3.351	0.785	0.028	0.024	-4326.041
21	6	375	310	0.4739	0.130	0.509	0.043	0.019	0.015	0.061	0.566	0.143	0.167	0.161	2.846	0.363	0.312	0.091	-3679.268
21	6	311	216	0.5086	0.143	0.206	0.048	0.003	0.013	0.097	0.425	0.074	0.142	0.069	3.045	0.709	0.034	0.023	-2385.973
21	6	456	248	0.5494	0.110	0.127	0.055	0.004	0.003	0.041	0.259	0.116	0.093	0.123	6.338	0.838	0.093	0.041	-3187.535
21	6	378	261	0.6162	0.074	0.467	0.084	0.013	0.006	0.030	0.578	0.113	0.102	0.085	3.324	0.679	0.141	0.040	-3201.452
21	6	229	183	0.5838	0.106	0.274	0.006	0.000	0.000	0.069	0.499	0.098	0.172	0.139	4.135	0.733	0.111	0.079	-1841.102
21	6	321	221	0.4245	0.081	0.147	0.034	0.003	0.006	0.027	0.275	0.110	0.066	0.071	3.857	0.764	0.050	0.114	-2268.535
21	6	457	279	0.6228	0.089	0.269	0.031	0.000	0.010	0.061	0.341	0.046	0.049	0.136	4.733	0.873	0.014	0.025	-3185.227
21	6	384	256	0.5109	0.125	0.125	0.071	0.005	0.013	0.044	0.357	0.086	0.094	0.114	2.867	0.770	0.057	0.088	-2978.817
21	6	609	365	0.4593	0.096	0.210	0.023	0.002	0.003	0.020	0.348	0.168	0.000	0.118	2.701	0.737	0.129	0.057	-4268.064
21	6	330	222	0.4231	0.078	0.213	0.052	0.006	0.004	0.056	0.391	0.105	0.131	0.087	3.842	0.454	0.116	0.036	-2631.907
21	6	810	314	0.4186	0.020	0.084	0.016	0.002	0.005	0.018	0.205	0.058	0.130	0.058	3.259	0.938	0.019	0.044	-5018.245
21	6	193	118	0.3938	0.015	0.125	0.000	0.000	0.011	0.011	0.262	0.134	0.018	0.024	3.716	0.423	0.017	0.035	-1204.609
21	6	388	268	0.5283	0.109	0.195	0.026	0.008	0.021	0.030	0.288	0.120	0.112	0.166	4.161	0.493	0.047	0.159	-3137.025
21	6	531	274	0.4515	0.046	0.113	0.018	0.002	0.002	0.028	0.252	0.141	0.070	0.044	2.559	0.863	0.041	0.030	-3492.601
21	6	592	219	0.4794	0.026	0.061	0.014	0.008	0.006	0.032	0.197	0.044	0.051	0.033	3.155	0.888	0.034	0.000	-3505.977
21	6	367	231	0.5647	0.091	0.155	0.013	0.008	0.003	0.054	0.231	0.102	0.073	0.160	5.326	0.637	0.042	0.056	-2613.016
21	6	391	148	0.5622	0.029	0.074	0.023	0.003	0.005	0.017	0.123	0.023	0.034	0.001	3.492	0.804	0.056	0.011	-2169.901
21	6	691	305	0.4850	0.022	0.081	0.018	0.008	0.009	0.019	0.168	0.075	0.078	0.081	4.221	0.725	0.005	0.065	-4377.927
21	6	234	141	0.5857	0.152	0.021	0.009	0.000	0.013	0.027	0.326	0.114	0.000	0.086	4.147	0.930	0.022	0.023	-1465.552
21	6	253	152	0.4392	0.035	0.060	0.012	0.000	0.000	0.016	0.364	0.160	0.077	0.039	2.894	0.941	0.059	0.028	-1642.340
21	6	459	376	0.5962	0.205	0.665	0.093	0.002	0.005	0.134	0.647	0.151	0.200	0.226	3.284	0.524	0.350	0.120	-4802.786
21	6	1148	573	0.4594	0.075	0.133	0.028	0.007	0.006	0.033	0.427	0.144	0.093	0.085	3.677	0.742	0.052	0.094	-8681.412
21	6	383	316	0.5707	0.243	0.418	0.073	0.009	0.016	0.061	0.472	0.136	0.119	0.247	4.714	0.464	0.198	0.094	-3584.047
21	6	690	375	0.6069	0.100	0.249	0.019	0.011	0.013	0.045	0.338	0.083	0.095	0.146	5.028	0.826	0.084	0.035	-5127.776
21	6	546	285	0.4864	0.131	0.077	0.014	0.017	0.006	0.031	0.364	0.109	0.105	0.096	2.627	0.905	0.046	0.040	-3900.317
21	6	495	367	0.4389	0.127	0.191	0.060	0.013	0.006	0.090	0.713	0.178	0.174	0.283	3.228	0.800	0.200	0.085	-4552.355
21	6	122	85	0.5296	0.137	0.207	0.000	0.017	0.000	0.000	0.114	0.016	0.087	0.168	5.090	0.000	0.000	0.123	-791.706
21	6	329	263	0.5566	0.124	0.199	0.037	0.009	0.020	0.053	0.502	0.160	0.121	0.170	4.098	0.502	0.090	0.122	-2841.215
21	6	358	188	0.6118	0.053	0.195	0.015	0.000	0.003	0.045	0.180	0.081	0.044	0.085	3.879	0.801	0.012	0.016	-2320.911
21	6	611	385	0.4913	0.138	0.211	0.007	0.012	0.003	0.041	0.292	0.186	0.149	0.112	3.523	0.814	0.104	0.084	-4838.639
21	6	479	316	0.4527	0.111	0.200	0.023	0.002	0.007	0.042	0.987	0.055	0.284	0.151	2.695	0.787	0.126	0.049	-4032.767
21	6	430	224	0.6175	0.056	0.150	0.010	0.015	0.010	0.037	0.317	0.046	0.085	0.062	3.317	0.693	0.061	0.034	-2911.662
21	6	1029	407	0.4840	0.030	0.098	0.017	0.004	0.006	0.022	0.274	0.056	0.057	0.098	2.953	0.919	0.030	0.026	-6671.024
21	6	1927	729	0.4756	0.075	0.107	0.016	0.004	0.007	0.033	0.414	0.120	0.077	0.065	3.085	0.910	0.066	0.047	-13797.812
21	6	682	396	0.4928	0.106	0.212	0.045	0.013	0.013	0.062	0.260	0.063	0.093	0.124	3.136	0.826	0.048	0.066	-5209.512
21	6	600	344	0.6564	0.154	0.158	0.027	0.008	0.012	0.085	0.363	0.090	0.088	0.243	4.309	0.820	0.067	0.047	-4538.832
21	6	677	294	0.4717	0.061	0.080	0.020	0.000	0.005	0.022	0.265	0.056	0.054	0.063	2.704	0.900	0.010	0.012	-4144.136
21	6	696	300	0.4216	0.036	0.101	0.013	0.005	0.006	0.018	0.211	0.092	0.105	0.080	3.141	0.906	0.041	0.026	-4460.561
21	6	519	316	0.5028	0.074	0.265	0.052	0.008	0.006	0.031	0.406	0.093	0.116	0.130	3.428	0.849	0.047	0.025	-3927.605
21	6	925	538	0.5666	0.176	0.204	0.041	0.014	0.009	0.051	0.360	0.088	0.146	0.202	4.132	0.723	0.062	0.053	-7407.736
21	6	566	174	0.4479	0.055	0.019	0.014	0.000	0.002	0.006	0.092	0.043	0.034	0.003	3.885	0.637	0.000	0.048	-3025.222
21	6	768	307	0.5599	0.040	0.097	0.017	0.005	0.007	0.021	0.164	0.032	0.075	0.056	3.993	0.846	0.042	0.046	-4743.831
21	6	210	143	0.6148	0.068	0.401	0.000	0.010	0.005	0.053	0.522	0.024	0.073	0.064	3.283	0.758	0.024	0.033	-1509.146
21	6	457	314	0.6607	0.065	0.408	0.050	0.005	0.017	0.062	0.748	0.151	0.064	0.127	3.656	0.851	0.070	0.062	-3895.248
21	6	819	482	0.5088	0.120	0.148	0.036	0.007	0.003	0.044	0.403	0.062	0.122	0.124	3.656	0.749	0.168	0.071	-6359.898
21	6	502	321	0.4459	0.060	0.107	0.018	0.006	0.002	0.038	0.285	0.139	0.083	0.142	2.751	0.626	0.091	0.119	-3738.751
21	6	349	226	0.5524	0.061	0.173	0.032	0.006	0.006	0.022	0.357	0.097	0.060	0.064	3.953	0.681	0.063	0.121	-2560.519
21	6	288	218	0.5925	0.222	0.548	0.121	0.015	0.003	0.056	0.695	0.079	0.071	0.191	4.748	0.679	0.143	0.058	-2565.487
21	6	242	177	0.5475	0.074	0.382	0.070	0.017	0.000	0.025	0.275	0.084	0.102	0.091	5.858	0.556	0.102	0.046	-1898.724
21	6	1164	620	0.5069	0.108	0.126	0.024	0.005	0.013	0.039	0.367	0.128	0.103	0.093	2.830	0.811	0.096	0.064	-8770.346
21	6	400	239	0.4070	0.062	0.080	0.035	0.003	0.000	0.031	0.300	0.102	0.104	0.103	3.946	0.317	0.043	0.122	-2908.826
21	6	212	158	0.4299	0.135	0.228	0.006	0.010	0.010	0.040	0.355	0.179	0.090	0.069	2.752	0.470	0.059	0.107	-1690.337
21	6	386	181	0.4834	0.049	0.104	0.014	0.000	0.005	0.019	0.226	0.054	0.067	0.013	3.427	0.766	0.062	0.000	-2381.344
21	6	396	231	0.6084	0.164	0.076	0.012	0.000	0.005	0.055	0.285	0.147	0.135	0.168	4.690	0.668	0.024	0.056	-2851.724
21	6	377	249	0.5787	0.118	0.141	0.026	0.008	0.008	0.046	0.355	0.066	0.094	0.187	3.238	0.835	0.081	0.081	-2885.987
21	6	391	170	0.4042	0.069	0.055	0.007	0.000	0.003	0.017	0.178	0.058	0.072	0.070	3.525	0.890	0.028	0.017	-2296.670
21	6	334	216	0.4642	0.114	0.020	0.019	0.000	0.003	0.042	0.620	0.186	0.049	0.127	3.806	0.000	0.000	0.041	-2297.088
21	6	314	203	0.5755	0.062	0.198	0.016	0.006	0.004	0.029	0.280	0.084	0.104	0.059	3.418	0.673	0.049	0.064	-2220.237
21	6	237	211	0.4444	0.191	0.311	0.048	0.000	0.026	0.073	0.452	0.082	0.171	0.257	4.150	0.280	0.101	0.267	-2216.105
21	6	357	239	0.5125	0.128	0.269	0.031	0.009	0.011	0.035	0.496	0.098	0.172	0.085	3.109	0.731	0.141	0.042	-2884.363
21	6	449	329	0.5211	0.090	0.207	0.058	0.002	0.005	0.041	0.412	0.132	0.111	0.182	2.914	0.743	0.155	0.152	-3823.617
21	6	519	348	0.4079	0.088	0.214	0.017	0.004	0.006	0.041	0.538	0.151	0.128	0.134	3.701	0.510	0.172	0.119	-4395.583
21	6	443	181	0.6139	0.047	0.050	0.024	0.014	0.002	0.014	0.112	0.075	0.046	0.056	5.430	0.387	0.042	0.062	-2685.294
21	6	354	140	0.5655	0.006	0.080	0.000	0.005	0.003	0.019	0.062	0.012	0.015	0.022	1.991	0.821	0.049	0.000	-1835.866
21	6	455	329	0.4305	0.143	0.200	0.043	0.013	0.005	0.052	0.538	0.088	0.163	0.108	3.240	0.477	0.089	0.099	-3910.738
21	6	242	222	0.4285	0.134	0.666	0.063	0.013	0.009	0.027	1.011	0.147	0.146	0.096	2.850	0.000	0.000	0.000	-2509.479
21	6	851	473	0.5004	0.204	0.165	0.025	0.005	0.005	0.039	0.298	0.092	0.127	0.150	4.308	0.689	0.128	0.057	-6607.145
21	6	828	431	0.4593	0.144	0.140	0.024	0.005	0.005	0.053	0.255	0.079	0.083	0.133	2.761	0.855	0.089	0.057	-6107.299
21	6	422	258	0.6040	0.158	0.151	0.022	0.011	0.006	0.059	0.376	0.114	0.061	0.130	4.710	0.800	0.087	0.057	-3156.330
21	6	410	284	0.5333	0.126	0.200	0.014	0.005	0.002	0.058	0.351	0.206	0.105	0.126	3.409	0.641	0.190	0.093	-3435.840
21	6	308	260	0.5997	0.267	0.480	0.095	0.041	0.011	0.061	0.652	0.125	0.202	0.283	4.350	0.473	0.250	0.089	-3117.847
21	6	491	326	0.5740	0.169	0.094	0.026	0.008	0.009	0.035	0.417	0.119	0.104	0.204	3.717	0.689	0.152	0.081	-3886.266
21	6	883	331	0.5106	0.043	0.077	0.012	0.000	0.001	0.013	0.174	0.096	0.075	0.089	4.128	0.943	0.021	0.006	-5313.863
21	6	263	177	0.4845	0.079	0.158	0.000	0.000	0.004	0.012	0.529	0.241	0.083	0.051	3.874	0.644	0.046	0.031	-1888.396
21	6	297	179	0.4360	0.055	0.115	0.024	0.007	0.007	0.012	0.156	0.088	0.085	0.084	3.635	0.802	0.029	0.030	-1929.065
21	6	618	342	0.5194	0.098	0.177	0.034	0.009	0.008	0.060	0.264	0.112	0.082	0.115	2.584	0.846	0.048	0.056	-4614.527
21	6	689	384	0.5263	0.138	0.167	0.016	0.009	0.009	0.020	0.257	0.103	0.121	0.203	3.368	0.750	0.099	0.069	-5289.621
21	6	620	403	0.4350	0.135	0.160	0.022	0.008	0.007	0.031	0.403	0.120	0.100	0.186	3.567	0.435	0.117	0.163	-5177.704
21	6	691	458	0.5463	0.150	0.177	0.025	0.013	0.016	0.047	0.455	0.147	0.150	0.114	2.299	0.647	0.112	0.114	-6000.923
21	6	228	97	0.6308	0.079	0.000	0.013	0.000	0.000	0.000	0.023	0.009	0.009	0.000	4.182	1.000	0.000	0.178	-1066.278
21	6	763	454	0.6296	0.146	0.158	0.031	0.020	0.005	0.048	0.446	0.091	0.142	0.157	5.392	0.773	0.080	0.078	-5945.530
21	6	105	79	0.5421	0.055	0.306	0.027	0.039	0.000	0.065	0.114	0.000	0.093	0.065	10.607	0.000	0.000	0.110	-726.092
21	6	214	146	0.4725	0.110	0.039	0.020	0.005	0.005	0.009	0.208	0.112	0.111	0.051	4.142	0.836	0.038	0.045	-1401.851
21	6	304	222	0.5082	0.183	0.202	0.012	0.010	0.010	0.033	0.356	0.061	0.142	0.155	2.838	0.711	0.096	0.041	-2382.807
21	6	175	145	0.4803	0.139	0.316	0.041	0.022	0.007	0.075	0.270	0.086	0.258	0.199	2.767	0.246	0.037	0.096	-1569.326
21	6	446	313	0.5756	0.239	0.231	0.005	0.009	0.005	0.076	0.464	0.081	0.121	0.281	3.557	0.683	0.191	0.066	-3798.881
21	6	512	274	0.4426	0.111	0.112	0.030	0.004	0.008	0.007	0.311	0.072	0.173	0.061	4.568	0.625	0.073	0.036	-3619.918
21	6	133	118	0.5951	0.508	0.796	0.094	0.000	0.008	0.167	0.417	0.135	0.042	0.514	3.202	0.336	0.123	0.057	-1346.799
21	6	421	233	0.5996	0.113	0.175	0.014	0.000	0.013	0.052	0.220	0.061	0.127	0.047	5.803	0.869	0.015	0.037	-2792.646
21	6	264	162	0.5380	0.028	0.183	0.012	0.000	0.004	0.052	0.363	0.053	0.129	0.074	3.011	0.833	0.098	0.039	-1869.365
21	6	1224	544	0.5049	0.071	0.099	0.018	0.004	0.001	0.032	0.242	0.093	0.089	0.086	4.026	0.841	0.076	0.075	-8229.646
21	6	788	328	0.5302	0.092	0.100	0.013	0.005	0.005	0.029	0.229	0.057	0.079	0.056	3.505	0.875	0.021	0.011	-4926.071
21	6	583	381	0.5418	0.172	0.114	0.019	0.009	0.007	0.043	0.411	0.178	0.188	0.153	3.698	0.609	0.061	0.077	-4751.916
21	6	223	176	0.6872	0.199	0.055	0.063	0.016	0.007	0.078	0.671	0.117	0.070	0.247	3.792	0.000	0.000	0.073	-1834.639
21	6	138	128	0.6041	0.207	0.335	0.066	0.007	0.015	0.009	0.583	0.288	0.202	0.170	4.245	0.635	0.029	0.272	-1331.167
21	6	261	168	0.5541	0.079	0.118	0.026	0.008	0.004	0.023	0.257	0.064	0.062	0.111	2.502	0.453	0.030	0.060	-1830.377
21	6	783	473	0.4419	0.125	0.239	0.016	0.004	0.003	0.028	0.327	0.103	0.114	0.150	3.154	0.477	0.110	0.092	-6243.935
21	6	396	230	0.5495	0.137	0.083	0.020	0.013	0.011	0.020	0.308	0.050	0.093	0.153	3.298	0.749	0.000	0.048	-2737.338
21	6	376	164	0.5048	0.066	0.117	0.000	0.005	0.000	0.019	0.108	0.078	0.032	0.012	3.090	0.858	0.010	0.023	-2190.683
21	6	445	290	0.6727	0.210	0.256	0.030	0.005	0.007	0.063	0.813	0.079	0.156	0.226	5.640	0.752	0.112	0.042	-3675.646
21	6	472	189	0.4565	0.034	0.087	0.014	0.007	0.000	0.022	0.116	0.028	0.042	0.063	3.484	0.793	0.013	0.027	-2745.298
21	6	274	210	0.5251	0.158	0.334	0.027	0.011	0.004	0.103	0.367	0.065	0.108	0.116	2.412	0.543	0.104	0.096	-2368.152
21	6	636	254	0.5861	0.110	0.073	0.012	0.000	0.002	0.033	0.177	0.048	0.089	0.000	5.304	0.836	0.029	0.025	-3847.085
21	6	189	144	0.5467	0.142	0.236	0.000	0.011	0.005	0.044	0.440	0.047	0.111	0.100	3.106	0.662	0.037	0.070	-1402.770
21	6	515	311	0.4752	0.065	0.117	0.016	0.012	0.013	0.041	0.379	0.140	0.124	0.133	2.887	0.641	0.097	0.068	-3981.752
21	6	1142	432	0.4620	0.049	0.096	0.018	0.007	0.004	0.029	0.206	0.063	0.071	0.066	3.625	0.793	0.096	0.067	-7488.673
21	6	381	234	0.5419	0.029	0.253	0.009	0.012	0.002	0.046	0.271	0.067	0.035	0.095	4.925	0.658	0.080	0.008	-2634.953
21	6	348	158	0.5263	0.044	0.114	0.011	0.000	0.000	0.022	0.083	0.051	0.043	0.004	2.745	0.686	0.054	0.070	-2039.352
21	6	337	240	0.6055	0.112	0.240	0.045	0.017	0.009	0.045	0.419	0.147	0.053	0.130	3.237	0.502	0.133	0.047	-2706.903
21	6	669	409	0.6427	0.086	0.376	0.062	0.015	0.001	0.059	0.529	0.076	0.087	0.136	4.082	0.864	0.066	0.025	-5170.097
21	6	298	236	0.5097	0.186	0.340	0.028	0.010	0.022	0.068	0.454	0.077	0.135	0.245	3.072	0.641	0.165	0.093	-2645.017
21	6	452	308	0.5369	0.092	0.231	0.055	0.009	0.004	0.051	0.353	0.107	0.094	0.103	3.784	0.616	0.373	0.130	-3718.286
21	6	363	210	0.6311	0.148	0.078	0.020	0.017	0.003	0.039	0.278	0.038	0.082	0.102	3.358	0.987	0.013	0.074	-2491.437
21	6	657	346	0.5090	0.157	0.089	0.027	0.005	0.003	0.031	0.249	0.088	0.072	0.164	3.669	0.797	0.057	0.045	-4645.132
21	6	183	134	0.5115	0.066	0.135	0.060	0.004	0.018	0.011	0.302	0.095	0.142	0.092	2.962	0.510	0.000	0.123	-1350.280
21	6	320	196	0.5499	0.079	0.224	0.014	0.003	0.007	0.030	0.225	0.054	0.118	0.129	4.912	0.758	0.033	0.013	-2132.827
21	6	407	138	0.5050	0.013	0.066	0.000	0.003	0.000	0.008	0.078	0.032	0.054	0.004	2.309	0.683	0.030	0.055	-2141.481
21	6	880	406	0.4419	0.078	0.089	0.012	0.008	0.009	0.031	0.206	0.073	0.072	0.077	2.480	0.929	0.030	0.052	-5779.705
21	6	380	262	0.5217	0.128	0.195	0.017	0.016	0.005	0.038	0.603	0.131	0.128	0.109	2.844	0.825	0.040	0.065	-3052.788
21	6	497	338	0.6036	0.137	0.545	0.051	0.000	0.000	0.054	0.420	0.126	0.143	0.067	4.620	0.625	0.186	0.047	-4201.397
21	6	339	193	0.5143	0.105	0.061	0.012	0.006	0.000	0.050	0.330	0.066	0.028	0.080	5.299	0.962	0.038	0.044	-2206.746
21	6	1055	677	0.4058	0.109	0.177	0.028	0.006	0.008	0.039	0.524	0.148	0.173	0.125	3.917	0.655	0.191	0.115	-8852.519
21	6	159	125	0.4429	0.082	0.127	0.018	0.013	0.000	0.014	0.411	0.027	0.066	0.073	1.628	0.466	0.068	0.000	-1066.109
21	6	214	164	0.6582	0.143	0.292	0.061	0.013	0.029	0.098	0.337	0.106	0.044	0.135	5.077	0.774	0.095	0.049	-1688.115
21	6	459	190	0.5066	0.000	0.109	0.007	0.011	0.000	0.016	0.126	0.041	0.047	0.038	2.845	0.844	0.013	0.031	-2631.825
21	6	497	245	0.6213	0.077	0.227	0.016	0.010	0.009	0.070	0.263	0.104	0.033	0.077	5.610	0.899	0.009	0.011	-3099.555
21	6	470	353	0.6548	0.415	0.249	0.049	0.018	0.000	0.062	0.833	0.102	0.095	0.376	4.228	0.854	0.105	0.066	-3973.782
21	6	527	337	0.4312	0.142	0.223	0.015	0.010	0.004	0.062	0.408	0.139	0.237	0.092	2.990	0.651	0.161	0.030	-4305.146
21	6	333	160	0.4351	0.002	0.082	0.016	0.009	0.003	0.016	0.170	0.064	0.076	0.043	7.272	0.649	0.045	0.051	-1990.854
21	6	603	385	0.4516	0.153	0.199	0.035	0.016	0.006	0.024	0.446	0.091	0.170	0.102	3.294	0.654	0.172	0.074	-4994.236
21	6	402	298	0.6347	0.163	0.319	0.022	0.005	0.011	0.118	0.732	0.241	0.106	0.214	4.288	0.750	0.137	0.103	-3639.527
21	6	381	319	0.6414	0.140	0.710	0.079	0.016	0.018	0.084	1.050	0.217	0.217	0.054	3.339	0.651	0.199	0.075	-3873.800
21	6	342	218	0.4506	0.118	0.054	0.017	0.003	0.000	0.030	0.329	0.115	0.142	0.097	1.872	0.718	0.031	0.053	-2454.394
21	6	449	285	0.5502	0.147	0.222	0.015	0.002	0.005	0.029	0.269	0.153	0.130	0.092	3.134	0.844	0.156	0.100	-3555.348
21	6	623	254	0.4466	0.055	0.065	0.013	0.002	0.000	0.025	0.176	0.086	0.070	0.014	2.739	0.813	0.033	0.021	-3764.735
21	6	304	196	0.6107	0.133	0.269	0.070	0.000	0.010	0.092	0.170	0.043	0.084	0.122	5.220	0.717	0.082	0.041	-2254.568
21	6	281	195	0.6240	0.130	0.315	0.023	0.008	0.044	0.048	0.287	0.101	0.049	0.099	4.547	0.193	0.101	0.038	-2294.351
21	6	251	164	0.5416	0.054	0.073	0.008	0.000	0.004	0.041	0.361	0.065	0.113	0.138	2.676	0.690	0.091	0.005	-1739.644
21	6	437	308	0.4190	0.104	0.221	0.025	0.005	0.009	0.046	0.477	0.202	0.156	0.110	3.005	0.570	0.090	0.081	-3687.329
21	6	278	219	0.6187	0.208	0.273	0.058	0.015	0.000	0.044	0.344	0.142	0.159	0.145	4.236	0.552	0.116	0.104	-2408.054
21	6	326	191	0.3950	0.099	0.149	0.038	0.003	0.000	0.004	0.224	0.151	0.092	0.044	3.170	0.766	0.034	0.024	-2176.346
21	6	329	276	0.5371	0.189	0.686	0.090	0.009	0.010	0.075	1.253	0.239	0.179	0.147	3.451	0.597	0.141	0.095	-3365.660
21	6	680	256	0.5254	0.053	0.081	0.010	0.003	0.005	0.024	0.152	0.068	0.031	0.048	4.739	0.941	0.024	0.059	-4091.270
21	6	192	166	0.5056	0.161	0.298	0.059	0.000	0.016	0.016	0.274	0.120	0.087	0.197	3.686	0.585	0.067	0.191	-1607.209
21	6	661	313	0.4473	0.114	0.134	0.014	0.008	0.003	0.026	0.290	0.121	0.038	0.070	2.341	0.860	0.021	0.017	-4371.628
21	6	300	197	0.5757	0.132	0.185	0.043	0.000	0.007	0.028	0.163	0.095	0.072	0.092	3.322	0.456	0.086	0.024	-2165.652
21	6	334	229	0.5774	0.060	0.216	0.041	0.008	0.007	0.060	0.413	0.140	0.094	0.093	3.314	0.537	0.087	0.026	-2635.745
21	6	209	161	0.6237	0.178	0.162	0.026	0.000	0.010	0.077	0.495	0.137	0.081	0.160	3.369	0.515	0.068	0.096	-1697.329
21	6	583	324	0.4282	0.030	0.107	0.018	0.007	0.009	0.018	0.301	0.132	0.176	0.078	2.532	0.835	0.111	0.093	-4307.946
21	6	918	504	0.6334	0.136	0.211	0.055	0.010	0.021	0.049	0.351	0.104	0.093	0.121	4.575	0.781	0.125	0.068	-7319.560
21	6	352	166	0.6559	0.000	0.088	0.011	0.006	0.006	0.031	0.294	0.021	0.055	0.078	2.578	0.808	0.007	0.032	-2051.915
21	6	1107	573	0.4880	0.209	0.152	0.034	0.009	0.008	0.027	0.374	0.124	0.117	0.232	3.467	0.949	0.051	0.044	-8537.481
21	6	564	332	0.3952	0.064	0.164	0.010	0.009	0.007	0.044	0.480	0.143	0.142	0.128	3.281	0.813	0.156	0.073	-4448.206
21	6	454	283	0.4957	0.168	0.126	0.022	0.001	0.006	0.037	0.300	0.068	0.127	0.149	3.750	0.686	0.109	0.059	-3412.956
21	6	425	249	0.6035	0.219	0.225	0.016	0.005	0.000	0.060	0.254	0.037	0.073	0.282	2.364	0.885	0.051	0.046	-3078.646
21	6	1176	468	0.4815	0.105	0.076	0.010	0.004	0.004	0.018	0.233	0.093	0.071	0.018	3.811	0.969	0.031	0.100	-7697.486
21	6	531	340	0.5329	0.120	0.185	0.026	0.010	0.004	0.035	0.478	0.087	0.093	0.108	4.133	0.833	0.113	0.054	-4042.322
21	6	541	276	0.4088	0.063	0.130	0.015	0.002	0.008	0.039	0.244	0.091	0.083	0.035	3.411	0.831	0.045	0.056	-3636.962
21	6	323	273	0.4743	0.000	0.190	0.038	0.013	0.025	0.085	0.789	0.149	0.233	0.315	4.846	0.000	0.000	0.155	-3136.983
21	6	482	338	0.6664	0.335	0.324	0.039	0.010	0.023	0.081	0.559	0.163	0.083	0.317	6.019	0.806	0.129	0.058	-4135.635
21	6	280	222	0.6097	0.224	0.308	0.043	0.004	0.004	0.054	0.423	0.113	0.137	0.256	4.489	0.663	0.149	0.116	-2432.660
21	6	989	592	0.5319	0.183	0.155	0.027	0.008	0.008	0.048	0.383	0.095	0.114	0.141	5.293	0.574	0.207	0.107	-7806.725
21	6	304	222	0.5563	0.106	0.113	0.008	0.004	0.009	0.071	0.511	0.188	0.166	0.101	2.426	0.744	0.135	0.046	-2512.869
21	6	415	233	0.4877	0.086	0.089	0.018	0.003	0.007	0.025	0.323	0.121	0.097	0.117	2.449	0.680	0.027	0.036	-2853.576
21	6	338	249	0.4325	0.092	0.478	0.021	0.028	0.037	0.043	0.496	0.141	0.098	0.113	3.644	0.411	0.285	0.064	-3070.589
21	6	386	160	0.6349	0.053	0.057	0.042	0.005	0.000	0.017	0.198	0.104	0.000	0.036	5.199	0.797	0.030	0.008	-2192.443
21	6	285	183	0.5575	0.100	0.192	0.047	0.004	0.007	0.024	0.210	0.089	0.067	0.072	3.054	0.834	0.035	0.050	-1980.025
21	6	346	301	0.5643	0.253	0.653	0.054	0.018	0.009	0.076	0.807	0.160	0.080	0.215	4.564	0.433	0.311	0.040	-3452.020
21	6	1643	1003	0.3841	0.174	0.173	0.031	0.009	0.006	0.051	0.540	0.146	0.151	0.172	3.023	0.742	0.258	0.150	-14428.294
21	6	434	324	0.5504	0.221	0.183	0.000	0.012	0.007	0.045	0.480	0.131	0.160	0.174	4.559	0.823	0.177	0.164	-3657.688
21	6	297	195	0.5148	0.110	0.053	0.003	0.007	0.003	0.041	0.291	0.130	0.158	0.155	2.883	0.961	0.039	0.036	-2100.672
21	6	293	221	0.5579	0.435	0.142	0.014	0.030	0.010	0.102	0.535	0.118	0.125	0.478	4.552	0.295	0.137	0.028	-2641.738
21	6	490	316	0.5273	0.092	0.220	0.030	0.007	0.019	0.072	0.416	0.107	0.139	0.124	3.313	0.748	0.095	0.055	-3960.909
21	6	427	244	0.5067	0.099	0.138	0.034	0.012	0.007	0.018	0.253	0.075	0.054	0.081	3.605	0.753	0.092	0.023	-2932.453
21	6	417	247	0.5573	0.104	0.150	0.036	0.011	0.011	0.059	0.315	0.059	0.094	0.065	3.638	0.826	0.065	0.045	-3014.339
21	6	496	189	0.5312	0.091	0.057	0.003	0.000	0.004	0.011	0.080	0.050	0.067	0.011	4.682	0.861	0.010	0.011	-2744.649
21	6	777	405	0.6054	0.144	0.241	0.043	0.011	0.007	0.057	0.320	0.106	0.080	0.115	5.542	0.856	0.087	0.026	-5693.973
21	6	636	271	0.4293	0.102	0.069	0.021	0.002	0.004	0.031	0.238	0.033	0.081	0.045	3.407	0.818	0.046	0.011	-4025.364
21	6	363	276	0.6084	0.154	0.316	0.066	0.003	0.005	0.079	0.607	0.171	0.096	0.131	3.229	0.673	0.130	0.073	-3213.452
21	6	160	106	0.5302	0.067	0.095	0.000	0.000	0.000	0.020	0.241	0.135	0.041	0.016	2.851	0.695	0.000	0.080	-1030.803
21	6	404	249	0.6252	0.140	0.296	0.014	0.002	0.008	0.028	0.173	0.126	0.085	0.098	5.056	0.756	0.096	0.019	-2923.857
21	6	470	308	0.4773	0.096	0.181	0.019	0.007	0.000	0.028	0.440	0.090	0.174	0.136	3.114	0.787	0.096	0.049	-3622.192
21	6	451	287	0.4335	0.135	0.145	0.018	0.005	0.007	0.015	0.480	0.150	0.109	0.048	3.114	0.780	0.064	0.122	-3512.539
21	6	247	211	0.5333	0.196	0.292	0.022	0.005	0.024	0.078	0.581	0.158	0.120	0.187	3.677	0.090	0.036	0.092	-2321.120
21	6	327	188	0.5780	0.189	0.155	0.023	0.016	0.009	0.012	0.294	0.052	0.145	0.140	4.570	0.878	0.052	0.018	-2252.955
21	6	264	215	0.4654	0.196	0.275	0.060	0.004	0.008	0.042	0.467	0.183	0.111	0.184	2.641	0.425	0.061	0.091	-2329.835
21	6	302	118	0.4522	0.047	0.051	0.007	0.003	0.000	0.007	0.122	0.004	0.020	0.007	4.297	0.400	0.000	0.050	-1600.379
21	6	553	328	0.6139	0.101	0.156	0.022	0.007	0.002	0.051	0.425	0.087	0.091	0.083	4.863	0.783	0.065	0.039	-3921.988
21	6	254	220	0.5024	0.174	0.534	0.044	0.016	0.021	0.068	0.682	0.087	0.181	0.239	4.558	0.335	0.108	0.158	-2500.595
21	6	317	187	0.6536	0.052	0.297	0.035	0.004	0.003	0.088	0.435	0.067	0.049	0.045	8.644	0.815	0.066	0.027	-2185.410
21	6	200	156	0.4052	0.014	0.394	0.028	0.000	0.000	0.098	0.622	0.149	0.098	0.043	5.217	0.380	0.180	0.013	-1631.847
21	6	285	209	0.5416	0.104	0.198	0.045	0.004	0.010	0.059	0.381	0.089	0.097	0.082	3.646	0.549	0.116	0.050	-2230.346
21	6	543	311	0.6066	0.098	0.130	0.034	0.004	0.010	0.044	0.344	0.069	0.075	0.165	3.439	0.819	0.091	0.042	-3934.352
21	6	365	251	0.5397	0.068	0.215	0.018	0.003	0.008	0.028	0.254	0.127	0.100	0.129	3.840	0.669	0.099	0.105	-2777.039
21	6	306	197	0.6965	0.064	0.269	0.041	0.007	0.010	0.044	0.349	0.082	0.114	0.091	4.148	0.736	0.027	0.045	-2222.518
21	6	332	260	0.6318	0.216	0.519	0.027	0.067	0.026	0.079	0.653	0.111	0.143	0.235	5.232	0.598	0.267	0.047	-3058.932
21	6	353	233	0.5301	0.087	0.183	0.004	0.006	0.006	0.034	0.481	0.123	0.090	0.113	4.157	0.702	0.082	0.063	-2700.201
21	6	349	177	0.4617	0.017	0.356	0.032	0.000	0.006	0.001	0.157	0.016	0.014	0.036	2.430	0.599	0.190	0.000	-2257.058
21	6	738	490	0.4597	0.166	0.103	0.030	0.004	0.005	0.035	0.704	0.141	0.227	0.000	3.890	0.810	0.190	0.126	-6179.881
21	6	591	424	0.4224	0.122	0.244	0.021	0.032	0.003	0.045	0.579	0.226	0.101	0.090	3.347	0.814	0.186	0.204	-5115.579
21	6	385	290	0.5102	0.145	0.170	0.045	0.005	0.008	0.046	0.317	0.230	0.164	0.170	3.830	0.400	0.101	0.162	-3373.938
21	6	282	186	0.4547	0.198	0.127	0.029	0.007	0.000	0.020	0.581	0.080	0.085	0.186	3.002	0.762	0.050	0.063	-2116.335
21	6	197	166	0.4702	0.095	0.182	0.048	0.026	0.000	0.033	0.631	0.165	0.094	0.038	3.839	0.515	0.101	0.121	-1656.095
21	6	287	233	0.6183	0.345	0.241	0.080	0.015	0.013	0.038	0.446	0.124	0.111	0.350	3.082	0.416	0.028	0.137	-2626.937
21	6	269	220	0.5228	0.216	0.218	0.016	0.015	0.011	0.039	0.373	0.116	0.144	0.167	4.418	0.000	0.000	0.134	-2302.773
21	6	244	169	0.6865	0.077	0.177	0.011	0.028	0.004	0.026	0.565	0.006	0.217	0.131	5.206	0.679	0.036	0.038	-1762.991
21	6	953	592	0.4083	0.128	0.201	0.021	0.016	0.012	0.023	0.341	0.123	0.191	0.127	3.838	0.558	0.290	0.074	-7838.191
21	6	302	182	0.6663	0.090	0.247	0.039	0.014	0.010	0.040	0.236	0.074	0.066	0.132	4.185	0.842	0.042	0.089	-2168.253
21	6	312	243	0.4386	0.156	0.260	0.015	0.006	0.007	0.075	0.532	0.166	0.152	0.125	3.746	0.331	0.336	0.019	-2831.944
21	6	319	198	0.4685	0.085	0.091	0.017	0.016	0.010	0.017	0.299	0.075	0.188	0.092	3.276	0.747	0.040	0.013	-2222.693
21	6	616	256	0.4644	0.039	0.080	0.013	0.000	0.008	0.014	0.189	0.046	0.035	0.040	5.268	0.739	0.021	0.045	-3644.239
21	6	429	326	0.4064	0.320	0.230	0.036	0.005	0.010	0.030	0.501	0.133	0.142	0.287	3.575	0.607	0.116	0.132	-3862.771
21	6	548	265	0.4087	0.082	0.088	0.009	0.000	0.009	0.025	0.204	0.110	0.061	0.062	2.871	0.816	0.032	0.044	-3544.324
21	6	315	208	0.7416	0.174	0.277	0.055	0.029	0.007	0.078	0.297	0.149	0.172	0.112	5.472	0.785	0.085	0.064	-2505.331
21	6	491	283	0.5058	0.061	0.182	0.033	0.013	0.002	0.043	0.227	0.061	0.126	0.088	3.774	0.772	0.146	0.057	-3584.822
21	6	654	250	0.4260	0.033	0.098	0.009	0.002	0.000	0.021	0.144	0.062	0.125	0.028	2.535	0.838	0.049	0.008	-3894.223
21	6	481	186	0.4693	0.041	0.054	0.011	0.002	0.000	0.011	0.139	0.057	0.036	0.040	2.101	0.788	0.030	0.015	-2767.795
21	6	341	264	0.5406	0.209	0.284	0.030	0.014	0.013	0.064	0.420	0.135	0.082	0.180	3.259	0.608	0.080	0.105	-2956.079
21	6	144	113	0.5251	0.124	0.365	0.047	0.000	0.021	0.072	0.128	0.055	0.180	0.143	3.779	0.582	0.303	0.054	-1184.963
21	6	137	125	0.4736	0.301	0.187	0.014	0.015	0.000	0.016	0.851	0.095	0.198	0.305	3.568	0.000	0.000	0.113	-1262.459
21	6	987	539	0.4997	0.194	0.188	0.030	0.005	0.007	0.043	0.428	0.113	0.090	0.166	2.263	0.910	0.081	0.071	-7806.518
21	6	150	116	0.4557	0.075	0.152	0.035	0.021	0.000	0.000	0.288	0.137	0.072	0.113	12.420	0.000	0.000	0.098	-1050.432
21	6	252	173	0.3988	0.108	0.226	0.022	0.004	0.000	0.026	0.297	0.032	0.049	0.115	4.590	0.693	0.036	0.145	-1806.967
21	6	579	371	0.4636	0.055	0.225	0.027	0.006	0.010	0.022	0.313	0.113	0.115	0.136	3.036	0.686	0.164	0.065	-4458.805
21	6	254	186	0.4530	0.046	0.211	0.037	0.008	0.004	0.017	0.381	0.139	0.166	0.124	2.912	0.845	0.063	0.081	-1985.523
21	6	1442	639	0.5164	0.098	0.143	0.025	0.009	0.007	0.033	0.341	0.115	0.102	0.081	3.016	0.820	0.065	0.064	-10564.137
21	6	175	148	0.3845	0.190	0.588	0.043	0.006	0.006	0.068	0.539	0.119	0.250	0.138	4.636	0.267	0.241	0.110	-1608.823
21	6	226	149	0.4830	0.068	0.221	0.010	0.000	0.000	0.013	0.134	0.138	0.080	0.073	4.456	0.601	0.046	0.001	-1496.148
21	6	378	290	0.6445	0.233	0.601	0.064	0.013	0.032	0.110	0.841	0.100	0.155	0.205	6.494	0.838	0.090	0.073	-3445.762
21	6	187	163	0.4813	0.110	1.400	0.000	0.011	0.022	0.074	0.257	0.187	0.051	0.163	2.764	0.576	0.225	0.024	-1755.691
21	6	202	149	0.5858	0.148	0.420	0.044	0.010	0.005	0.035	0.348	0.058	0.077	0.105	5.969	0.564	0.174	0.106	-1612.236
21	6	172	119	0.4948	0.132	0.049	0.029	0.006	0.012	0.014	0.350	0.071	0.139	0.085	1.909	0.454	0.030	0.045	-1218.014
21	6	148	131	0.5957	0.236	0.070	0.033	0.029	0.000	0.047	0.559	0.211	0.081	0.263	2.999	0.000	0.000	0.101	-1308.887
21	6	601	385	0.4337	0.120	0.208	0.028	0.021	0.014	0.069	0.311	0.130	0.153	0.123	2.978	0.720	0.139	0.106	-4997.079
21	6	154	128	0.4822	0.074	0.445	0.055	0.000	0.007	0.066	0.426	0.127	0.210	0.088	3.714	0.597	0.206	0.039	-1318.321
21	6	111	72	0.5791	0.058	0.103	0.000	0.000	0.000	0.009	0.078	0.017	0.027	0.063	3.855	0.393	0.000	0.111	-630.232
21	6	241	174	0.4322	0.101	0.280	0.027	0.000	0.000	0.020	0.342	0.089	0.102	0.112	3.473	0.422	0.083	0.098	-1902.475
21	6	312	245	0.5942	0.108	0.208	0.013	0.007	0.000	0.030	0.515	0.196	0.151	0.162	5.730	0.240	0.526	0.000	-2701.969
21	6	145	128	0.6276	0.782	1.429	0.000	0.036	0.003	0.131	0.258	0.087	0.077	0.846	6.054	0.506	0.249	0.039	-1389.446
21	6	312	246	0.7188	0.308	0.608	0.048	0.000	0.156	0.058	1.109	0.100	0.121	0.261	10.757	0.752	0.138	0.044	-2645.316
21	6	232	162	0.5929	0.127	0.200	0.005	0.004	0.009	0.036	0.578	0.086	0.074	0.114	2.925	0.701	0.119	0.038	-1762.170
21	6	422	256	0.5791	0.163	0.278	0.035	0.002	0.003	0.048	0.299	0.041	0.072	0.096	4.724	0.830	0.067	0.028	-2983.582
