1013
1020
1052
1062
1092
1103
1115
1146
1165
1192
1221
127
1278
1280
1282
1284
1300
1304
1321
1329
1385
1398
1403
1495
150
1515
1525
1536
1537
1561
1601
162
1627
1631
1636
165
1666
1687
1695
1767
1774
1784
1793
1796
1817
1819
1824
1836
1839
1861
187
1896
1957
1959
1960
1964
1965
1975
1978
1982
1984
2025
2026
2029
2077
2085
2095
2125
2179
2198
2218
2301
2305
2314
2319
2350
2367
2440
2449
2516
2523
253
2543
2547
2552
2554
2563
2570
2578
2591
2619
2627
2659
2688
2701
2702
2710
2715
2723
2740
2741
2749
2763
2788
2789
2814
2856
2858
2898
2901
2915
2931
2956
2961
300
3002
3009
3017
3033
3041
3043
3051
3069
3072
3124
3125
3141
3144
3147
319
3193
322
3249
3268
3272
329
3309
3323
3328
3330
3373
340
3402
3413
3421
3428
3447
3466
3476
3507
351
3529
3532
3537
3552
3557
356
3565
3586
3589
3605
3630
3636
3643
3654
3724
3745
3753
3767
3776
3785
3793
3827
3838
3879
3915
3930
3940
3949
3974
3990
4003
4004
4005
4018
4079
410
4121
4132
4180
4188
4241
4277
4312
4324
4336
4377
4420
4446
4473
4484
4485
449
4496
4499
4501
4512
4549
4558
4574
4613
4615
4641
4654
4664
4673
4675
473
4734
477
4808
4811
4864
4871
4878
4889
4919
4929
4969
4984
4986
5005
501
5016
5050
5073
5074
5116
5120
5121
5134
5176
518
5184
5186
5240
5248
5271
5315
5319
532
5342
5343
5409
5423
546
5471
5495
5518
5539
5568
5580
5593
5594
56
5621
5637
5674
5677
568
5682
5703
5711
5733
5765
5772
5784
581
5826
5830
5835
5846
5850
5878
589
5911
5914
5924
5932
5944
5960
5967
5971
6011
6012
6015
6018
6038
6041
6046
6071
6097
6102
6122
6137
6190
6196
6219
6254
6277
6299
631
6314
6316
6324
6331
6353
6476
6487
6489
6496
6498
6535
6545
6583
6596
6631
6639
6649
6658
6672
6687
6691
6714
674
6771
6788
679
6795
6805
6815
6822
6840
6893
6919
6948
6962
6976
6995
7071
7076
7147
7159
717
722
7227
7242
7270
7308
7313
7327
7363
7370
7382
7395
7399
7416
7450
7492
750
7522
7524
7572
7595
7618
7642
7644
7668
7669
7671
7681
7731
7775
7776
7787
7801
7869
789
7895
7902
7903
7914
7972
7976
7996
8014
8056
8068
8091
8098
8111
8112
8117
8141
8143
8150
8156
8165
8177
8183
8188
8189
819
8199
82
8200
8207
8240
8253
8254
829
8294
8317
8342
8357
8376
8396
8397
8405
8408
842
8429
8436
846
8465
8479
8480
8488
8515
8535
8569
8576
859
8645
8647
8666
8672
8699
8700
8705
8724
8725
8729
8741
8757
8768
8810
8823
8851
8899
8926
8946
8949
8962
8987
8999
90
9008
9053
9068
9069
9085
9107
9111
915
9165
9167
9171
9172
9174
9209
9213
9292
9305
9308
9314
9339
9360
9418
9426
9435
9467
9481
9499
9511
9540
9561
986
990
997
