1	6	435	260	0.4980	0.081	0.129	0.025	0.009	0.002	0.063	0.274	0.070	0.114	0.126	3.903	0.751	0.249	0.047	1.000	-3267.005
21	6	236	133	0.4266	0.029	0.070	0.046	0.005	0.000	0.033	0.244	0.042	0.098	0.032	1.777	0.928	0.037	0.019	2.030	-1471.436
21	6	286	176	0.4616	0.145	0.222	0.010	0.004	0.004	0.026	0.575	0.014	0.059	0.153	1.999	0.899	0.061	0.027	1.000	-1944.926
21	6	866	330	0.5383	0.065	0.066	0.016	0.001	0.004	0.030	0.163	0.033	0.052	0.125	4.498	0.920	0.056	0.012	1.996	-5257.896
21	6	273	185	0.4300	0.128	0.115	0.029	0.012	0.000	0.039	0.360	0.108	0.156	0.086	3.451	0.835	0.083	0.065	1.000	-2066.152
21	6	306	250	0.6362	0.223	0.324	0.055	0.027	0.011	0.063	0.604	0.161	0.175	0.161	4.641	0.692	0.243	0.128	12.018	-2876.652
21	6	787	378	0.4511	0.029	0.054	0.011	0.005	0.003	0.018	0.363	0.086	0.106	0.100	3.832	0.834	0.066	0.094	1.000	-5405.557
21	6	695	345	0.4828	0.038	0.107	0.008	0.006	0.005	0.021	0.411	0.121	0.099	0.101	3.653	0.947	0.041	0.038	1.000	-4806.706
21	6	878	540	0.3845	0.184	0.146	0.030	0.011	0.004	0.053	0.685	0.130	0.183	0.092	3.404	0.557	0.332	0.103	1.786	-7652.526
21	6	335	251	0.4628	0.170	0.293	0.048	0.009	0.016	0.053	0.277	0.257	0.036	0.171	2.747	0.551	0.123	0.097	2.080	-2706.709
21	6	330	187	0.4341	0.082	0.123	0.003	0.006	0.003	0.039	0.375	0.045	0.085	0.019	2.983	0.738	0.029	0.065	1.000	-2229.738
21	6	318	156	0.4175	0.034	0.064	0.000	0.003	0.003	0.017	0.150	0.109	0.023	0.058	3.232	0.899	0.004	0.055	3.543	-1879.901
21	6	1543	611	0.5572	0.093	0.125	0.026	0.008	0.005	0.030	0.283	0.063	0.088	0.107	3.319	0.973	0.027	0.026	1.000	-10297.918
21	6	467	240	0.6113	0.110	0.077	0.015	0.015	0.002	0.047	0.270	0.078	0.077	0.038	5.771	0.969	0.031	0.063	1.000	-3095.415
21	6	305	237	0.3978	0.108	0.292	0.039	0.017	0.031	0.020	0.543	0.077	0.131	0.143	3.063	0.547	0.077	0.088	1.000	-2538.534
21	6	294	173	0.5661	0.071	0.171	0.028	0.007	0.004	0.014	0.228	0.099	0.068	0.102	2.816	0.897	0.021	0.047	1.650	-2020.869
21	6	465	340	0.4124	0.175	0.142	0.059	0.004	0.015	0.013	0.758	0.230	0.182	0.175	2.780	0.362	0.197	0.093	1.195	-4183.057
21	6	300	182	0.5650	0.097	0.064	0.029	0.010	0.000	0.038	0.343	0.128	0.061	0.075	4.287	0.949	0.051	0.056	1.000	-2094.809
21	6	186	148	0.5515	0.147	0.242	0.126	0.005	0.012	0.077	0.732	0.048	0.137	0.162	6.324	0.830	0.170	0.088	1.000	-1575.678
21	6	509	321	0.6250	0.168	0.237	0.049	0.011	0.006	0.036	0.351	0.082	0.067	0.145	4.295	0.866	0.110	0.094	12.574	-3901.892
21	6	173	126	0.4511	0.157	0.011	0.021	0.012	0.000	0.053	0.685	0.187	0.000	0.000	2.983	0.952	0.048	0.034	1.000	-1173.248
21	6	474	284	0.5528	0.000	0.102	0.028	0.009	0.002	0.032	0.312	0.158	0.128	0.101	3.169	0.875	0.125	0.140	1.000	-3534.430
21	6	381	241	0.4800	0.142	0.118	0.015	0.016	0.008	0.030	0.343	0.040	0.107	0.074	3.324	0.713	0.058	0.076	1.000	-2771.997
21	6	448	250	0.4630	0.089	0.072	0.019	0.002	0.002	0.023	0.404	0.138	0.093	0.098	2.845	0.979	0.021	0.042	1.000	-3088.685
21	6	798	328	0.5205	0.041	0.112	0.015	0.002	0.004	0.032	0.133	0.187	0.022	0.094	3.513	0.942	0.043	0.038	1.000	-4876.171
21	6	200	116	0.5597	0.020	0.158	0.005	0.000	0.000	0.027	0.299	0.066	0.096	0.089	4.414	0.902	0.036	0.036	1.000	-1223.392
21	6	401	273	0.6425	0.163	0.169	0.041	0.011	0.020	0.089	0.393	0.157	0.150	0.194	4.626	0.892	0.108	0.072	1.000	-3303.283
21	6	940	583	0.4584	0.159	0.147	0.032	0.008	0.008	0.042	0.614	0.132	0.112	0.121	3.404	0.692	0.098	0.094	1.000	-7821.610
21	6	308	183	0.4400	0.085	0.075	0.018	0.000	0.010	0.012	0.355	0.015	0.198	0.000	4.606	0.586	0.136	0.009	1.000	-2095.491
21	6	317	181	0.4182	0.000	0.119	0.020	0.002	0.010	0.016	0.271	0.117	0.039	0.065	1.933	0.898	0.037	0.044	1.000	-2049.668
21	6	371	181	0.5385	0.074	0.054	0.010	0.006	0.003	0.038	0.240	0.029	0.049	0.046	3.330	0.739	0.017	0.032	1.000	-2306.589
21	6	972	445	0.4185	0.087	0.085	0.022	0.010	0.004	0.034	0.310	0.085	0.050	0.098	4.110	0.659	0.123	0.078	1.000	-6806.203
21	6	385	238	0.4466	0.031	0.083	0.030	0.007	0.009	0.037	0.624	0.090	0.151	0.081	3.577	0.942	0.058	0.067	1.000	-2821.444
21	6	562	312	0.4294	0.164	0.073	0.029	0.005	0.004	0.028	0.225	0.090	0.126	0.067	3.405	0.880	0.102	0.072	1.000	-3998.329
21	6	439	326	0.5171	0.165	0.203	0.032	0.018	0.006	0.079	0.647	0.145	0.131	0.154	3.294	0.484	0.392	0.041	3.442	-4058.616
21	6	144	61	0.6686	0.000	0.021	0.021	0.000	0.000	0.014	0.035	0.014	0.006	0.000	6.474	0.530	0.000	0.113	1.000	-651.739
21	6	476	307	0.6117	0.216	0.270	0.071	0.019	0.002	0.057	0.652	0.095	0.158	0.264	7.577	0.938	0.062	0.046	1.000	-3755.850
21	6	344	177	0.4193	0.017	0.074	0.045	0.009	0.000	0.032	0.197	0.060	0.144	0.091	3.294	0.731	0.203	0.015	1.000	-2307.405
21	6	220	151	0.5984	0.167	0.069	0.041	0.000	0.009	0.021	0.257	0.027	0.106	0.132	4.813	0.001	0.000	0.160	1.000	-1552.279
21	6	2057	671	0.5121	0.158	0.128	0.022	0.005	0.007	0.028	0.221	0.090	0.092	0.104	2.115	0.988	0.006	0.009	1.000	-13163.224
21	6	316	265	0.3965	0.205	0.344	0.038	0.010	0.010	0.061	0.646	0.188	0.178	0.205	3.838	0.405	0.213	0.107	2.231	-3046.833
21	6	256	180	0.5528	0.203	0.144	0.017	0.008	0.000	0.081	0.471	0.130	0.047	0.179	3.899	0.739	0.244	0.074	5.984	-2073.755
21	6	309	216	0.5396	0.187	0.144	0.022	0.007	0.003	0.046	0.317	0.064	0.088	0.174	3.059	0.918	0.043	0.080	1.000	-2328.964
21	6	206	174	0.5763	0.297	0.569	0.021	0.030	0.000	0.046	0.628	0.092	0.160	0.264	4.259	0.917	0.056	0.106	9.479	-1809.076
21	6	578	434	0.5274	0.233	0.370	0.055	0.010	0.027	0.076	0.501	0.171	0.177	0.160	3.454	0.720	0.116	0.128	1.624	-5530.229
21	6	115	100	0.6546	0.425	1.180	0.098	0.000	0.009	0.015	0.293	0.023	0.262	0.386	8.389	0.517	0.113	0.110	1.985	-1040.760
21	6	252	237	0.6264	0.445	0.578	0.060	0.032	0.025	0.137	0.764	0.089	0.242	0.460	4.925	0.201	0.132	0.157	2.440	-2617.923
21	6	949	392	0.5651	0.119	0.174	0.026	0.010	0.009	0.026	0.225	0.085	0.073	0.148	2.981	0.942	0.024	0.022	1.338	-6326.707
21	6	209	166	0.5926	0.116	0.148	0.000	0.024	0.005	0.119	0.549	0.068	0.164	0.136	3.983	0.782	0.104	0.092	2.692	-1722.782
21	6	449	279	0.6311	0.152	0.117	0.018	0.008	0.026	0.065	0.512	0.075	0.094	0.139	3.545	0.846	0.035	0.047	2.480	-3361.724
21	6	626	341	0.6520	0.109	0.235	0.040	0.003	0.019	0.072	0.268	0.039	0.066	0.124	5.456	0.945	0.018	0.050	1.951	-4396.596
21	6	732	414	0.4526	0.123	0.131	0.025	0.007	0.006	0.011	0.325	0.126	0.160	0.077	3.510	0.854	0.127	0.070	6.382	-5468.125
21	6	181	123	0.6087	0.000	0.000	0.000	0.000	0.006	0.046	0.479	0.053	0.091	0.481	5.451	0.913	0.086	0.061	1.000	-1288.696
21	6	1027	405	0.5512	0.103	0.110	0.021	0.008	0.002	0.030	0.236	0.063	0.071	0.023	3.089	0.973	0.027	0.025	1.000	-6588.640
21	6	159	112	0.4528	0.073	0.090	0.006	0.013	0.000	0.020	0.225	0.049	0.119	0.074	3.415	0.617	0.027	0.079	1.000	-1067.003
21	6	314	175	0.4377	0.198	0.056	0.004	0.000	0.003	0.014	0.235	0.056	0.115	0.112	3.921	0.434	0.008	0.014	1.000	-1988.703
21	6	174	132	0.4476	0.110	0.069	0.035	0.006	0.000	0.025	0.365	0.049	0.134	0.095	2.751	0.000	0.000	0.217	1.156	-1298.451
21	6	310	236	0.4368	0.144	0.245	0.039	0.012	0.024	0.041	0.409	0.139	0.194	0.107	4.219	0.628	0.314	0.180	7.279	-2716.511
21	6	445	304	0.5838	0.177	0.184	0.025	0.002	0.013	0.061	0.334	0.105	0.069	0.133	5.542	0.755	0.184	0.119	3.066	-3512.541
21	6	191	135	0.6102	0.143	0.078	0.015	0.000	0.021	0.076	0.286	0.106	0.117	0.162	4.153	0.945	0.055	0.070	1.000	-1404.691
21	6	305	236	0.5621	0.236	0.343	0.032	0.014	0.014	0.061	0.495	0.037	0.183	0.231	3.866	0.690	0.165	0.050	1.239	-2657.036
21	6	602	311	0.6480	0.158	0.156	0.019	0.006	0.008	0.079	0.261	0.081	0.096	0.149	5.518	0.891	0.079	0.049	1.000	-4274.499
21	6	212	179	0.4788	0.117	0.223	0.045	0.015	0.045	0.093	0.421	0.144	0.133	0.131	3.000	0.177	0.158	0.136	1.261	-1951.533
21	6	276	176	0.6883	0.166	0.043	0.041	0.000	0.011	0.063	0.369	0.092	0.002	0.212	4.469	0.993	0.007	0.076	1.000	-1897.072
21	6	291	202	0.6705	0.199	0.233	0.010	0.007	0.018	0.073	0.425	0.046	0.127	0.198	5.750	0.829	0.085	0.049	2.898	-2255.279
21	6	364	259	0.6226	0.187	0.210	0.014	0.009	0.012	0.048	0.404	0.088	0.111	0.174	6.401	0.522	0.321	0.034	9.313	-2912.663
21	6	407	247	0.4729	0.022	0.083	0.026	0.002	0.008	0.023	0.239	0.108	0.090	0.109	3.286	0.878	0.019	0.076	1.000	-2753.198
21	6	485	227	0.4664	0.041	0.060	0.004	0.008	0.002	0.039	0.197	0.068	0.052	0.052	3.096	0.932	0.021	0.035	1.000	-2973.692
21	6	946	512	0.5893	0.104	0.162	0.040	0.010	0.022	0.054	0.358	0.113	0.103	0.132	5.219	0.897	0.067	0.058	2.633	-7198.772
21	6	173	168	0.4665	0.307	0.785	0.012	0.000	0.018	0.029	0.659	0.595	0.276	0.302	3.127	0.134	0.487	0.000	8.191	-2008.865
21	6	254	116	0.3860	0.028	0.043	0.013	0.000	0.004	0.000	0.142	0.052	0.018	0.036	1.728	0.842	0.050	0.006	1.000	-1371.661
21	6	274	163	0.5523	0.036	0.120	0.023	0.008	0.007	0.050	0.209	0.055	0.097	0.079	3.758	0.818	0.059	0.005	1.000	-1806.812
21	6	282	201	0.5349	0.148	0.276	0.054	0.006	0.019	0.068	0.477	0.072	0.184	0.119	4.512	0.886	0.080	0.056	20.361	-2263.844
21	6	311	212	0.4167	0.108	0.107	0.021	0.000	0.000	0.072	0.574	0.149	0.089	0.085	3.911	0.916	0.084	0.075	1.000	-2367.778
21	6	232	175	0.5170	0.192	0.110	0.036	0.000	0.004	0.061	0.394	0.181	0.076	0.179	2.250	0.137	0.021	0.034	1.000	-1814.643
21	6	428	238	0.4529	0.093	0.067	0.013	0.000	0.002	0.027	0.434	0.086	0.160	0.073	3.310	0.977	0.023	0.024	23.680	-2855.333
21	6	399	271	0.4107	0.001	0.120	0.023	0.010	0.006	0.026	0.537	0.146	0.145	0.226	2.911	0.495	0.106	0.115	1.131	-3234.356
21	6	1133	458	0.5308	0.068	0.064	0.016	0.003	0.000	0.027	0.280	0.060	0.076	0.070	2.564	0.971	0.029	0.059	1.000	-7366.277
21	6	612	247	0.4193	0.050	0.065	0.019	0.000	0.000	0.031	0.441	0.084	0.078	0.037	2.768	0.935	0.021	0.013	1.000	-3801.732
21	6	422	205	0.4548	0.060	0.059	0.020	0.000	0.000	0.000	0.149	0.087	0.230	0.056	3.923	0.910	0.020	0.032	1.000	-2646.505
21	6	347	164	0.5035	0.049	0.091	0.021	0.000	0.009	0.012	0.145	0.048	0.064	0.037	2.852	0.982	0.013	0.014	18.933	-2019.936
21	6	433	262	0.5776	0.094	0.127	0.019	0.005	0.002	0.056	0.326	0.065	0.086	0.123	4.167	0.930	0.070	0.063	1.000	-3067.795
21	6	520	300	0.5808	0.082	0.242	0.030	0.002	0.006	0.055	0.420	0.092	0.137	0.091	3.408	0.839	0.114	0.057	2.323	-3956.003
21	6	291	174	0.6204	0.094	0.098	0.011	0.022	0.012	0.070	0.402	0.085	0.092	0.077	5.259	0.931	0.012	0.026	1.000	-1973.076
21	6	197	159	0.6243	0.095	0.245	0.045	0.021	0.020	0.093	0.390	0.156	0.180	0.166	3.473	0.548	0.253	0.071	1.000	-1790.047
21	6	313	207	0.6436	0.215	0.148	0.026	0.011	0.020	0.086	0.418	0.093	0.087	0.215	3.955	0.892	0.047	0.030	1.000	-2362.328
21	6	370	242	0.4551	0.115	0.115	0.016	0.006	0.000	0.041	0.381	0.177	0.056	0.130	2.404	0.901	0.024	0.082	4.514	-2811.223
21	6	257	210	0.5696	0.233	0.342	0.028	0.000	0.004	0.062	0.506	0.066	0.157	0.247	3.396	0.683	0.171	0.104	5.795	-2322.178
21	6	377	215	0.4587	0.082	0.033	0.020	0.006	0.008	0.028	0.215	0.175	0.042	0.065	2.177	0.979	0.021	0.067	1.000	-2512.749
21	6	308	232	0.4120	0.181	0.116	0.035	0.010	0.009	0.047	0.551	0.145	0.121	0.154	2.732	0.625	0.173	0.102	2.928	-2657.873
21	6	788	525	0.4867	0.398	0.212	0.053	0.008	0.015	0.089	0.409	0.073	0.085	0.430	3.909	0.840	0.155	0.132	1.000	-7093.354
21	6	377	263	0.5358	0.148	0.177	0.024	0.001	0.010	0.082	0.546	0.099	0.125	0.116	4.364	0.763	0.113	0.070	1.000	-3088.784
21	6	253	189	0.4935	0.201	0.134	0.029	0.000	0.017	0.064	0.393	0.117	0.088	0.139	3.058	0.933	0.062	0.052	1.000	-1909.177
21	6	482	388	0.5640	0.258	0.318	0.053	0.013	0.006	0.088	0.879	0.136	0.168	0.259	3.697	0.582	0.246	0.078	2.819	-4729.402
21	6	803	364	0.4197	0.062	0.067	0.019	0.007	0.004	0.027	0.269	0.097	0.164	0.029	3.501	0.926	0.064	0.034	9.136	-5394.020
21	6	1144	443	0.4606	0.080	0.078	0.012	0.004	0.003	0.021	0.261	0.089	0.094	0.046	3.296	0.925	0.070	0.035	1.000	-7472.299
21	6	317	204	0.4155	0.092	0.058	0.026	0.004	0.003	0.034	0.401	0.118	0.106	0.048	3.697	0.769	0.059	0.091	1.000	-2268.319
21	6	350	215	0.5240	0.140	0.187	0.021	0.009	0.015	0.046	0.222	0.119	0.073	0.166	2.665	0.984	0.016	0.026	1.000	-2450.595
21	6	380	252	0.6037	0.180	0.223	0.072	0.011	0.000	0.038	0.590	0.089	0.188	0.184	3.227	0.903	0.091	0.048	7.271	-3094.168
21	6	140	131	0.4619	0.132	0.560	0.101	0.052	0.022	0.006	0.521	0.252	0.128	0.153	2.874	0.443	0.032	0.335	4.020	-1446.114
21	6	144	136	0.5012	0.128	0.784	0.029	0.008	0.007	0.100	0.537	0.245	0.058	0.157	4.618	0.332	0.262	0.095	5.475	-1412.570
21	6	1072	508	0.6151	0.109	0.144	0.034	0.004	0.007	0.032	0.314	0.053	0.091	0.206	4.187	0.924	0.038	0.049	2.787	-7651.151
21	6	728	475	0.4210	0.076	0.119	0.016	0.003	0.006	0.041	0.465	0.141	0.203	0.101	3.823	0.711	0.289	0.133	1.000	-5791.352
21	6	270	152	0.4736	0.078	0.070	0.014	0.004	0.008	0.013	0.280	0.065	0.010	0.022	1.769	0.823	0.009	0.065	1.000	-1689.455
21	6	360	166	0.4110	0.041	0.077	0.022	0.008	0.007	0.015	0.206	0.052	0.064	0.048	4.094	0.905	0.024	0.015	1.000	-2166.495
21	6	843	464	0.4332	0.112	0.151	0.022	0.005	0.006	0.043	0.364	0.140	0.114	0.089	4.516	0.816	0.116	0.105	1.708	-6532.032
21	6	413	194	0.6427	0.122	0.110	0.010	0.000	0.003	0.039	0.171	0.052	0.035	0.073	5.220	0.947	0.005	0.021	1.702	-2463.816
21	6	454	261	0.5967	0.104	0.406	0.015	0.004	0.005	0.027	0.225	0.071	0.088	0.151	3.780	0.900	0.033	0.029	25.521	-3131.965
21	6	411	318	0.4230	0.235	0.155	0.034	0.007	0.011	0.072	0.576	0.158	0.125	0.178	3.183	0.663	0.320	0.171	9.799	-3705.070
21	6	1514	497	0.6432	0.073	0.076	0.015	0.008	0.007	0.032	0.276	0.085	0.055	0.061	3.349	0.811	0.140	0.009	1.000	-9510.206
21	6	709	414	0.5269	0.146	0.120	0.033	0.007	0.009	0.042	0.331	0.076	0.137	0.173	3.487	0.770	0.127	0.087	1.186	-5575.835
21	6	783	457	0.4909	0.114	0.178	0.038	0.005	0.011	0.032	0.372	0.105	0.115	0.183	2.820	0.735	0.086	0.069	1.000	-6217.448
21	6	297	266	0.4442	0.229	0.422	0.066	0.018	0.021	0.091	0.455	0.087	0.264	0.204	3.179	0.425	0.323	0.232	3.189	-3035.573
21	6	545	194	0.5552	0.016	0.044	0.008	0.008	0.010	0.016	0.173	0.017	0.046	0.059	3.070	0.971	0.010	0.028	1.000	-3011.935
21	6	183	119	0.5501	0.124	0.151	0.018	0.017	0.012	0.022	0.165	0.038	0.007	0.071	4.496	0.803	0.076	0.016	4.823	-1181.785
21	6	1075	532	0.4649	0.121	0.223	0.019	0.006	0.006	0.038	0.263	0.090	0.105	0.116	3.274	0.939	0.059	0.069	289.512	-7753.122
21	6	585	407	0.5062	0.220	0.246	0.038	0.007	0.002	0.059	0.425	0.159	0.121	0.193	3.271	0.716	0.206	0.096	3.830	-5170.561
21	6	219	162	0.6669	0.168	0.227	0.026	0.014	0.024	0.034	0.513	0.103	0.077	0.203	5.971	0.656	0.148	0.078	2.715	-1783.170
21	6	640	340	0.5260	0.153	0.170	0.024	0.003	0.008	0.033	0.269	0.119	0.080	0.141	3.192	0.867	0.058	0.035	1.166	-4617.302
21	6	450	278	0.5612	0.125	0.179	0.029	0.014	0.009	0.040	0.307	0.045	0.160	0.103	6.081	0.852	0.060	0.053	3.624	-3332.200
21	6	151	130	0.5694	0.119	0.158	0.083	0.000	0.007	0.060	0.586	0.046	0.233	0.120	6.659	0.000	0.000	0.109	24.301	-1286.158
21	6	416	259	0.5982	0.229	0.451	0.000	0.019	0.016	0.115	0.320	0.118	0.043	0.220	6.091	0.920	0.032	0.027	1.000	-3127.274
21	6	635	322	0.4861	0.110	0.115	0.026	0.008	0.012	0.036	0.210	0.069	0.098	0.051	4.067	0.925	0.038	0.037	2.718	-4272.614
21	6	1238	428	0.5359	0.072	0.078	0.016	0.005	0.005	0.024	0.226	0.062	0.077	0.088	2.741	0.961	0.013	0.006	1.566	-7562.676
21	6	316	193	0.4375	0.136	0.092	0.007	0.000	0.003	0.037	0.317	0.098	0.118	0.058	2.437	0.755	0.118	0.053	3.170	-2280.624
21	6	2047	1121	0.5130	0.177	0.211	0.059	0.008	0.010	0.078	0.490	0.124	0.113	0.212	2.836	0.897	0.103	0.076	1.000	-17472.160
21	6	147	112	0.5794	0.147	0.064	0.046	0.007	0.014	0.024	0.377	0.055	0.024	0.110	3.379	0.887	0.087	0.130	1.000	-1078.880
21	6	654	375	0.4601	0.156	0.143	0.047	0.011	0.004	0.019	0.385	0.084	0.125	0.099	2.661	0.719	0.106	0.036	1.687	-5033.684
21	6	291	256	0.4594	0.261	0.365	0.059	0.003	0.007	0.096	0.551	0.237	0.095	0.200	3.845	0.467	0.211	0.161	3.237	-2873.190
21	6	456	243	0.4526	0.045	0.116	0.026	0.011	0.005	0.032	0.258	0.128	0.045	0.074	3.306	0.815	0.108	0.023	1.162	-3111.029
21	6	907	420	0.6116	0.244	0.133	0.035	0.002	0.008	0.087	0.274	0.065	0.140	0.256	5.356	0.960	0.034	0.027	1.000	-6246.298
21	6	299	264	0.4675	0.139	0.269	0.032	0.005	0.022	0.096	0.682	0.147	0.228	0.236	3.852	0.139	0.068	0.259	1.000	-2946.808
21	6	276	184	0.6118	0.204	0.132	0.033	0.044	0.031	0.129	0.424	0.097	0.126	0.158	3.349	0.803	0.124	0.085	1.000	-2314.571
21	6	834	416	0.6270	0.129	0.133	0.037	0.012	0.014	0.043	0.365	0.100	0.096	0.085	4.599	0.958	0.042	0.028	1.000	-5823.507
21	6	448	318	0.4811	0.192	0.111	0.047	0.003	0.015	0.027	0.443	0.111	0.187	0.220	2.855	0.620	0.093	0.131	1.376	-3882.083
21	6	299	193	0.4788	0.089	0.174	0.047	0.003	0.003	0.051	0.304	0.104	0.056	0.159	4.295	0.791	0.042	0.041	1.000	-2113.297
21	6	759	314	0.4609	0.074	0.058	0.013	0.006	0.008	0.024	0.315	0.142	0.080	0.040	4.258	1.000	0.000	0.032	1.000	-4890.009
21	6	547	290	0.3930	0.080	0.141	0.027	0.002	0.002	0.021	0.260	0.204	0.108	0.100	3.371	0.917	0.054	0.093	4.172	-3613.242
21	6	1534	839	0.4929	0.251	0.224	0.031	0.009	0.009	0.031	0.409	0.127	0.137	0.165	3.394	0.916	0.077	0.093	4.862	-12578.129
21	6	156	116	0.5622	0.238	0.197	0.017	0.000	0.000	0.025	0.237	0.101	0.013	0.219	2.638	0.800	0.021	0.043	2.231	-1119.205
21	6	443	266	0.3911	0.186	0.139	0.019	0.002	0.002	0.044	0.356	0.060	0.065	0.184	3.584	0.755	0.148	0.128	2.071	-3343.343
21	6	245	131	0.5823	0.091	0.056	0.037	0.004	0.000	0.023	0.176	0.064	0.047	0.078	4.069	0.861	0.014	0.038	1.000	-1501.937
21	6	421	243	0.4376	0.092	0.108	0.008	0.005	0.005	0.026	0.198	0.104	0.111	0.097	3.615	0.780	0.092	0.081	1.907	-2962.341
21	6	382	238	0.6238	0.186	0.227	0.036	0.006	0.008	0.042	0.262	0.102	0.054	0.146	3.850	0.854	0.090	0.058	8.414	-2809.860
21	6	277	224	0.6897	0.337	0.173	0.067	0.022	0.022	0.101	0.936	0.229	0.068	0.283	3.792	0.712	0.259	0.104	1.000	-2644.198
21	6	458	166	0.5144	0.000	0.052	0.005	0.000	0.000	0.010	0.134	0.049	0.028	0.052	2.180	0.833	0.020	0.037	1.000	-2514.586
21	6	901	524	0.3973	0.059	0.139	0.016	0.017	0.011	0.043	0.493	0.103	0.080	0.130	3.889	0.727	0.229	0.081	1.261	-6941.649
21	6	524	295	0.5334	0.095	0.094	0.045	0.006	0.008	0.043	0.433	0.090	0.127	0.151	3.831	0.805	0.050	0.035	1.000	-3804.253
21	6	158	134	0.6346	0.268	0.180	0.056	0.019	0.006	0.044	0.542	0.117	0.038	0.291	3.744	0.565	0.000	0.150	1.000	-1341.714
21	6	1117	624	0.4189	0.092	0.122	0.029	0.005	0.007	0.034	0.414	0.178	0.189	0.085	3.651	0.670	0.185	0.087	1.000	-8962.208
21	6	540	285	0.6022	0.061	0.134	0.015	0.006	0.006	0.041	0.284	0.079	0.090	0.040	4.277	0.981	0.019	0.053	1.000	-3595.975
21	6	353	195	0.4984	0.105	0.061	0.026	0.006	0.011	0.047	0.289	0.072	0.103	0.058	2.357	0.770	0.131	0.021	5.638	-2462.461
21	6	314	201	0.6163	0.146	0.171	0.028	0.010	0.006	0.063	0.320	0.088	0.074	0.085	5.290	0.888	0.034	0.079	4.074	-2292.235
21	6	709	353	0.4780	0.056	0.092	0.005	0.002	0.007	0.044	0.195	0.101	0.061	0.119	3.255	0.968	0.032	0.037	1.000	-4606.049
21	6	368	172	0.5540	0.089	0.029	0.005	0.006	0.003	0.021	0.155	0.049	0.061	0.089	6.359	0.970	0.030	0.032	1.000	-2165.954
21	6	466	358	0.4627	0.244	0.173	0.047	0.010	0.010	0.040	0.667	0.163	0.185	0.158	3.262	0.728	0.195	0.128	8.394	-4280.385
21	6	545	313	0.6948	0.128	0.140	0.022	0.004	0.017	0.114	0.463	0.063	0.158	0.177	5.628	0.945	0.043	0.030	1.000	-4011.219
21	6	344	235	0.6038	0.172	0.170	0.049	0.017	0.003	0.063	0.321	0.058	0.117	0.181	3.775	0.801	0.136	0.063	2.308	-2681.963
21	6	809	569	0.6071	0.255	0.259	0.065	0.023	0.006	0.073	0.741	0.157	0.148	0.273	5.239	0.698	0.218	0.065	1.000	-7007.810
21	6	560	319	0.5853	0.096	0.253	0.028	0.004	0.009	0.059	0.258	0.076	0.073	0.138	4.362	0.866	0.061	0.029	3.845	-4054.336
21	6	441	234	0.4675	0.057	0.107	0.017	0.003	0.006	0.056	0.246	0.035	0.086	0.048	3.625	0.858	0.038	0.027	1.000	-2841.070
21	6	889	357	0.5855	0.092	0.092	0.021	0.006	0.004	0.027	0.187	0.078	0.069	0.090	3.598	0.936	0.027	0.011	1.733	-5573.360
21	6	283	187	0.5736	0.071	0.147	0.064	0.003	0.008	0.077	0.370	0.060	0.074	0.096	4.952	0.560	0.108	0.036	1.000	-2126.209
21	6	321	188	0.4218	0.114	0.118	0.037	0.006	0.003	0.014	0.240	0.048	0.127	0.055	2.352	0.857	0.019	0.058	1.000	-2198.136
21	6	1141	530	0.4633	0.082	0.130	0.033	0.004	0.007	0.025	0.322	0.074	0.100	0.145	2.647	0.953	0.047	0.053	1.000	-8229.702
21	6	253	130	0.7106	0.107	0.124	0.000	0.000	0.004	0.094	0.271	0.011	0.132	0.043	8.140	0.831	0.070	0.036	1.000	-1590.532
21	6	778	364	0.4739	0.040	0.112	0.017	0.004	0.004	0.037	0.263	0.119	0.090	0.038	2.479	0.828	0.026	0.076	1.000	-5341.455
21	6	920	411	0.5434	0.067	0.052	0.018	0.007	0.005	0.034	0.259	0.065	0.101	0.111	3.054	0.921	0.015	0.029	1.000	-6009.094
21	6	334	212	0.5495	0.135	0.170	0.028	0.000	0.006	0.027	0.331	0.038	0.068	0.186	2.287	0.900	0.054	0.038	1.000	-2382.823
21	6	295	200	0.4854	0.115	0.119	0.040	0.000	0.010	0.032	0.239	0.128	0.165	0.103	3.008	0.898	0.043	0.050	3.529	-2163.811
21	6	521	325	0.4642	0.130	0.214	0.008	0.017	0.000	0.062	0.431	0.102	0.126	0.113	3.087	0.790	0.068	0.083	2.154	-4162.705
21	6	398	161	0.6593	0.063	0.078	0.021	0.003	0.003	0.019	0.175	0.031	0.055	0.039	4.938	0.985	0.004	0.023	1.000	-2246.614
21	6	478	328	0.4577	0.176	0.298	0.038	0.024	0.005	0.029	0.431	0.137	0.079	0.178	2.736	0.774	0.152	0.072	3.522	-4056.675
21	6	231	125	0.5380	0.012	0.082	0.009	0.004	0.000	0.027	0.169	0.049	0.080	0.043	3.727	0.926	0.012	0.036	1.000	-1337.337
21	6	311	232	0.4741	0.180	0.140	0.055	0.007	0.007	0.045	0.484	0.120	0.067	0.113	2.644	0.611	0.110	0.129	1.000	-2584.339
21	6	373	295	0.4078	0.261	0.351	0.026	0.005	0.009	0.013	0.615	0.056	0.180	0.211	2.736	0.568	0.292	0.072	5.237	-3379.601
21	6	210	142	0.4648	0.012	0.133	0.020	0.005	0.000	0.041	0.289	0.066	0.105	0.078	5.419	0.727	0.096	0.044	2.961	-1396.914
21	6	141	119	0.5764	0.224	0.187	0.051	0.015	0.000	0.211	0.816	0.093	0.082	0.251	2.398	0.490	0.194	0.108	2.335	-1340.844
21	6	189	129	0.5291	0.142	0.131	0.034	0.000	0.000	0.039	0.313	0.061	0.040	0.134	4.363	0.794	0.077	0.062	1.000	-1299.235
21	6	419	239	0.5727	0.116	0.128	0.049	0.010	0.010	0.028	0.345	0.084	0.089	0.160	3.632	0.926	0.074	0.034	1.000	-3020.906
21	6	228	187	0.6338	0.201	0.315	0.048	0.000	0.009	0.067	0.467	0.096	0.133	0.167	3.516	0.393	0.216	0.105	1.730	-2056.380
21	6	230	148	0.4698	0.112	0.012	0.028	0.009	0.000	0.008	0.292	0.131	0.105	0.078	3.708	0.946	0.054	0.111	1.000	-1584.198
21	6	652	352	0.6251	0.140	0.078	0.025	0.010	0.011	0.030	0.366	0.127	0.127	0.194	5.498	0.921	0.037	0.044	1.000	-4752.138
21	6	358	241	0.6191	0.140	0.148	0.042	0.006	0.008	0.036	0.438	0.077	0.062	0.101	4.708	0.816	0.014	0.109	1.000	-2633.053
21	6	373	315	0.4767	0.225	0.445	0.047	0.019	0.011	0.061	0.635	0.137	0.183	0.191	2.860	0.480	0.224	0.096	3.449	-3752.629
21	6	879	456	0.5241	0.121	0.151	0.020	0.008	0.012	0.058	0.362	0.096	0.146	0.073	3.929	0.917	0.081	0.059	4.987	-6591.553
21	6	391	185	0.6406	0.060	0.103	0.034	0.006	0.002	0.022	0.189	0.036	0.081	0.077	3.812	0.938	0.004	0.035	1.725	-2373.482
21	6	429	249	0.5595	0.229	0.052	0.008	0.005	0.005	0.032	0.233	0.136	0.151	0.161	3.713	0.856	0.009	0.014	1.000	-2895.142
21	6	206	111	0.5725	0.047	0.101	0.007	0.000	0.000	0.056	0.169	0.034	0.043	0.057	8.567	0.923	0.062	0.026	6.825	-1182.607
21	6	338	243	0.5828	0.234	0.579	0.047	0.026	0.022	0.060	0.690	0.078	0.106	0.299	4.503	0.667	0.098	0.051	1.163	-2941.187
21	6	362	130	0.4882	0.047	0.025	0.009	0.003	0.003	0.009	0.049	0.013	0.043	0.000	2.483	0.744	0.000	0.046	1.000	-1842.522
21	6	844	423	0.4666	0.057	0.146	0.020	0.002	0.001	0.042	0.348	0.074	0.083	0.100	3.473	0.538	0.352	0.000	5.375	-5979.323
21	6	225	144	0.4688	0.105	0.074	0.024	0.014	0.000	0.034	0.309	0.092	0.142	0.064	4.190	0.759	0.175	0.061	26.791	-1631.057
21	6	291	193	0.5721	0.209	0.137	0.031	0.016	0.020	0.031	0.342	0.085	0.083	0.108	2.905	0.890	0.110	0.077	1.000	-2262.609
21	6	239	135	0.4575	0.020	0.116	0.017	0.000	0.009	0.000	0.255	0.070	0.103	0.026	3.527	0.859	0.028	0.013	1.583	-1460.558
21	6	618	336	0.4895	0.144	0.103	0.030	0.015	0.008	0.027	0.316	0.127	0.162	0.070	2.810	0.894	0.030	0.032	1.000	-4435.820
21	6	251	157	0.4952	0.033	0.054	0.035	0.000	0.017	0.034	0.174	0.075	0.111	0.103	3.629	0.915	0.073	0.053	1.000	-1645.181
21	6	375	200	0.4786	0.084	0.133	0.021	0.006	0.004	0.030	0.204	0.078	0.089	0.064	2.045	0.960	0.010	0.018	4.891	-2380.624
21	6	269	164	0.5334	0.066	0.098	0.025	0.008	0.004	0.039	0.256	0.049	0.117	0.105	3.709	0.955	0.045	0.047	48.960	-1808.203
21	6	1098	447	0.4448	0.086	0.163	0.010	0.005	0.005	0.033	0.156	0.067	0.065	0.086	2.726	0.893	0.062	0.021	7.498	-7186.450
21	6	219	145	0.4104	0.122	0.063	0.000	0.019	0.000	0.049	0.278	0.102	0.083	0.051	1.857	0.827	0.064	0.023	1.000	-1462.064
21	6	555	290	0.5088	0.140	0.084	0.022	0.011	0.005	0.030	0.236	0.131	0.075	0.049	3.205	0.963	0.014	0.073	5.209	-3857.099
21	6	329	238	0.5000	0.164	0.170	0.032	0.006	0.017	0.063	0.502	0.169	0.151	0.194	2.875	0.597	0.156	0.059	1.015	-2806.386
21	6	503	264	0.6256	0.110	0.123	0.035	0.008	0.005	0.027	0.432	0.041	0.059	0.081	2.979	0.939	0.009	0.027	1.000	-3284.290
21	6	140	132	0.5704	0.419	2.129	0.067	0.000	0.039	0.179	0.898	0.121	0.223	0.409	3.503	0.418	0.095	0.181	999.000	-1595.175
21	6	202	109	0.4827	0.030	0.089	0.005	0.000	0.005	0.005	0.134	0.049	0.070	0.057	3.102	0.973	0.017	0.000	38.487	-1131.501
21	6	294	210	0.5643	0.123	0.132	0.070	0.000	0.003	0.037	0.485	0.084	0.093	0.127	2.488	0.934	0.066	0.076	1.000	-2282.008
21	6	220	173	0.4682	0.175	0.139	0.029	0.006	0.009	0.080	0.464	0.151	0.088	0.115	1.965	0.611	0.048	0.098	1.000	-1846.025
21	6	296	135	0.5198	0.016	0.062	0.014	0.007	0.010	0.007	0.180	0.017	0.051	0.037	2.297	0.750	0.000	0.023	1.000	-1647.502
21	6	762	421	0.4494	0.103	0.123	0.016	0.007	0.006	0.027	0.427	0.195	0.117	0.097	4.042	0.854	0.146	0.084	1.000	-5938.857
21	6	877	527	0.5657	0.158	0.164	0.041	0.011	0.008	0.051	0.319	0.122	0.127	0.170	3.312	0.877	0.088	0.090	3.258	-7045.512
21	6	499	300	0.6036	0.071	0.173	0.035	0.007	0.000	0.025	0.409	0.093	0.065	0.062	3.308	0.932	0.044	0.031	2.260	-3451.172
21	6	367	205	0.4500	0.038	0.138	0.010	0.000	0.006	0.040	0.308	0.070	0.097	0.063	3.919	0.686	0.052	0.039	1.000	-2486.363
21	6	325	255	0.4188	0.133	0.167	0.027	0.007	0.003	0.058	0.587	0.167	0.209	0.152	3.770	0.510	0.062	0.099	1.044	-2762.907
21	6	639	290	0.5364	0.167	0.111	0.006	0.014	0.008	0.018	0.207	0.096	0.094	0.177	4.492	0.951	0.014	0.004	1.000	-4108.710
21	6	362	203	0.4754	0.095	0.146	0.013	0.003	0.003	0.064	0.300	0.108	0.098	0.110	2.595	0.944	0.056	0.032	1.000	-2530.387
21	6	375	206	0.4429	0.078	0.250	0.023	0.003	0.000	0.014	0.205	0.035	0.076	0.044	2.760	0.933	0.020	0.036	6.423	-2450.905
21	6	437	286	0.4466	0.194	0.150	0.023	0.012	0.005	0.065	0.360	0.038	0.125	0.150	3.155	0.624	0.031	0.075	1.000	-3371.563
21	6	249	148	0.4128	0.096	0.046	0.012	0.020	0.009	0.035	0.216	0.078	0.030	0.084	2.664	0.673	0.029	0.030	1.000	-1584.482
21	6	314	213	0.6320	0.051	0.241	0.058	0.014	0.009	0.106	0.479	0.080	0.137	0.119	8.379	0.903	0.022	0.074	1.291	-2424.054
21	6	412	294	0.4997	0.124	0.207	0.029	0.008	0.010	0.023	0.355	0.100	0.138	0.097	3.316	0.770	0.107	0.126	1.000	-3307.481
21	6	437	151	0.6351	0.053	0.069	0.010	0.000	0.000	0.025	0.134	0.023	0.039	0.000	3.651	0.995	0.005	0.026	1.000	-2314.918
21	6	274	217	0.4559	0.310	0.297	0.016	0.007	0.000	0.032	0.375	0.128	0.122	0.337	2.725	0.762	0.073	0.093	4.811	-2355.289
21	6	155	136	0.5917	0.147	0.334	0.049	0.007	0.000	0.141	0.420	0.050	0.220	0.067	2.616	0.000	0.000	0.161	1.000	-1418.022
21	6	486	291	0.5138	0.188	0.121	0.012	0.002	0.004	0.054	0.328	0.073	0.109	0.145	3.401	0.898	0.007	0.038	1.000	-3429.641
21	6	574	406	0.4951	0.181	0.241	0.026	0.012	0.008	0.041	0.473	0.112	0.276	0.179	3.152	0.738	0.095	0.065	1.000	-4931.645
21	6	1322	679	0.4189	0.127	0.131	0.025	0.006	0.008	0.052	0.361	0.119	0.147	0.153	3.136	0.798	0.169	0.081	1.000	-10584.400
21	6	216	171	0.5725	0.091	0.206	0.023	0.013	0.011	0.088	0.468	0.155	0.142	0.147	3.817	0.885	0.115	0.108	1.000	-1811.844
21	6	777	342	0.4492	0.098	0.064	0.008	0.004	0.012	0.020	0.205	0.089	0.073	0.029	3.425	0.943	0.057	0.054	1.000	-4976.662
21	6	568	332	0.5855	0.149	0.115	0.017	0.000	0.014	0.031	0.313	0.066	0.060	0.159	4.375	0.894	0.047	0.113	3.373	-4130.130
21	6	845	396	0.4846	0.003	0.125	0.015	0.006	0.005	0.043	0.328	0.069	0.094	0.162	2.925	0.950	0.048	0.041	27.514	-5801.548
21	6	443	204	0.5162	0.045	0.056	0.020	0.007	0.007	0.034	0.199	0.072	0.065	0.104	2.231	0.914	0.056	0.040	1.000	-2831.524
21	6	577	252	0.4545	0.100	0.044	0.021	0.007	0.000	0.020	0.257	0.085	0.071	0.050	3.940	0.862	0.028	0.045	1.076	-3684.357
21	6	783	441	0.4497	0.087	0.177	0.012	0.014	0.006	0.050	0.403	0.166	0.111	0.132	3.278	0.868	0.118	0.085	1.000	-6179.448
21	6	430	221	0.6045	0.000	0.018	0.055	0.003	0.010	0.031	0.423	0.078	0.074	0.401	4.158	0.254	0.012	0.034	1.000	-3019.356
21	6	323	232	0.5791	0.486	0.081	0.033	0.009	0.028	0.059	0.813	0.214	0.171	0.444	5.822	0.587	0.127	0.051	1.044	-2889.703
21	6	483	200	0.3783	0.046	0.053	0.013	0.000	0.002	0.011	0.247	0.061	0.082	0.011	3.929	0.800	0.000	0.043	1.000	-2859.973
21	6	324	236	0.4782	0.202	0.177	0.001	0.000	0.103	0.069	0.383	0.122	0.055	0.155	3.099	0.630	0.080	0.045	1.000	-2475.420
21	6	306	208	0.5925	0.077	0.274	0.020	0.004	0.007	0.030	0.237	0.167	0.128	0.137	3.900	0.797	0.100	0.072	3.317	-2341.678
21	6	157	117	0.5533	0.065	0.098	0.044	0.000	0.014	0.055	0.327	0.024	0.134	0.022	3.816	0.755	0.023	0.089	1.000	-1087.294
21	6	208	127	0.5864	0.087	0.083	0.011	0.016	0.004	0.026	0.124	0.042	0.057	0.054	2.568	0.963	0.002	0.050	1.000	-1252.890
21	6	257	156	0.6262	0.094	0.113	0.051	0.008	0.016	0.014	0.395	0.082	0.042	0.123	2.750	0.957	0.037	0.039	24.155	-1785.265
21	6	695	434	0.5660	0.120	0.168	0.027	0.016	0.008	0.037	0.316	0.139	0.154	0.135	4.087	0.834	0.103	0.095	1.000	-5512.265
21	6	736	271	0.4229	0.051	0.058	0.012	0.003	0.011	0.023	0.168	0.045	0.048	0.040	3.394	0.935	0.057	0.052	1.000	-4429.412
21	6	511	296	0.5787	0.234	0.061	0.020	0.016	0.004	0.021	0.233	0.078	0.109	0.000	3.748	0.837	0.156	0.072	1.082	-3622.998
21	6	372	101	0.6578	0.004	0.023	0.017	0.005	0.000	0.000	0.055	0.017	0.005	0.039	8.235	0.952	0.000	0.011	1.000	-1687.821
21	6	495	217	0.5850	0.099	0.096	0.046	0.007	0.004	0.027	0.278	0.058	0.015	0.081	4.167	0.989	0.011	0.011	1.000	-2968.297
21	6	444	259	0.5927	0.155	0.200	0.030	0.020	0.004	0.050	0.448	0.040	0.079	0.000	4.295	0.903	0.015	0.033	1.000	-3062.861
21	6	576	362	0.4049	0.113	0.268	0.017	0.033	0.038	0.044	0.346	0.209	0.079	0.103	2.967	0.475	0.319	0.081	3.367	-4475.788
21	6	320	208	0.5569	0.000	2.265	0.049	0.006	0.003	0.043	0.196	0.096	0.126	0.072	2.309	0.814	0.043	0.016	38.089	-2377.831
21	6	142	114	0.5078	1.131	0.000	0.000	0.031	0.006	0.052	0.949	0.095	0.027	1.169	4.648	0.991	0.009	0.072	1.000	-1159.333
21	6	273	159	0.6151	0.041	0.032	0.039	0.011	0.004	0.009	0.336	0.003	0.087	0.037	3.437	0.721	0.046	0.081	1.000	-1691.512
21	6	324	226	0.5009	0.234	0.126	0.031	0.015	0.094	0.006	0.245	0.071	0.064	0.000	2.524	0.651	0.131	0.050	1.000	-2348.553
21	6	638	282	0.4399	0.042	0.075	0.017	0.003	0.005	0.028	0.363	0.115	0.087	0.048	1.864	0.913	0.011	0.024	1.000	-4099.324
21	6	629	265	0.4861	0.096	0.071	0.013	0.000	0.003	0.018	0.188	0.051	0.065	0.030	2.600	0.847	0.049	0.011	1.000	-3860.718
21	6	333	209	0.5707	0.102	0.169	0.010	0.011	0.006	0.025	0.365	0.119	0.161	0.118	2.974	0.686	0.072	0.050	1.000	-2489.992
21	6	516	276	0.4635	0.062	0.126	0.010	0.019	0.011	0.030	0.270	0.081	0.069	0.111	3.122	0.704	0.239	0.069	1.000	-3701.489
21	6	684	283	0.4406	0.020	0.044	0.014	0.003	0.003	0.027	0.220	0.109	0.080	0.084	3.310	0.884	0.026	0.031	1.000	-4302.733
21	6	375	310	0.4745	0.145	0.396	0.037	0.018	0.015	0.059	0.567	0.156	0.191	0.170	3.483	0.509	0.295	0.158	11.022	-3576.417
21	6	311	206	0.4967	0.121	0.148	0.043	0.003	0.016	0.100	0.422	0.059	0.132	0.091	2.760	0.827	0.026	0.028	1.000	-2312.660
21	6	456	246	0.5571	0.084	0.101	0.052	0.004	0.003	0.044	0.271	0.108	0.096	0.139	6.307	0.886	0.077	0.043	1.000	-3148.897
21	6	378	259	0.6097	0.081	0.539	0.066	0.008	0.009	0.038	0.575	0.113	0.119	0.107	4.096	0.784	0.108	0.062	11.469	-3127.478
21	6	229	185	0.5838	0.115	0.212	0.019	0.000	0.000	0.041	0.541	0.075	0.178	0.169	4.237	0.860	0.107	0.067	2.364	-1784.176
21	6	321	215	0.4227	0.075	0.109	0.029	0.003	0.003	0.024	0.294	0.117	0.072	0.075	4.289	0.911	0.089	0.117	1.000	-2230.883
21	6	457	277	0.6228	0.114	0.215	0.040	0.000	0.007	0.052	0.295	0.043	0.051	0.137	4.663	0.892	0.022	0.025	1.000	-3142.773
21	6	384	253	0.4994	0.141	0.086	0.084	0.005	0.016	0.036	0.355	0.093	0.086	0.105	3.494	0.890	0.102	0.092	1.000	-2955.439
21	6	609	362	0.4616	0.104	0.154	0.022	0.002	0.003	0.020	0.162	0.353	0.028	0.112	3.047	0.780	0.135	0.070	1.000	-4205.066
21	6	330	211	0.4342	0.075	0.146	0.045	0.005	0.004	0.056	0.376	0.107	0.111	0.083	4.255	0.504	0.180	0.000	1.000	-2530.856
21	6	810	313	0.4188	0.069	0.080	0.016	0.002	0.007	0.017	0.196	0.058	0.127	0.010	3.394	0.936	0.003	0.048	1.000	-4969.069
21	6	193	118	0.3840	0.026	0.071	0.000	0.000	0.016	0.005	0.238	0.112	0.050	0.046	3.795	0.628	0.011	0.029	1.000	-1162.457
21	6	388	262	0.5312	0.113	0.188	0.037	0.011	0.021	0.030	0.324	0.115	0.112	0.164	3.769	0.807	0.141	0.137	6.719	-3152.730
21	6	531	264	0.4591	0.066	0.074	0.018	0.002	0.002	0.030	0.261	0.138	0.061	0.030	2.624	0.960	0.040	0.045	1.000	-3452.120
21	6	592	217	0.4751	0.015	0.046	0.014	0.006	0.004	0.030	0.182	0.049	0.050	0.044	2.837	0.989	0.008	0.017	14.414	-3448.711
21	6	367	220	0.5634	0.104	0.100	0.013	0.008	0.003	0.045	0.246	0.086	0.073	0.091	4.853	0.749	0.038	0.055	1.000	-2493.989
21	6	391	142	0.5600	0.038	0.053	0.020	0.003	0.005	0.017	0.141	0.017	0.026	0.000	3.666	0.872	0.047	0.000	1.000	-2113.654
21	6	691	287	0.4748	0.085	0.060	0.018	0.005	0.007	0.017	0.164	0.078	0.079	0.020	4.167	0.864	0.021	0.052	1.000	-4289.969
21	6	234	148	0.5997	0.141	0.027	0.010	0.000	0.022	0.043	0.363	0.146	0.000	0.131	3.410	0.957	0.043	0.031	1.000	-1551.020
21	6	253	149	0.4394	0.027	0.059	0.012	0.000	0.000	0.021	0.327	0.177	0.078	0.043	2.656	0.962	0.034	0.022	1.000	-1611.592
21	6	459	373	0.5974	0.220	0.601	0.097	0.002	0.005	0.110	0.644	0.165	0.183	0.269	3.782	0.613	0.331	0.142	7.125	-4679.223
21	6	1148	570	0.4580	0.108	0.123	0.027	0.008	0.006	0.033	0.422	0.143	0.091	0.049	3.669	0.822	0.042	0.104	1.117	-8627.880
21	6	383	315	0.5754	0.288	0.362	0.058	0.006	0.025	0.086	0.537	0.145	0.144	0.265	5.268	0.624	0.317	0.091	4.205	-3604.843
21	6	690	370	0.6067	0.087	0.198	0.022	0.015	0.013	0.045	0.346	0.082	0.103	0.157	4.979	0.845	0.069	0.038	1.000	-5074.625
21	6	546	279	0.4904	0.122	0.066	0.014	0.013	0.004	0.024	0.342	0.103	0.104	0.108	2.667	0.970	0.030	0.046	1.000	-3808.280
21	6	495	365	0.4411	0.186	0.169	0.052	0.011	0.006	0.100	0.741	0.174	0.169	0.203	3.386	0.769	0.191	0.087	1.000	-4512.979
21	6	122	83	0.5519	0.166	0.095	0.000	0.009	0.000	0.000	0.219	0.000	0.079	0.146	4.545	0.009	0.001	0.079	1.000	-759.215
21	6	329	254	0.5546	0.168	0.125	0.037	0.006	0.019	0.049	0.494	0.179	0.119	0.141	4.226	0.596	0.074	0.150	1.000	-2786.442
21	6	358	182	0.6140	0.109	0.128	0.006	0.000	0.003	0.048	0.224	0.069	0.033	0.066	3.886	0.849	0.015	0.032	1.000	-2302.681
21	6	611	386	0.4947	0.088	0.183	0.008	0.008	0.002	0.048	0.310	0.195	0.150	0.172	3.413	0.775	0.096	0.079	1.000	-4835.754
21	6	479	313	0.4613	0.152	0.144	0.030	0.002	0.007	0.032	0.999	0.053	0.284	0.149	2.957	0.634	0.098	0.047	1.000	-4021.551
21	6	430	221	0.6111	0.073	0.108	0.015	0.015	0.008	0.037	0.289	0.060	0.084	0.027	3.177	0.798	0.062	0.041	1.000	-2852.597
21	6	1029	397	0.4807	0.069	0.086	0.018	0.003	0.006	0.021	0.273	0.054	0.055	0.058	2.864	0.970	0.024	0.032	1.000	-6597.169
21	6	1927	725	0.4777	0.084	0.101	0.016	0.005	0.007	0.032	0.418	0.120	0.080	0.056	3.110	0.935	0.065	0.048	1.000	-13754.742
21	6	682	386	0.4941	0.089	0.176	0.047	0.010	0.012	0.058	0.247	0.062	0.105	0.136	3.362	0.890	0.053	0.072	1.000	-5121.323
21	6	600	336	0.6590	0.190	0.126	0.022	0.008	0.012	0.085	0.374	0.097	0.087	0.184	4.610	0.920	0.060	0.048	5.287	-4453.911
21	6	677	285	0.4715	0.073	0.062	0.022	0.000	0.005	0.018	0.265	0.054	0.044	0.049	2.803	0.959	0.007	0.011	1.000	-4054.867
21	6	696	296	0.4190	0.064	0.077	0.014	0.005	0.006	0.018	0.200	0.091	0.118	0.061	3.058	0.961	0.033	0.033	12.787	-4429.122
21	6	519	304	0.4977	0.090	0.184	0.055	0.010	0.006	0.031	0.395	0.078	0.111	0.107	3.052	0.916	0.020	0.032	1.000	-3792.432
21	6	925	538	0.5607	0.197	0.186	0.044	0.011	0.009	0.052	0.363	0.098	0.134	0.192	4.218	0.762	0.072	0.053	1.364	-7404.570
21	6	566	173	0.4554	0.033	0.017	0.012	0.000	0.002	0.006	0.085	0.043	0.039	0.028	3.478	0.527	0.010	0.030	1.000	-3016.597
21	6	768	298	0.5602	0.052	0.073	0.015	0.007	0.007	0.024	0.158	0.032	0.078	0.052	4.030	0.959	0.041	0.050	1.000	-4682.715
21	6	210	133	0.6172	0.079	0.212	0.004	0.005	0.005	0.043	0.639	0.003	0.090	0.017	3.037	0.972	0.028	0.055	1.000	-1432.545
21	6	457	311	0.6629	0.072	0.358	0.030	0.006	0.014	0.074	0.769	0.155	0.081	0.133	3.862	0.902	0.094	0.064	9.123	-3848.842
21	6	819	477	0.5103	0.093	0.143	0.033	0.007	0.003	0.048	0.396	0.062	0.113	0.131	3.735	0.828	0.171	0.084	22.181	-6284.639
21	6	502	318	0.4501	0.137	0.082	0.017	0.006	0.002	0.032	0.309	0.135	0.078	0.070	2.385	0.864	0.096	0.127	6.991	-3696.742
21	6	349	219	0.5482	0.064	0.132	0.032	0.006	0.006	0.021	0.346	0.081	0.056	0.073	4.502	0.932	0.031	0.169	6.897	-2489.564
21	6	288	213	0.5772	0.182	0.396	0.118	0.015	0.003	0.056	0.664	0.083	0.074	0.176	4.593	0.661	0.094	0.067	1.000	-2500.481
21	6	242	169	0.5707	0.070	0.253	0.088	0.016	0.000	0.027	0.301	0.081	0.163	0.105	5.820	0.582	0.148	0.013	1.000	-1901.893
21	6	1164	613	0.5096	0.092	0.116	0.025	0.004	0.013	0.045	0.366	0.130	0.104	0.106	2.882	0.886	0.098	0.066	5.453	-8732.040
21	6	400	230	0.4082	0.092	0.051	0.033	0.003	0.000	0.039	0.283	0.090	0.098	0.063	4.173	0.594	0.092	0.124	1.000	-2830.483
21	6	212	156	0.4381	0.083	0.162	0.006	0.010	0.005	0.035	0.464	0.153	0.065	0.136	2.646	0.745	0.094	0.085	1.000	-1633.568
21	6	386	168	0.4911	0.033	0.052	0.012	0.000	0.005	0.015	0.212	0.053	0.059	0.030	3.878	0.884	0.024	0.012	1.000	-2258.687
21	6	396	231	0.5984	0.167	0.064	0.023	0.000	0.003	0.042	0.285	0.138	0.140	0.151	4.493	0.945	0.051	0.068	1.000	-2855.135
21	6	377	239	0.5852	0.190	0.086	0.026	0.008	0.005	0.055	0.345	0.074	0.096	0.145	3.080	0.919	0.081	0.076	1.000	-2835.217
21	6	391	167	0.4025	0.060	0.057	0.007	0.000	0.003	0.022	0.189	0.069	0.053	0.074	3.129	0.933	0.025	0.019	1.000	-2296.949
21	6	334	213	0.4745	0.125	0.006	0.013	0.000	0.003	0.041	0.578	0.184	0.065	0.116	3.559	0.000	0.000	0.032	24.926	-2264.590
21	6	314	199	0.5586	0.033	0.153	0.016	0.006	0.004	0.036	0.282	0.100	0.091	0.082	2.736	0.816	0.039	0.077	1.000	-2197.750
21	6	237	205	0.4302	0.263	0.165	0.029	0.000	0.026	0.065	0.491	0.075	0.182	0.237	3.832	0.659	0.294	0.226	1.221	-2141.841
21	6	357	235	0.5142	0.083	0.240	0.025	0.009	0.011	0.035	0.433	0.098	0.151	0.140	2.980	0.811	0.141	0.038	3.611	-2806.265
21	6	449	321	0.5318	0.168	0.182	0.065	0.005	0.005	0.040	0.435	0.116	0.109	0.120	3.059	0.786	0.174	0.137	2.550	-3788.069
21	6	519	342	0.4014	0.138	0.178	0.018	0.004	0.006	0.039	0.527	0.164	0.121	0.104	3.534	0.645	0.217	0.107	3.324	-4362.763
21	6	443	181	0.6173	0.096	0.052	0.024	0.012	0.002	0.014	0.117	0.080	0.049	0.017	5.328	0.856	0.117	0.054	28.562	-2698.783
21	6	354	140	0.5636	0.000	0.042	0.000	0.008	0.003	0.021	0.076	0.021	0.017	0.027	1.932	0.970	0.030	0.036	1.000	-1831.152
21	6	455	322	0.4287	0.158	0.135	0.051	0.011	0.005	0.047	0.521	0.096	0.141	0.141	3.034	0.371	0.072	0.091	1.000	-3848.209
21	6	242	219	0.4332	0.100	0.619	0.063	0.009	0.009	0.027	0.923	0.146	0.158	0.164	3.256	0.465	0.179	0.351	10.614	-2441.322
21	6	851	471	0.5004	0.220	0.129	0.022	0.007	0.005	0.042	0.315	0.088	0.129	0.154	4.116	0.834	0.156	0.059	4.812	-6569.157
21	6	828	423	0.4657	0.129	0.194	0.022	0.006	0.006	0.052	0.237	0.079	0.087	0.133	2.766	0.913	0.085	0.061	134.355	-6032.290
21	6	422	256	0.5951	0.142	0.150	0.007	0.011	0.006	0.063	0.403	0.117	0.063	0.131	4.619	0.913	0.080	0.068	1.000	-3132.634
21	6	410	282	0.5354	0.103	0.180	0.015	0.005	0.002	0.054	0.346	0.195	0.101	0.145	3.438	0.693	0.200	0.102	1.485	-3394.434
21	6	308	249	0.5970	0.266	0.292	0.088	0.044	0.015	0.051	0.633	0.155	0.225	0.291	4.449	0.493	0.223	0.082	1.000	-3024.835
21	6	491	323	0.5732	0.168	0.109	0.026	0.006	0.009	0.040	0.414	0.136	0.103	0.201	3.727	0.804	0.143	0.090	1.000	-3885.345
21	6	883	333	0.5157	0.087	0.072	0.015	0.000	0.001	0.012	0.174	0.098	0.081	0.055	3.696	0.980	0.014	0.015	5.921	-5354.685
21	6	263	169	0.4779	0.041	0.087	0.000	0.000	0.008	0.012	0.496	0.212	0.143	0.096	3.283	0.747	0.048	0.030	1.000	-1843.866
21	6	297	182	0.4435	0.059	0.125	0.035	0.010	0.007	0.019	0.182	0.081	0.073	0.074	4.113	0.934	0.057	0.030	17.516	-1948.442
21	6	618	336	0.5152	0.111	0.137	0.033	0.010	0.010	0.060	0.272	0.132	0.073	0.093	2.881	0.931	0.047	0.066	4.726	-4565.431
21	6	689	380	0.5287	0.188	0.134	0.017	0.007	0.009	0.019	0.257	0.107	0.121	0.125	3.327	0.832	0.108	0.068	1.000	-5184.113
21	6	620	395	0.4396	0.141	0.128	0.022	0.010	0.007	0.035	0.393	0.115	0.109	0.169	3.517	0.598	0.149	0.158	1.000	-5109.144
21	6	691	454	0.5490	0.127	0.164	0.018	0.011	0.014	0.049	0.459	0.157	0.159	0.110	2.298	0.713	0.104	0.123	1.000	-5938.706
21	6	228	100	0.6231	0.074	0.000	0.008	0.000	0.000	0.000	0.033	0.004	0.009	0.015	3.474	1.000	0.000	0.187	3.021	-1075.704
21	6	763	448	0.6280	0.132	0.133	0.033	0.020	0.006	0.048	0.439	0.095	0.145	0.183	5.228	0.796	0.093	0.078	1.000	-5951.290
21	6	105	83	0.5437	0.065	0.131	0.058	0.030	0.000	0.065	0.212	0.015	0.056	0.113	15.489	0.381	0.046	0.074	1.620	-717.109
21	6	214	143	0.4829	0.000	0.033	0.015	0.010	0.014	0.014	0.197	0.116	0.103	0.138	4.961	0.982	0.000	0.054	1.000	-1371.846
21	6	304	217	0.5174	0.198	0.141	0.009	0.010	0.007	0.029	0.309	0.068	0.132	0.131	2.646	0.817	0.068	0.055	1.000	-2281.978
21	6	175	147	0.4761	0.192	0.176	0.028	0.044	0.003	0.052	0.352	0.072	0.245	0.132	2.684	0.495	0.138	0.083	2.115	-1523.119
21	6	446	307	0.5709	0.285	0.176	0.005	0.014	0.005	0.068	0.458	0.075	0.142	0.247	3.775	0.757	0.243	0.061	1.000	-3761.605
21	6	512	256	0.4540	0.119	0.076	0.033	0.004	0.006	0.004	0.289	0.070	0.165	0.055	5.200	0.795	0.108	0.038	1.000	-3512.725
21	6	133	116	0.5972	0.516	0.275	0.174	0.000	0.025	0.188	0.519	0.153	0.060	0.527	3.869	0.001	0.000	0.046	1.000	-1287.091
21	6	421	230	0.5975	0.087	0.140	0.015	0.000	0.012	0.048	0.219	0.066	0.123	0.059	5.214	0.959	0.025	0.039	4.313	-2761.700
21	6	264	163	0.5346	0.034	0.166	0.015	0.000	0.004	0.044	0.329	0.089	0.108	0.097	3.040	0.860	0.096	0.022	4.576	-1846.888
21	6	1224	531	0.5074	0.000	0.196	0.018	0.003	0.001	0.031	0.237	0.098	0.087	0.162	3.999	0.926	0.072	0.078	485.550	-8134.866
21	6	788	324	0.5332	0.117	0.096	0.013	0.005	0.005	0.027	0.216	0.055	0.083	0.037	3.166	0.934	0.028	0.013	1.370	-4920.215
21	6	583	376	0.5428	0.162	0.079	0.015	0.009	0.007	0.044	0.430	0.189	0.183	0.179	4.047	0.567	0.049	0.081	1.000	-4698.372
21	6	223	178	0.6840	0.238	0.060	0.082	0.009	0.014	0.092	0.713	0.104	0.080	0.226	3.238	0.000	0.000	0.071	1.362	-1888.442
21	6	138	121	0.5985	0.235	0.225	0.044	0.007	0.007	0.040	0.566	0.282	0.211	0.191	4.186	0.877	0.099	0.248	8.175	-1303.178
21	6	261	169	0.5468	0.074	0.099	0.021	0.012	0.004	0.023	0.281	0.047	0.069	0.104	2.466	0.528	0.057	0.053	1.000	-1826.419
21	6	783	462	0.4380	0.115	0.217	0.015	0.004	0.003	0.028	0.323	0.100	0.116	0.152	3.206	0.671	0.119	0.104	3.739	-6148.101
21	6	396	230	0.5554	0.165	0.056	0.030	0.010	0.008	0.015	0.321	0.055	0.093	0.141	3.774	0.833	0.007	0.054	1.000	-2733.236
21	6	376	161	0.4897	0.009	0.084	0.000	0.003	0.000	0.016	0.131	0.067	0.038	0.068	3.239	1.000	0.000	0.043	1.000	-2153.307
21	6	445	287	0.6709	0.265	0.248	0.034	0.007	0.007	0.054	0.828	0.107	0.112	0.209	5.722	0.840	0.124	0.037	9.014	-3597.312
21	6	472	181	0.4508	0.032	0.067	0.013	0.011	0.000	0.023	0.106	0.027	0.048	0.067	3.662	0.921	0.019	0.037	1.000	-2719.454
21	6	274	203	0.5302	0.167	0.269	0.023	0.011	0.004	0.089	0.381	0.069	0.109	0.125	2.786	0.773	0.129	0.122	5.098	-2310.732
21	6	636	247	0.5861	0.027	0.047	0.013	0.000	0.002	0.025	0.173	0.054	0.085	0.083	5.421	0.988	0.012	0.039	1.000	-3777.836
21	6	189	140	0.5382	0.111	0.165	0.001	0.011	0.005	0.060	0.456	0.029	0.125	0.124	3.140	0.756	0.099	0.086	1.000	-1401.487
21	6	515	312	0.4715	0.100	0.085	0.020	0.010	0.012	0.039	0.417	0.150	0.124	0.098	3.005	0.665	0.105	0.077	1.000	-3979.082
21	6	1142	428	0.4576	0.042	0.090	0.020	0.007	0.004	0.026	0.207	0.064	0.068	0.077	3.585	0.867	0.088	0.071	2.304	-7447.272
21	6	381	226	0.5390	0.091	0.179	0.008	0.009	0.003	0.049	0.233	0.083	0.044	0.059	4.245	0.758	0.067	0.020	1.210	-2611.267
21	6	348	150	0.5200	0.026	0.078	0.007	0.000	0.000	0.026	0.096	0.051	0.033	0.019	3.027	0.931	0.039	0.073	6.472	-1966.056
21	6	337	233	0.6035	0.094	0.175	0.039	0.024	0.008	0.040	0.435	0.145	0.044	0.150	3.504	0.752	0.139	0.067	1.908	-2632.464
21	6	669	403	0.6412	0.138	0.334	0.067	0.014	0.001	0.052	0.549	0.073	0.101	0.099	4.078	0.900	0.073	0.025	6.632	-5126.775
21	6	298	234	0.5154	0.202	0.305	0.027	0.006	0.015	0.081	0.487	0.081	0.145	0.222	2.808	0.814	0.160	0.108	7.807	-2608.635
21	6	452	297	0.5452	0.062	0.174	0.048	0.009	0.004	0.056	0.338	0.098	0.104	0.128	4.061	0.591	0.347	0.135	1.418	-3628.663
21	6	363	210	0.6384	0.119	0.069	0.018	0.020	0.003	0.035	0.302	0.026	0.104	0.123	3.291	0.962	0.038	0.059	1.000	-2494.803
21	6	657	334	0.5174	0.178	0.076	0.027	0.005	0.003	0.032	0.234	0.082	0.077	0.111	3.458	0.950	0.043	0.051	22.861	-4545.075
21	6	183	135	0.4982	0.076	0.104	0.070	0.004	0.018	0.000	0.361	0.057	0.159	0.072	2.835	0.837	0.076	0.086	1.000	-1309.331
21	6	320	190	0.5527	0.120	0.171	0.009	0.003	0.006	0.037	0.212	0.040	0.114	0.095	4.869	0.897	0.030	0.023	1.000	-2076.261
21	6	407	134	0.5019	0.008	0.048	0.000	0.002	0.000	0.010	0.087	0.030	0.049	0.008	2.028	0.911	0.028	0.075	1.000	-2111.701
21	6	880	404	0.4435	0.081	0.078	0.010	0.008	0.009	0.028	0.207	0.073	0.071	0.079	2.503	0.963	0.033	0.058	7.333	-5770.631
21	6	380	261	0.5075	0.117	0.160	0.017	0.016	0.005	0.038	0.644	0.130	0.125	0.150	2.662	0.875	0.030	0.070	1.000	-3041.260
21	6	497	334	0.6057	0.102	0.587	0.050	0.000	0.000	0.042	0.413	0.121	0.139	0.112	5.629	0.678	0.216	0.051	13.166	-4060.829
21	6	339	200	0.5166	0.130	0.055	0.012	0.009	0.003	0.050	0.363	0.075	0.036	0.064	5.295	0.943	0.057	0.032	1.000	-2254.283
21	6	1055	674	0.4093	0.108	0.183	0.029	0.005	0.006	0.040	0.525	0.139	0.170	0.117	3.869	0.751	0.208	0.116	8.373	-8760.427
21	6	159	114	0.4580	0.034	0.039	0.018	0.013	0.000	0.028	0.328	0.025	0.049	0.070	2.337	0.751	0.013	0.029	1.000	-952.128
21	6	214	164	0.6436	0.148	0.184	0.075	0.024	0.024	0.082	0.331	0.083	0.053	0.098	4.487	0.667	0.065	0.056	1.000	-1646.505
21	6	459	181	0.5073	0.001	0.074	0.007	0.011	0.000	0.016	0.136	0.042	0.043	0.043	3.188	0.964	0.009	0.034	1.000	-2570.830
21	6	497	235	0.6139	0.081	0.178	0.024	0.016	0.008	0.063	0.253	0.107	0.019	0.090	4.658	0.956	0.008	0.009	2.831	-3020.851
21	6	470	355	0.6584	0.454	0.257	0.052	0.016	0.000	0.069	0.826	0.111	0.090	0.404	4.314	0.867	0.133	0.063	1.000	-4029.731
21	6	527	327	0.4386	0.143	0.173	0.014	0.010	0.004	0.058	0.422	0.125	0.237	0.088	3.515	0.783	0.205	0.038	12.891	-4216.487
21	6	333	162	0.4288	0.054	0.071	0.017	0.006	0.003	0.012	0.194	0.074	0.056	0.000	7.393	0.721	0.000	0.080	1.000	-1971.664
21	6	603	382	0.4457	0.127	0.164	0.036	0.016	0.006	0.026	0.442	0.083	0.177	0.131	3.016	0.710	0.189	0.061	1.000	-4935.318
21	6	402	294	0.6332	0.184	0.270	0.032	0.005	0.014	0.106	0.617	0.239	0.106	0.150	4.120	0.917	0.067	0.134	9.001	-3553.204
21	6	381	319	0.6377	0.059	0.536	0.066	0.017	0.011	0.079	1.061	0.229	0.216	0.114	3.115	0.738	0.262	0.085	1.000	-3788.851
21	6	342	217	0.4483	0.105	0.033	0.021	0.003	0.000	0.026	0.371	0.149	0.135	0.101	1.815	0.895	0.034	0.054	1.000	-2437.497
21	6	449	279	0.5580	0.130	0.203	0.012	0.005	0.007	0.030	0.265	0.153	0.120	0.108	3.456	0.886	0.097	0.105	4.704	-3483.907
21	6	623	256	0.4509	0.043	0.060	0.013	0.002	0.000	0.025	0.196	0.096	0.075	0.012	2.959	0.938	0.041	0.028	1.000	-3769.643
21	6	304	187	0.6125	0.133	0.165	0.100	0.000	0.007	0.070	0.169	0.063	0.066	0.151	5.275	0.774	0.065	0.044	1.000	-2195.102
21	6	281	194	0.6224	0.142	0.226	0.021	0.013	0.031	0.047	0.328	0.090	0.064	0.080	4.774	0.513	0.280	0.054	3.048	-2241.489
21	6	251	167	0.5303	0.000	0.042	0.008	0.000	0.008	0.042	0.368	0.033	0.136	0.176	2.757	0.809	0.044	0.024	1.000	-1685.576
21	6	437	304	0.4198	0.132	0.149	0.022	0.005	0.014	0.046	0.496	0.211	0.137	0.104	3.154	0.621	0.108	0.075	1.000	-3631.327
21	6	278	214	0.6189	0.187	0.216	0.055	0.011	0.000	0.052	0.348	0.138	0.142	0.209	3.713	0.762	0.132	0.107	2.588	-2379.688
21	6	326	182	0.3986	0.074	0.114	0.039	0.003	0.000	0.009	0.206	0.153	0.070	0.065	3.797	0.823	0.050	0.017	1.000	-2112.064
21	6	329	272	0.5484	0.259	0.397	0.099	0.009	0.006	0.080	1.431	0.300	0.152	0.186	3.687	0.700	0.185	0.091	4.485	-3312.989
21	6	680	260	0.5307	0.038	0.092	0.010	0.003	0.004	0.020	0.152	0.070	0.034	0.067	5.079	0.922	0.050	0.043	6.913	-4132.495
21	6	192	156	0.5219	0.174	0.171	0.020	0.000	0.011	0.029	0.313	0.084	0.091	0.172	3.248	0.722	0.184	0.137	1.037	-1519.936
21	6	661	301	0.4542	0.092	0.115	0.013	0.008	0.003	0.025	0.292	0.123	0.037	0.089	2.564	0.934	0.016	0.017	1.255	-4284.106
21	6	300	197	0.5683	0.116	0.144	0.047	0.000	0.010	0.025	0.185	0.100	0.077	0.099	2.772	0.399	0.050	0.038	1.235	-2153.051
21	6	334	228	0.5899	0.058	0.174	0.035	0.008	0.007	0.058	0.406	0.150	0.081	0.086	3.647	0.695	0.108	0.050	1.000	-2585.910
21	6	209	160	0.6187	0.170	0.072	0.027	0.000	0.005	0.048	0.515	0.119	0.111	0.221	3.278	0.782	0.018	0.131	999.000	-1663.891
21	6	583	318	0.4279	0.056	0.092	0.016	0.007	0.007	0.020	0.318	0.119	0.179	0.059	2.608	0.883	0.114	0.092	76.361	-4260.105
21	6	918	492	0.6377	0.147	0.180	0.055	0.011	0.021	0.053	0.358	0.100	0.091	0.104	4.795	0.858	0.138	0.075	1.000	-7235.470
21	6	352	157	0.6613	0.007	0.056	0.009	0.003	0.006	0.046	0.322	0.018	0.050	0.077	2.930	0.927	0.007	0.028	1.000	-2014.200
21	6	1107	575	0.4889	0.225	0.154	0.028	0.011	0.008	0.032	0.365	0.119	0.116	0.220	3.365	0.950	0.039	0.048	1.000	-8526.006
21	6	564	323	0.4005	0.107	0.108	0.010	0.009	0.005	0.049	0.453	0.148	0.125	0.076	3.685	0.773	0.134	0.066	1.000	-4314.324
21	6	454	281	0.4972	0.175	0.135	0.019	0.001	0.006	0.045	0.302	0.073	0.118	0.141	3.575	0.853	0.141	0.066	26.686	-3409.154
21	6	425	242	0.5998	0.198	0.176	0.008	0.005	0.000	0.058	0.240	0.037	0.072	0.271	2.500	0.964	0.036	0.047	1.000	-2958.557
21	6	1176	471	0.4795	0.050	0.079	0.012	0.004	0.004	0.018	0.235	0.099	0.066	0.081	3.645	0.950	0.050	0.093	1.000	-7776.986
21	6	531	331	0.5267	0.139	0.137	0.026	0.008	0.004	0.036	0.439	0.103	0.090	0.074	3.693	0.927	0.073	0.066	1.000	-3929.702
21	6	541	272	0.4106	0.034	0.101	0.015	0.004	0.006	0.041	0.240	0.091	0.080	0.071	3.525	0.874	0.045	0.052	1.000	-3584.231
21	6	323	279	0.4733	0.158	0.136	0.036	0.009	0.023	0.092	0.815	0.158	0.232	0.183	4.474	0.420	0.200	0.185	3.729	-3122.903
21	6	482	333	0.6683	0.323	0.230	0.031	0.010	0.023	0.080	0.589	0.154	0.075	0.303	5.719	0.802	0.139	0.062	1.000	-4094.218
21	6	280	219	0.6153	0.215	0.254	0.035	0.004	0.007	0.041	0.436	0.100	0.126	0.258	4.810	0.720	0.097	0.109	2.649	-2349.377
21	6	989	588	0.5302	0.163	0.142	0.030	0.008	0.008	0.048	0.400	0.093	0.109	0.154	5.685	0.696	0.243	0.116	2.535	-7756.750
21	6	304	218	0.5598	0.151	0.102	0.009	0.004	0.009	0.078	0.427	0.178	0.153	0.067	2.370	0.828	0.120	0.057	1.000	-2459.423
21	6	415	235	0.4914	0.077	0.092	0.017	0.003	0.007	0.026	0.293	0.105	0.089	0.115	2.376	0.783	0.012	0.050	1.000	-2823.905
21	6	338	244	0.4281	0.132	0.413	0.018	0.018	0.034	0.042	0.507	0.148	0.085	0.094	4.177	0.408	0.384	0.007	2.496	-2987.316
21	6	386	161	0.6429	0.045	0.066	0.051	0.008	0.000	0.012	0.204	0.119	0.000	0.023	5.088	0.896	0.007	0.016	1.823	-2192.477
21	6	285	178	0.5641	0.080	0.123	0.044	0.004	0.007	0.015	0.234	0.097	0.073	0.085	4.564	0.856	0.045	0.046	1.664	-1913.663
21	6	346	300	0.5546	0.211	0.553	0.063	0.015	0.009	0.074	0.833	0.181	0.075	0.243	4.499	0.426	0.259	0.048	1.111	-3430.087
21	6	1643	993	0.3838	0.139	0.142	0.030	0.009	0.006	0.055	0.552	0.147	0.155	0.209	2.972	0.750	0.250	0.148	1.000	-14360.424
21	6	434	322	0.5425	0.172	0.163	0.000	0.012	0.007	0.040	0.500	0.146	0.140	0.191	4.671	0.808	0.192	0.158	1.000	-3616.882
21	6	297	194	0.5198	0.094	0.058	0.003	0.010	0.003	0.038	0.296	0.136	0.153	0.138	2.792	0.933	0.067	0.023	1.000	-2099.390
21	6	293	224	0.5711	0.392	0.137	0.004	0.019	0.013	0.098	0.422	0.134	0.119	0.425	4.206	0.336	0.093	0.061	1.000	-2572.049
21	6	490	310	0.5267	0.149	0.193	0.037	0.007	0.016	0.069	0.441	0.109	0.154	0.066	3.447	0.838	0.129	0.055	2.078	-3956.971
21	6	427	240	0.5133	0.077	0.098	0.045	0.009	0.015	0.028	0.212	0.075	0.047	0.111	3.672	0.903	0.065	0.036	2.433	-2872.661
21	6	417	237	0.5562	0.102	0.108	0.027	0.011	0.008	0.060	0.303	0.043	0.101	0.101	4.398	0.933	0.049	0.057	3.408	-2916.514
21	6	496	185	0.5297	0.048	0.055	0.004	0.000	0.004	0.008	0.075	0.056	0.055	0.049	4.988	0.932	0.042	0.000	4.341	-2733.380
21	6	777	405	0.6041	0.137	0.201	0.045	0.012	0.007	0.056	0.329	0.096	0.091	0.124	5.588	0.883	0.090	0.029	1.000	-5672.013
21	6	636	267	0.4299	0.055	0.070	0.021	0.002	0.006	0.035	0.225	0.037	0.079	0.080	3.337	0.926	0.045	0.012	3.578	-3989.757
21	6	363	267	0.6031	0.115	0.245	0.048	0.003	0.005	0.084	0.640	0.187	0.096	0.136	3.707	0.687	0.141	0.059	1.000	-3108.531
21	6	160	103	0.5222	0.019	0.069	0.000	0.000	0.000	0.013	0.237	0.105	0.076	0.065	2.546	0.968	0.015	0.048	16.486	-986.599
21	6	404	241	0.6240	0.124	0.194	0.003	0.005	0.008	0.023	0.185	0.117	0.091	0.133	6.301	0.884	0.051	0.048	4.654	-2804.405
21	6	470	305	0.4776	0.116	0.162	0.013	0.007	0.000	0.032	0.431	0.088	0.156	0.112	3.513	0.881	0.111	0.058	1.000	-3547.079
21	6	451	289	0.4355	0.116	0.126	0.017	0.004	0.009	0.015	0.497	0.124	0.113	0.073	3.209	0.926	0.063	0.142	16.092	-3482.685
21	6	247	210	0.5297	0.188	0.278	0.017	0.005	0.029	0.092	0.600	0.162	0.132	0.166	3.635	0.616	0.161	0.114	4.112	-2297.275
21	6	327	186	0.5972	0.071	0.097	0.023	0.016	0.012	0.019	0.283	0.033	0.138	0.237	5.687	0.946	0.026	0.023	1.000	-2162.183
21	6	264	204	0.4760	0.184	0.146	0.050	0.004	0.004	0.045	0.514	0.183	0.095	0.145	2.673	0.384	0.037	0.108	1.000	-2231.261
21	6	302	109	0.4454	0.027	0.043	0.007	0.003	0.000	0.007	0.098	0.007	0.031	0.011	4.538	0.507	0.000	0.048	1.000	-1568.191
21	6	553	328	0.6094	0.082	0.129	0.030	0.007	0.002	0.047	0.402	0.096	0.098	0.092	4.736	0.827	0.067	0.037	1.000	-3889.471
21	6	254	215	0.5046	0.210	0.296	0.042	0.016	0.017	0.065	0.583	0.078	0.175	0.197	5.085	0.332	0.154	0.110	5.078	-2355.238
21	6	317	172	0.6608	0.032	0.241	0.027	0.004	0.003	0.087	0.396	0.068	0.054	0.078	8.464	0.947	0.053	0.031	1.000	-2081.760
21	6	200	145	0.4234	0.016	0.210	0.034	0.000	0.000	0.089	0.489	0.143	0.114	0.030	5.548	0.586	0.289	0.011	6.045	-1524.357
21	6	285	203	0.5510	0.079	0.106	0.031	0.004	0.007	0.038	0.359	0.094	0.087	0.130	4.577	0.693	0.141	0.060	1.222	-2104.055
21	6	543	312	0.6012	0.171	0.121	0.034	0.004	0.010	0.042	0.375	0.071	0.077	0.084	3.420	0.864	0.104	0.037	4.391	-3943.240
21	6	365	232	0.5363	0.166	0.148	0.022	0.003	0.006	0.027	0.216	0.112	0.086	0.000	3.302	0.799	0.055	0.119	1.000	-2619.289
21	6	306	191	0.7056	0.039	0.170	0.043	0.007	0.014	0.044	0.346	0.073	0.127	0.119	3.382	0.826	0.046	0.048	1.000	-2170.290
21	6	332	258	0.6306	0.212	0.410	0.000	0.078	0.060	0.101	0.632	0.087	0.144	0.187	5.594	0.697	0.186	0.064	1.915	-2942.079
21	6	353	226	0.5366	0.101	0.120	0.010	0.009	0.006	0.032	0.427	0.117	0.095	0.116	3.841	0.905	0.082	0.069	1.000	-2628.191
21	6	349	168	0.4647	0.025	0.213	0.030	0.000	0.009	0.003	0.142	0.024	0.009	0.045	3.695	0.638	0.148	0.025	8.383	-2119.401
21	6	738	488	0.4584	0.000	0.097	0.030	0.004	0.006	0.034	0.660	0.130	0.231	0.172	3.934	0.801	0.171	0.132	1.000	-6120.456
21	6	591	426	0.4209	0.117	0.189	0.024	0.034	0.002	0.046	0.595	0.214	0.104	0.123	3.578	0.840	0.160	0.212	1.000	-5080.384
21	6	385	289	0.5100	0.142	0.129	0.039	0.008	0.008	0.044	0.288	0.231	0.178	0.183	3.841	0.500	0.148	0.154	1.000	-3325.443
21	6	282	180	0.4594	0.193	0.088	0.016	0.014	0.000	0.028	0.539	0.069	0.066	0.219	2.969	0.868	0.041	0.058	2.812	-2053.631
21	6	197	158	0.4643	0.088	0.158	0.034	0.025	0.000	0.029	0.611	0.131	0.098	0.057	3.984	0.582	0.138	0.081	1.000	-1593.244
21	6	287	232	0.6179	0.301	0.178	0.066	0.018	0.021	0.071	0.494	0.131	0.112	0.483	3.025	0.518	0.070	0.109	1.000	-2662.674
21	6	269	211	0.5113	0.161	0.164	0.019	0.016	0.015	0.052	0.315	0.144	0.108	0.223	4.671	0.687	0.160	0.195	1.000	-2247.839
21	6	244	159	0.6877	0.170	0.132	0.004	0.017	0.005	0.022	0.489	0.028	0.183	0.090	5.344	0.836	0.061	0.030	1.000	-1689.809
21	6	953	579	0.4092	0.102	0.177	0.023	0.014	0.012	0.023	0.336	0.122	0.192	0.154	4.069	0.666	0.288	0.094	6.081	-7731.839
21	6	302	182	0.6823	0.125	0.183	0.047	0.007	0.007	0.043	0.198	0.069	0.063	0.122	4.378	0.902	0.010	0.096	1.000	-2078.830
21	6	312	232	0.4383	0.135	0.173	0.009	0.006	0.007	0.089	0.531	0.168	0.131	0.145	3.536	0.322	0.269	0.039	1.879	-2770.497
21	6	319	195	0.4501	0.105	0.057	0.013	0.005	0.011	0.015	0.310	0.072	0.198	0.080	3.421	0.883	0.061	0.032	2.905	-2215.353
21	6	616	252	0.4669	0.056	0.055	0.013	0.000	0.008	0.014	0.203	0.047	0.031	0.029	5.298	0.880	0.021	0.045	1.000	-3592.451
21	6	429	324	0.4079	0.279	0.166	0.030	0.005	0.012	0.031	0.489	0.108	0.167	0.267	3.396	0.610	0.134	0.124	1.000	-3779.862
21	6	548	258	0.4078	0.076	0.061	0.011	0.003	0.006	0.024	0.214	0.120	0.065	0.061	2.953	0.957	0.043	0.039	1.000	-3485.217
21	6	315	203	0.7413	0.142	0.239	0.050	0.026	0.006	0.089	0.295	0.103	0.179	0.107	4.840	0.893	0.096	0.079	12.520	-2441.148
21	6	491	274	0.5038	0.103	0.141	0.032	0.015	0.002	0.040	0.238	0.064	0.121	0.037	3.739	0.871	0.129	0.072	1.000	-3519.615
21	6	654	238	0.4178	0.017	0.072	0.010	0.002	0.000	0.025	0.157	0.047	0.125	0.045	3.261	0.938	0.052	0.011	1.000	-3801.483
21	6	481	182	0.4817	0.030	0.036	0.011	0.002	0.000	0.008	0.137	0.055	0.042	0.061	1.783	0.955	0.034	0.016	1.000	-2739.983
21	6	341	260	0.5383	0.169	0.242	0.035	0.016	0.014	0.073	0.415	0.142	0.095	0.193	3.150	0.761	0.097	0.115	1.396	-2951.478
21	6	144	109	0.5131	0.136	0.623	0.040	0.000	0.014	0.056	0.155	0.063	0.136	0.096	4.178	0.776	0.208	0.081	99.943	-1098.696
21	6	137	123	0.4976	0.196	0.077	0.031	0.007	0.000	0.014	0.899	0.116	0.196	0.394	4.354	0.000	0.000	0.170	999.000	-1242.520
21	6	987	539	0.5019	0.146	0.193	0.027	0.005	0.006	0.040	0.418	0.107	0.091	0.196	2.412	0.929	0.071	0.078	1.000	-7735.841
21	6	150	117	0.4865	0.116	0.098	0.027	0.014	0.000	0.000	0.322	0.153	0.063	0.107	14.637	0.539	0.070	0.073	2.012	-1042.461
21	6	252	170	0.4008	0.134	0.194	0.034	0.004	0.000	0.023	0.296	0.030	0.054	0.078	4.769	0.844	0.009	0.178	3.904	-1795.856
21	6	579	364	0.4666	0.088	0.202	0.026	0.007	0.008	0.030	0.357	0.125	0.112	0.110	3.399	0.756	0.236	0.050	13.303	-4441.304
21	6	254	180	0.4473	0.062	0.500	0.014	0.013	0.004	0.037	0.370	0.161	0.135	0.069	2.007	0.973	0.021	0.075	148.761	-1903.021
21	6	1442	629	0.5159	0.101	0.125	0.026	0.010	0.007	0.034	0.338	0.115	0.103	0.081	3.010	0.905	0.073	0.066	3.996	-10522.415
21	6	175	150	0.3985	0.155	0.324	0.040	0.006	0.012	0.087	0.632	0.094	0.210	0.201	4.978	0.483	0.225	0.223	2.477	-1565.268
21	6	226	140	0.4639	0.058	0.110	0.014	0.000	0.000	0.019	0.163	0.116	0.087	0.120	3.910	0.821	0.010	0.026	1.000	-1436.897
21	6	378	292	0.6405	0.253	0.540	0.085	0.014	0.037	0.098	0.930	0.108	0.152	0.227	6.322	0.865	0.092	0.069	1.147	-3464.730
21	6	187	164	0.4834	0.180	37.774	0.000	0.011	0.011	0.085	0.227	0.160	0.055	0.141	3.768	0.625	0.134	0.066	365.394	-1697.342
21	6	202	147	0.6031	0.098	0.249	0.030	0.011	0.005	0.039	0.322	0.070	0.068	0.134	5.304	0.683	0.052	0.186	1.000	-1545.202
21	6	172	113	0.4929	0.119	0.049	0.021	0.012	0.012	0.021	0.331	0.059	0.122	0.113	2.082	0.659	0.020	0.044	1.000	-1185.344
21	6	148	126	0.6077	0.211	0.054	0.049	0.035	0.000	0.044	0.604	0.188	0.127	0.176	3.061	0.507	0.035	0.128	1.000	-1292.020
21	6	601	379	0.4330	0.102	0.186	0.033	0.017	0.014	0.068	0.346	0.134	0.134	0.148	3.257	0.776	0.173	0.106	2.219	-4972.831
21	6	154	130	0.4673	0.122	0.254	0.018	0.000	0.007	0.116	0.392	0.125	0.287	0.108	4.989	0.470	0.254	0.009	1.000	-1304.122
21	6	111	75	0.5641	0.045	0.074	0.000	0.000	0.000	0.019	0.182	0.015	0.031	0.110	7.130	0.896	0.034	0.112	9.803	-647.155
21	6	241	169	0.4387	0.116	0.188	0.019	0.000	0.000	0.029	0.363	0.095	0.093	0.090	3.808	0.605	0.163	0.070	1.000	-1832.898
21	6	312	240	0.6013	0.149	0.192	0.009	0.003	0.000	0.035	0.561	0.176	0.168	0.128	6.536	0.365	0.539	0.013	9.812	-2657.560
21	6	145	126	0.6442	0.700	0.646	0.006	0.025	0.006	0.068	0.467	0.099	0.062	0.618	5.892	0.532	0.161	0.070	1.000	-1321.752
21	6	312	245	0.7176	0.290	0.603	0.059	0.000	0.070	0.055	1.104	0.134	0.103	0.286	10.690	0.838	0.136	0.058	7.355	-2637.368
21	6	232	159	0.5972	0.112	0.095	0.004	0.004	0.009	0.038	0.514	0.094	0.059	0.183	2.926	0.663	0.072	0.043	1.000	-1699.117
21	6	422	242	0.5731	0.162	0.205	0.031	0.001	0.003	0.039	0.261	0.042	0.076	0.092	3.968	0.917	0.036	0.028	3.133	-2868.604
