1	6	435	278	0.5082	0.058	0.349	0.025	0.009	0.002	0.063	0.280	0.071	0.109	0.140	4.385	0.727	0.200	0.064	13.597	-3391.856
21	6	236	143	0.4132	0.033	0.163	0.032	0.005	0.000	0.045	0.169	0.038	0.100	0.031	2.232	0.731	0.017	0.025	1.998	-1520.629
21	6	286	184	0.4470	0.153	0.381	0.007	0.004	0.004	0.026	0.525	0.011	0.059	0.172	1.538	0.716	0.050	0.011	1.096	-2007.489
21	6	866	341	0.5388	0.062	0.083	0.018	0.001	0.004	0.029	0.165	0.034	0.052	0.129	3.905	0.915	0.052	0.017	4.492	-5350.116
21	6	273	188	0.4343	0.132	0.130	0.037	0.012	0.000	0.040	0.409	0.116	0.137	0.104	3.434	0.579	0.066	0.054	1.000	-2114.012
21	6	306	258	0.6262	0.183	0.602	0.050	0.022	0.016	0.089	0.675	0.172	0.184	0.221	4.809	0.640	0.230	0.137	12.338	-3044.608
21	6	787	383	0.4497	0.076	0.093	0.008	0.005	0.003	0.019	0.350	0.082	0.107	0.043	3.600	0.864	0.068	0.094	7.285	-5467.709
21	6	695	358	0.4820	0.042	0.174	0.007	0.004	0.005	0.027	0.392	0.109	0.112	0.084	3.565	0.919	0.044	0.038	4.279	-4919.037
21	6	878	550	0.3826	0.136	0.235	0.028	0.009	0.004	0.054	0.726	0.137	0.177	0.136	3.441	0.589	0.333	0.102	8.567	-7768.020
21	6	335	253	0.4616	0.140	0.622	0.043	0.012	0.013	0.059	0.315	0.203	0.010	0.143	2.665	0.605	0.138	0.061	4.659	-2768.171
21	6	330	189	0.4462	0.018	0.206	0.007	0.013	0.003	0.029	0.364	0.051	0.068	0.087	3.174	0.857	0.029	0.048	3.918	-2252.167
21	6	318	160	0.4203	0.072	0.098	0.000	0.003	0.007	0.016	0.127	0.102	0.029	0.022	3.880	0.529	0.000	0.071	1.000	-1919.082
21	6	1543	621	0.5595	0.122	0.160	0.027	0.007	0.005	0.028	0.282	0.064	0.087	0.075	3.281	0.961	0.029	0.026	7.445	-10390.622
21	6	467	255	0.6054	0.065	0.174	0.014	0.023	0.002	0.046	0.307	0.083	0.072	0.082	5.417	0.868	0.064	0.046	3.098	-3251.668
21	6	305	241	0.3995	0.158	0.491	0.031	0.020	0.027	0.017	0.471	0.095	0.151	0.072	3.469	0.688	0.082	0.078	3.373	-2586.680
21	6	294	188	0.5537	0.130	0.384	0.032	0.011	0.003	0.014	0.232	0.098	0.053	0.047	2.752	0.786	0.074	0.034	3.559	-2179.791
21	6	465	348	0.4006	0.190	0.290	0.051	0.004	0.016	0.018	0.805	0.241	0.182	0.159	2.848	0.521	0.324	0.078	8.549	-4318.075
21	6	300	185	0.5627	0.052	0.085	0.023	0.014	0.000	0.029	0.339	0.131	0.059	0.111	3.619	0.935	0.065	0.064	1.000	-2117.542
21	6	186	154	0.5533	0.132	0.431	0.103	0.006	0.006	0.065	0.843	0.031	0.209	0.146	6.519	0.720	0.179	0.073	1.000	-1631.934
21	6	509	331	0.6306	0.132	0.417	0.052	0.009	0.006	0.041	0.328	0.078	0.067	0.166	4.285	0.807	0.094	0.090	9.076	-3983.031
21	6	173	123	0.4637	0.064	0.065	0.030	0.006	0.000	0.031	0.507	0.162	0.000	0.052	2.780	0.306	0.000	0.042	1.172	-1142.057
21	6	474	296	0.5545	0.076	0.252	0.027	0.011	0.002	0.035	0.329	0.176	0.120	0.016	3.024	0.819	0.159	0.137	26.615	-3685.345
21	6	381	251	0.4817	0.112	0.232	0.015	0.010	0.011	0.030	0.329	0.048	0.101	0.113	3.448	0.799	0.089	0.083	4.647	-2891.732
21	6	448	261	0.4628	0.073	0.093	0.022	0.005	0.002	0.025	0.444	0.163	0.113	0.114	2.972	0.955	0.029	0.050	1.000	-3236.483
21	6	798	328	0.5204	0.080	0.148	0.015	0.002	0.004	0.030	0.220	0.084	0.065	0.051	4.017	0.930	0.032	0.040	4.471	-4919.326
21	6	200	127	0.5581	0.072	0.567	0.002	0.000	0.000	0.032	0.294	0.085	0.083	0.030	4.335	0.702	0.061	0.008	2.145	-1355.615
21	6	401	277	0.6404	0.162	0.181	0.058	0.011	0.018	0.085	0.398	0.190	0.123	0.225	5.188	0.886	0.114	0.076	1.000	-3330.076
21	6	940	592	0.4589	0.141	0.208	0.030	0.009	0.007	0.039	0.610	0.132	0.115	0.143	3.525	0.799	0.123	0.091	4.154	-7925.205
21	6	308	192	0.4333	0.055	0.123	0.018	0.000	0.010	0.019	0.346	0.010	0.216	0.052	4.400	0.684	0.151	0.022	2.019	-2191.456
21	6	317	191	0.4262	0.041	0.223	0.016	0.006	0.003	0.016	0.269	0.100	0.056	0.030	1.878	0.823	0.034	0.031	2.398	-2131.166
21	6	371	189	0.5283	0.056	0.127	0.019	0.008	0.003	0.029	0.224	0.024	0.051	0.081	2.897	0.858	0.028	0.027	5.376	-2396.324
21	6	972	454	0.4179	0.116	0.122	0.023	0.010	0.004	0.034	0.308	0.089	0.046	0.066	4.315	0.766	0.164	0.072	4.229	-6886.110
21	6	385	241	0.4508	0.073	0.068	0.025	0.003	0.013	0.041	0.619	0.116	0.125	0.045	3.408	0.973	0.027	0.086	1.000	-2828.673
21	6	562	313	0.4278	0.091	0.082	0.037	0.007	0.004	0.025	0.236	0.090	0.136	0.132	3.225	0.805	0.119	0.047	1.000	-4037.704
21	6	439	333	0.5226	0.114	0.358	0.033	0.015	0.007	0.078	0.718	0.150	0.146	0.208	3.202	0.458	0.369	0.033	7.175	-4219.001
21	6	144	55	0.6705	0.000	0.014	0.007	0.000	0.000	0.015	0.055	0.030	0.020	0.000	18.533	0.692	0.079	0.000	1.000	-652.243
21	6	476	310	0.6124	0.274	0.378	0.068	0.024	0.002	0.056	0.715	0.116	0.136	0.208	8.309	0.915	0.080	0.044	12.246	-3815.884
21	6	344	194	0.4241	0.064	0.191	0.041	0.012	0.000	0.027	0.224	0.061	0.140	0.057	3.398	0.732	0.164	0.056	6.052	-2457.666
21	6	220	157	0.6062	0.186	0.365	0.058	0.000	0.005	0.035	0.200	0.028	0.101	0.049	6.000	0.770	0.000	0.162	13.429	-1629.914
21	6	2057	677	0.5117	0.128	0.162	0.022	0.006	0.008	0.031	0.220	0.089	0.090	0.137	2.084	0.979	0.011	0.007	7.284	-13311.616
21	6	316	269	0.3968	0.198	0.597	0.041	0.010	0.010	0.051	0.596	0.162	0.177	0.166	3.545	0.530	0.220	0.115	6.404	-3061.666
21	6	256	185	0.5580	0.178	0.283	0.026	0.008	0.000	0.064	0.452	0.133	0.050	0.204	3.811	0.727	0.133	0.061	10.974	-2089.453
21	6	309	217	0.5302	0.187	0.163	0.022	0.007	0.010	0.057	0.326	0.061	0.087	0.192	3.093	0.912	0.057	0.073	3.567	-2376.780
21	6	206	179	0.5709	0.342	1.564	0.022	0.025	0.000	0.049	0.992	0.116	0.180	0.305	4.252	0.740	0.081	0.070	10.944	-1951.927
21	6	578	440	0.5299	0.184	0.488	0.060	0.008	0.018	0.074	0.523	0.150	0.176	0.182	3.696	0.764	0.094	0.128	3.228	-5499.804
21	6	115	103	0.6918	0.481	9.865	0.115	0.006	0.029	0.000	0.615	0.000	0.207	0.468	6.348	0.416	0.152	0.066	22.472	-1158.592
21	6	252	237	0.6147	0.532	2.406	0.063	0.019	0.011	0.111	0.735	0.076	0.249	0.558	5.173	0.464	0.275	0.193	17.585	-2662.847
21	6	949	406	0.5687	0.183	0.294	0.025	0.011	0.010	0.028	0.235	0.083	0.075	0.094	3.002	0.928	0.040	0.018	7.531	-6512.968
21	6	209	171	0.6062	0.113	0.303	0.002	0.027	0.007	0.124	0.487	0.070	0.114	0.120	3.798	0.824	0.035	0.145	7.941	-1756.775
21	6	449	280	0.6397	0.162	0.258	0.010	0.009	0.018	0.066	0.525	0.069	0.098	0.131	3.273	0.833	0.027	0.042	4.865	-3442.470
21	6	626	349	0.6462	0.133	0.348	0.050	0.003	0.018	0.054	0.260	0.036	0.058	0.112	5.186	0.915	0.032	0.042	4.669	-4457.252
21	6	732	422	0.4576	0.077	0.176	0.025	0.007	0.006	0.011	0.309	0.123	0.158	0.131	3.625	0.839	0.118	0.074	5.051	-5533.986
21	6	181	122	0.6056	0.288	0.012	0.000	0.000	0.011	0.058	0.366	0.042	0.069	0.255	5.480	0.910	0.090	0.060	1.000	-1281.446
21	6	1027	405	0.5466	0.070	0.115	0.018	0.007	0.003	0.030	0.232	0.061	0.070	0.058	3.006	0.974	0.026	0.028	1.000	-6607.405
21	6	159	118	0.4249	0.078	0.206	0.006	0.006	0.000	0.020	0.189	0.022	0.139	0.043	4.085	0.714	0.027	0.062	3.681	-1068.889
21	6	314	178	0.4454	0.125	0.118	0.002	0.000	0.003	0.015	0.233	0.039	0.136	0.171	3.182	0.849	0.048	0.005	3.450	-2061.206
21	6	174	139	0.4411	0.070	0.285	0.036	0.006	0.000	0.030	0.312	0.057	0.154	0.122	2.942	0.523	0.031	0.203	5.047	-1387.640
21	6	310	238	0.4335	0.130	0.344	0.028	0.016	0.027	0.033	0.415	0.142	0.178	0.120	4.652	0.533	0.332	0.153	8.380	-2757.828
21	6	445	315	0.5861	0.166	0.274	0.029	0.002	0.008	0.064	0.297	0.117	0.066	0.136	5.428	0.587	0.195	0.099	1.899	-3611.080
21	6	191	136	0.6204	0.173	0.091	0.024	0.000	0.016	0.065	0.364	0.118	0.085	0.154	4.604	0.687	0.082	0.044	1.000	-1424.396
21	6	305	245	0.5541	0.265	0.671	0.039	0.017	0.021	0.062	0.458	0.075	0.147	0.190	3.788	0.675	0.234	0.037	5.284	-2777.714
21	6	602	316	0.6463	0.174	0.220	0.015	0.006	0.010	0.076	0.280	0.091	0.103	0.163	5.487	0.861	0.103	0.039	3.545	-4383.566
21	6	212	184	0.4772	0.129	0.639	0.045	0.009	0.030	0.088	0.482	0.158	0.102	0.122	3.218	0.608	0.137	0.247	8.614	-2032.652
21	6	276	182	0.6898	0.252	0.204	0.034	0.000	0.015	0.090	0.328	0.094	0.000	0.220	5.215	0.809	0.052	0.058	1.937	-2031.959
21	6	291	209	0.6672	0.187	0.317	0.021	0.011	0.025	0.093	0.451	0.050	0.119	0.177	6.316	0.632	0.120	0.031	1.000	-2352.343
21	6	364	264	0.6252	0.160	0.461	0.018	0.012	0.012	0.042	0.423	0.107	0.101	0.204	6.557	0.537	0.279	0.056	23.234	-3005.313
21	6	407	257	0.4662	0.034	0.137	0.020	0.002	0.008	0.029	0.253	0.118	0.087	0.099	3.448	0.842	0.031	0.075	2.933	-2850.160
21	6	485	237	0.4605	0.059	0.103	0.004	0.008	0.002	0.036	0.200	0.070	0.060	0.042	3.003	0.726	0.032	0.022	1.410	-3082.093
21	6	946	523	0.5920	0.143	0.218	0.035	0.012	0.021	0.061	0.356	0.108	0.098	0.091	5.381	0.888	0.059	0.061	3.506	-7271.276
21	6	173	169	0.4766	0.272	3.976	0.012	0.000	0.018	0.049	0.572	0.501	0.325	0.284	3.142	0.174	0.464	0.118	37.426	-2081.042
21	6	254	123	0.4035	0.023	0.065	0.022	0.000	0.004	0.000	0.128	0.050	0.017	0.077	1.541	0.646	0.027	0.000	1.000	-1417.307
21	6	274	171	0.5397	0.077	0.292	0.011	0.009	0.006	0.049	0.190	0.065	0.079	0.036	4.493	0.805	0.000	0.023	2.805	-1857.645
21	6	282	205	0.5390	0.161	0.501	0.040	0.006	0.023	0.089	0.350	0.099	0.146	0.108	4.267	0.826	0.035	0.053	10.320	-2308.199
21	6	311	219	0.4133	0.083	0.211	0.016	0.000	0.000	0.049	0.492	0.136	0.067	0.104	3.314	0.783	0.022	0.090	1.907	-2388.102
21	6	232	179	0.5143	0.178	0.251	0.032	0.000	0.004	0.057	0.391	0.129	0.065	0.134	2.481	0.691	0.073	0.049	4.403	-1823.771
21	6	428	246	0.4568	0.090	0.058	0.011	0.000	0.002	0.033	0.498	0.055	0.193	0.110	3.552	0.985	0.015	0.039	1.000	-2933.498
21	6	399	287	0.4096	0.120	0.314	0.018	0.010	0.011	0.032	0.563	0.164	0.162	0.126	3.084	0.668	0.176	0.110	7.596	-3429.393
21	6	1133	448	0.5331	0.080	0.068	0.015	0.003	0.000	0.026	0.282	0.065	0.077	0.048	2.590	0.964	0.036	0.052	1.000	-7345.893
21	6	612	259	0.4179	0.048	0.113	0.020	0.000	0.000	0.028	0.455	0.090	0.073	0.036	3.377	0.941	0.013	0.015	8.046	-3852.066
21	6	422	201	0.4575	0.057	0.068	0.020	0.000	0.000	0.000	0.158	0.069	0.220	0.053	4.415	0.714	0.018	0.015	1.000	-2618.690
21	6	347	168	0.5080	0.023	0.239	0.015	0.000	0.006	0.009	0.156	0.057	0.063	0.058	3.110	0.902	0.026	0.005	8.217	-2130.271
21	6	433	279	0.5758	0.126	0.328	0.018	0.005	0.002	0.057	0.307	0.069	0.089	0.116	4.546	0.838	0.077	0.056	6.541	-3225.197
21	6	520	308	0.5833	0.082	0.428	0.031	0.002	0.008	0.053	0.433	0.095	0.125	0.101	3.221	0.809	0.100	0.049	7.239	-4037.532
21	6	291	177	0.6369	0.081	0.301	0.011	0.026	0.016	0.077	0.422	0.079	0.105	0.048	5.114	0.842	0.042	0.014	1.731	-2097.146
21	6	197	164	0.6221	0.156	0.537	0.025	0.016	0.026	0.083	0.444	0.143	0.166	0.094	3.174	0.558	0.261	0.079	4.772	-1850.705
21	6	313	222	0.6526	0.253	0.413	0.036	0.017	0.017	0.084	0.454	0.117	0.087	0.266	4.490	0.834	0.074	0.029	9.003	-2534.169
21	6	370	241	0.4526	0.124	0.223	0.016	0.006	0.000	0.044	0.336	0.155	0.068	0.121	2.416	0.913	0.000	0.103	10.025	-2866.132
21	6	257	215	0.5724	0.285	0.591	0.035	0.000	0.004	0.050	0.469	0.067	0.141	0.268	3.204	0.601	0.288	0.088	5.127	-2420.768
21	6	377	226	0.4649	0.063	0.054	0.023	0.006	0.008	0.024	0.230	0.166	0.049	0.076	2.230	0.689	0.020	0.069	1.000	-2568.305
21	6	308	232	0.3920	0.165	0.183	0.040	0.010	0.009	0.055	0.550	0.167	0.102	0.150	2.735	0.456	0.100	0.113	1.492	-2697.849
21	6	788	531	0.4876	0.435	0.231	0.048	0.009	0.014	0.087	0.436	0.076	0.088	0.394	3.790	0.780	0.149	0.129	1.000	-7175.983
21	6	377	267	0.5328	0.144	0.239	0.018	0.001	0.010	0.101	0.542	0.081	0.120	0.121	3.764	0.744	0.101	0.070	1.000	-3135.295
21	6	253	188	0.5047	0.214	0.117	0.036	0.000	0.016	0.057	0.376	0.113	0.075	0.132	3.438	0.933	0.067	0.036	1.000	-1859.494
21	6	482	392	0.5740	0.280	0.560	0.064	0.016	0.006	0.097	0.811	0.140	0.162	0.234	3.582	0.596	0.269	0.084	5.653	-4855.771
21	6	803	383	0.4225	0.037	0.099	0.017	0.008	0.004	0.030	0.282	0.095	0.162	0.058	3.567	0.907	0.051	0.045	5.192	-5528.049
21	6	1144	450	0.4599	0.102	0.102	0.012	0.003	0.003	0.021	0.241	0.095	0.093	0.020	3.181	0.910	0.063	0.033	4.162	-7514.820
21	6	317	207	0.4080	0.085	0.085	0.023	0.004	0.003	0.027	0.422	0.111	0.095	0.084	3.511	0.627	0.070	0.091	1.119	-2313.062
21	6	350	217	0.5284	0.148	0.190	0.023	0.015	0.008	0.045	0.239	0.097	0.087	0.180	2.595	0.966	0.034	0.016	1.000	-2443.618
21	6	380	260	0.6028	0.220	0.439	0.068	0.011	0.000	0.040	0.555	0.104	0.220	0.131	3.586	0.782	0.107	0.037	2.204	-3235.528
21	6	140	132	0.4706	0.140	1.485	0.041	0.028	0.023	0.042	0.571	0.256	0.150	0.142	3.190	0.398	0.129	0.260	9.107	-1524.002
21	6	144	139	0.4803	0.147	1.981	0.041	0.022	0.014	0.095	0.748	0.218	0.042	0.186	3.940	0.402	0.296	0.089	8.503	-1539.111
21	6	1072	519	0.6181	0.171	0.206	0.031	0.004	0.006	0.034	0.327	0.054	0.088	0.131	4.098	0.917	0.028	0.049	5.775	-7727.740
21	6	728	483	0.4234	0.110	0.183	0.016	0.003	0.007	0.045	0.442	0.144	0.194	0.075	3.776	0.658	0.326	0.122	11.655	-5892.444
21	6	270	154	0.4816	0.077	0.139	0.015	0.004	0.004	0.013	0.273	0.067	0.012	0.054	1.293	0.907	0.000	0.064	8.414	-1747.104
21	6	360	182	0.4142	0.004	0.152	0.019	0.005	0.009	0.011	0.209	0.049	0.073	0.067	4.681	0.707	0.045	0.002	1.000	-2249.556
21	6	843	474	0.4311	0.106	0.220	0.020	0.003	0.005	0.044	0.351	0.147	0.109	0.104	4.439	0.825	0.107	0.102	5.683	-6597.734
21	6	413	199	0.6373	0.116	0.184	0.010	0.000	0.003	0.032	0.186	0.055	0.035	0.070	4.674	0.942	0.014	0.023	5.317	-2528.965
21	6	454	266	0.5951	0.151	1.556	0.017	0.004	0.005	0.025	0.215	0.075	0.080	0.120	3.646	0.861	0.053	0.022	57.550	-3222.048
21	6	411	329	0.4219	0.202	0.287	0.024	0.007	0.013	0.067	0.595	0.161	0.137	0.233	2.960	0.706	0.238	0.199	12.935	-3807.661
21	6	1514	506	0.6439	0.069	0.104	0.017	0.008	0.008	0.034	0.263	0.081	0.051	0.069	3.492	0.818	0.161	0.000	15.098	-9610.771
21	6	709	428	0.5321	0.172	0.163	0.038	0.007	0.012	0.044	0.321	0.077	0.141	0.165	3.421	0.797	0.149	0.090	3.565	-5726.155
21	6	783	458	0.4977	0.134	0.253	0.034	0.005	0.012	0.035	0.382	0.110	0.104	0.172	2.808	0.825	0.104	0.062	5.220	-6308.827
21	6	297	269	0.4482	0.234	1.225	0.051	0.017	0.025	0.097	0.502	0.091	0.288	0.219	2.988	0.501	0.279	0.276	16.675	-3208.594
21	6	545	197	0.5598	0.048	0.044	0.008	0.008	0.010	0.016	0.176	0.020	0.049	0.027	3.354	0.977	0.017	0.027	1.000	-3028.631
21	6	183	130	0.5592	0.107	0.394	0.030	0.017	0.018	0.023	0.159	0.051	0.011	0.143	5.343	0.664	0.101	0.023	1.911	-1305.753
21	6	1075	557	0.4618	0.148	0.231	0.020	0.006	0.006	0.036	0.262	0.090	0.110	0.095	3.258	0.901	0.056	0.068	10.897	-7959.447
21	6	585	411	0.5123	0.212	0.405	0.043	0.011	0.002	0.056	0.399	0.166	0.115	0.216	2.955	0.707	0.225	0.092	8.779	-5304.155
21	6	219	168	0.6807	0.241	0.475	0.024	0.014	0.025	0.042	0.522	0.103	0.085	0.193	4.957	0.610	0.110	0.069	4.243	-1896.142
21	6	640	356	0.5256	0.188	0.340	0.027	0.003	0.008	0.027	0.264	0.123	0.081	0.115	3.202	0.863	0.065	0.034	5.969	-4781.933
21	6	450	283	0.5518	0.130	0.317	0.026	0.013	0.009	0.039	0.319	0.033	0.156	0.093	6.206	0.855	0.055	0.046	9.204	-3336.629
21	6	151	138	0.5834	0.152	0.883	0.040	0.000	0.020	0.095	0.563	0.080	0.217	0.147	5.836	0.585	0.082	0.194	18.386	-1430.475
21	6	416	259	0.5841	0.187	0.738	0.005	0.014	0.013	0.104	0.288	0.104	0.060	0.229	5.663	0.888	0.045	0.022	2.066	-3161.438
21	6	635	336	0.4886	0.083	0.157	0.026	0.008	0.012	0.042	0.232	0.068	0.097	0.084	3.990	0.884	0.040	0.040	3.172	-4412.656
21	6	1238	441	0.5336	0.065	0.092	0.017	0.006	0.005	0.025	0.228	0.059	0.078	0.100	2.904	0.918	0.020	0.005	1.077	-7677.639
21	6	316	204	0.4445	0.083	0.211	0.011	0.000	0.003	0.033	0.308	0.081	0.105	0.100	2.334	0.733	0.108	0.051	4.182	-2345.621
21	6	2047	1120	0.5145	0.172	0.223	0.060	0.010	0.010	0.077	0.478	0.126	0.113	0.213	2.895	0.895	0.105	0.077	1.000	-17516.361
21	6	147	114	0.5729	0.078	0.117	0.032	0.007	0.007	0.031	0.398	0.034	0.008	0.144	2.377	0.301	0.056	0.061	1.576	-1079.322
21	6	654	383	0.4637	0.113	0.233	0.039	0.009	0.004	0.018	0.373	0.095	0.128	0.113	2.525	0.744	0.098	0.035	3.297	-5102.543
21	6	291	256	0.4663	0.211	0.824	0.022	0.003	0.011	0.106	0.502	0.197	0.107	0.270	3.662	0.508	0.337	0.146	8.138	-2949.272
21	6	456	249	0.4525	0.049	0.184	0.028	0.009	0.007	0.031	0.245	0.127	0.052	0.077	2.956	0.799	0.113	0.009	4.605	-3203.605
21	6	907	436	0.6151	0.230	0.181	0.040	0.002	0.008	0.087	0.267	0.070	0.135	0.257	5.412	0.923	0.036	0.027	3.447	-6363.805
21	6	299	271	0.4656	0.176	0.795	0.035	0.006	0.032	0.085	0.672	0.160	0.187	0.196	4.048	0.525	0.280	0.307	9.986	-3092.974
21	6	276	188	0.6057	0.139	0.343	0.032	0.035	0.022	0.128	0.362	0.114	0.106	0.141	3.232	0.818	0.122	0.087	7.188	-2321.096
21	6	834	421	0.6285	0.102	0.228	0.033	0.014	0.012	0.046	0.387	0.094	0.093	0.109	4.740	0.924	0.049	0.022	5.341	-5927.126
21	6	448	327	0.4725	0.206	0.182	0.050	0.003	0.017	0.024	0.486	0.128	0.197	0.172	2.982	0.655	0.116	0.119	2.454	-3979.912
21	6	299	208	0.4863	0.083	0.466	0.053	0.003	0.003	0.048	0.312	0.106	0.055	0.155	4.512	0.809	0.061	0.041	6.937	-2255.102
21	6	759	327	0.4584	0.015	0.093	0.011	0.006	0.008	0.028	0.337	0.150	0.069	0.090	4.108	0.944	0.026	0.025	4.046	-5027.969
21	6	547	292	0.3961	0.038	0.255	0.025	0.002	0.002	0.023	0.238	0.212	0.037	0.121	3.120	0.862	0.076	0.087	3.425	-3720.415
21	6	1534	849	0.4919	0.218	0.285	0.029	0.009	0.010	0.032	0.412	0.121	0.142	0.200	3.389	0.891	0.084	0.086	6.736	-12714.296
21	6	156	126	0.5658	0.187	0.560	0.009	0.000	0.000	0.026	0.268	0.132	0.019	0.218	2.396	0.739	0.022	0.062	6.589	-1231.077
21	6	443	276	0.3946	0.181	0.246	0.025	0.002	0.002	0.046	0.382	0.052	0.075	0.210	3.061	0.787	0.079	0.133	3.923	-3473.519
21	6	245	138	0.5825	0.096	0.138	0.044	0.004	0.000	0.029	0.154	0.074	0.043	0.040	3.709	0.883	0.000	0.041	3.296	-1555.352
21	6	421	255	0.4289	0.104	0.175	0.008	0.005	0.002	0.026	0.180	0.106	0.099	0.092	4.148	0.782	0.093	0.075	3.680	-2991.263
21	6	382	243	0.6272	0.155	0.587	0.034	0.003	0.011	0.040	0.248	0.092	0.074	0.157	3.842	0.795	0.112	0.055	16.456	-2906.592
21	6	277	228	0.6877	0.288	0.344	0.061	0.022	0.029	0.105	1.141	0.306	0.060	0.263	3.260	0.576	0.274	0.093	1.259	-2808.847
21	6	458	172	0.5037	0.014	0.082	0.005	0.000	0.000	0.010	0.136	0.047	0.025	0.042	2.109	0.916	0.021	0.038	6.943	-2557.279
21	6	901	534	0.3972	0.080	0.172	0.016	0.017	0.011	0.039	0.515	0.105	0.079	0.129	3.689	0.713	0.210	0.075	4.331	-7053.364
21	6	524	301	0.5289	0.135	0.212	0.038	0.006	0.008	0.042	0.405	0.086	0.118	0.121	3.680	0.868	0.056	0.031	6.663	-3869.696
21	6	158	140	0.6353	0.377	0.560	0.033	0.026	0.013	0.075	0.633	0.125	0.067	0.342	4.710	0.652	0.051	0.131	3.027	-1450.425
21	6	1117	617	0.4226	0.097	0.148	0.026	0.005	0.008	0.039	0.418	0.175	0.178	0.081	3.633	0.737	0.230	0.074	9.232	-8995.920
21	6	540	288	0.6023	0.025	0.171	0.017	0.005	0.004	0.039	0.283	0.077	0.095	0.076	4.158	0.932	0.025	0.050	3.136	-3648.580
21	6	353	196	0.5035	0.112	0.107	0.027	0.006	0.005	0.043	0.279	0.068	0.096	0.054	2.041	0.816	0.059	0.038	8.124	-2465.991
21	6	314	203	0.6213	0.108	0.306	0.039	0.013	0.004	0.066	0.309	0.061	0.096	0.155	5.152	0.809	0.056	0.057	7.576	-2366.051
21	6	709	349	0.4787	0.087	0.087	0.005	0.002	0.007	0.038	0.183	0.110	0.061	0.099	3.370	0.944	0.036	0.032	1.000	-4603.771
21	6	368	175	0.5559	0.090	0.073	0.009	0.008	0.005	0.019	0.165	0.044	0.050	0.081	8.474	0.875	0.073	0.006	12.467	-2217.717
21	6	466	365	0.4662	0.166	0.347	0.049	0.013	0.009	0.043	0.631	0.168	0.190	0.178	3.235	0.717	0.172	0.127	8.926	-4382.616
21	6	545	314	0.6928	0.156	0.185	0.022	0.006	0.017	0.115	0.498	0.048	0.165	0.151	6.627	0.870	0.046	0.029	1.081	-4049.092
21	6	344	241	0.6092	0.203	0.332	0.036	0.014	0.003	0.062	0.324	0.040	0.120	0.180	4.832	0.790	0.099	0.056	5.204	-2678.514
21	6	809	570	0.6042	0.240	0.389	0.058	0.022	0.008	0.079	0.696	0.165	0.141	0.296	4.891	0.720	0.216	0.061	5.181	-7089.235
21	6	560	325	0.5840	0.117	1.315	0.026	0.004	0.007	0.052	0.273	0.074	0.066	0.130	4.110	0.862	0.077	0.024	43.510	-4148.465
21	6	441	242	0.4721	0.014	0.174	0.014	0.003	0.012	0.052	0.210	0.032	0.090	0.091	3.133	0.866	0.026	0.017	3.447	-2888.797
21	6	889	361	0.5827	0.127	0.144	0.020	0.007	0.003	0.024	0.189	0.082	0.062	0.051	3.465	0.940	0.036	0.009	8.005	-5654.588
21	6	283	198	0.5840	0.098	0.409	0.058	0.003	0.015	0.089	0.331	0.073	0.080	0.108	5.712	0.627	0.185	0.037	3.673	-2315.530
21	6	321	187	0.4306	0.088	0.189	0.034	0.003	0.003	0.015	0.233	0.049	0.119	0.076	2.397	0.812	0.008	0.038	1.870	-2198.906
21	6	1141	533	0.4596	0.097	0.136	0.030	0.004	0.007	0.024	0.312	0.075	0.097	0.137	2.702	0.940	0.049	0.052	1.000	-8216.676
21	6	253	141	0.7220	0.052	0.285	0.000	0.000	0.009	0.119	0.258	0.010	0.096	0.097	8.805	0.801	0.054	0.038	1.817	-1664.409
21	6	778	379	0.4733	0.038	0.153	0.016	0.004	0.007	0.037	0.263	0.125	0.082	0.046	2.330	0.724	0.023	0.080	1.197	-5498.645
21	6	920	417	0.5495	0.100	0.064	0.016	0.007	0.005	0.038	0.280	0.069	0.092	0.080	3.456	0.878	0.018	0.033	1.367	-6090.959
21	6	334	224	0.5559	0.175	0.298	0.016	0.000	0.003	0.031	0.335	0.034	0.069	0.214	2.187	0.774	0.056	0.040	1.631	-2524.111
21	6	295	210	0.5090	0.099	0.394	0.031	0.000	0.014	0.033	0.247	0.152	0.158	0.128	2.909	0.832	0.056	0.045	8.993	-2331.855
21	6	521	335	0.4666	0.126	0.364	0.010	0.017	0.000	0.061	0.451	0.108	0.119	0.136	3.176	0.825	0.080	0.084	7.434	-4288.157
21	6	398	174	0.6619	0.053	0.178	0.015	0.003	0.003	0.022	0.185	0.046	0.045	0.057	5.373	0.936	0.022	0.018	6.522	-2350.060
21	6	478	333	0.4515	0.188	1.150	0.037	0.021	0.005	0.029	0.424	0.133	0.093	0.163	2.588	0.805	0.108	0.086	34.062	-4138.567
21	6	231	131	0.5411	0.026	0.229	0.020	0.004	0.000	0.011	0.155	0.060	0.056	0.020	4.419	0.815	0.040	0.015	3.391	-1404.785
21	6	311	240	0.4702	0.139	0.370	0.060	0.016	0.003	0.043	0.410	0.123	0.090	0.161	2.779	0.705	0.181	0.113	8.611	-2708.910
21	6	373	303	0.4039	0.287	0.619	0.020	0.005	0.009	0.017	0.759	0.070	0.166	0.255	3.051	0.553	0.269	0.066	14.913	-3489.964
21	6	210	150	0.4830	0.052	0.500	0.016	0.005	0.000	0.019	0.266	0.055	0.060	0.033	5.488	0.671	0.130	0.000	12.492	-1447.695
21	6	141	123	0.5780	0.199	0.767	0.034	0.008	0.000	0.205	0.593	0.046	0.120	0.220	1.568	0.540	0.066	0.107	4.025	-1375.967
21	6	189	136	0.5264	0.154	0.240	0.021	0.000	0.000	0.044	0.301	0.035	0.056	0.204	4.006	0.679	0.077	0.057	1.112	-1360.282
21	6	419	240	0.5739	0.172	0.135	0.042	0.010	0.007	0.027	0.384	0.077	0.082	0.125	4.236	0.922	0.078	0.040	1.000	-3045.733
21	6	228	195	0.6326	0.195	0.995	0.054	0.000	0.005	0.050	0.492	0.109	0.120	0.141	3.947	0.441	0.244	0.093	10.747	-2153.299
21	6	230	155	0.4833	0.133	0.043	0.033	0.009	0.000	0.012	0.313	0.158	0.112	0.078	3.845	0.923	0.032	0.138	31.814	-1662.538
21	6	652	364	0.6239	0.183	0.115	0.024	0.008	0.011	0.035	0.418	0.133	0.114	0.150	5.023	0.857	0.037	0.040	2.264	-4873.327
21	6	358	238	0.6226	0.027	0.204	0.044	0.003	0.008	0.044	0.375	0.074	0.051	0.238	4.528	0.573	0.000	0.103	1.000	-2661.139
21	6	373	323	0.4834	0.203	1.029	0.047	0.013	0.018	0.052	0.645	0.115	0.192	0.201	2.932	0.537	0.291	0.108	10.375	-3842.830
21	6	879	466	0.5234	0.120	0.223	0.025	0.005	0.014	0.062	0.360	0.090	0.151	0.063	3.828	0.891	0.082	0.059	8.245	-6732.934
21	6	391	185	0.6417	0.035	0.142	0.022	0.003	0.003	0.028	0.173	0.031	0.079	0.076	3.278	0.831	0.000	0.030	1.000	-2364.678
21	6	429	259	0.5621	0.174	0.126	0.009	0.005	0.005	0.026	0.228	0.128	0.130	0.261	3.799	0.872	0.022	0.012	4.899	-2996.582
21	6	206	116	0.5645	0.031	0.252	0.000	0.000	0.000	0.051	0.166	0.057	0.021	0.078	6.460	0.820	0.054	0.029	3.465	-1260.733
21	6	338	246	0.5795	0.254	1.286	0.054	0.026	0.025	0.068	0.633	0.065	0.114	0.277	4.825	0.708	0.113	0.046	3.636	-3005.164
21	6	362	129	0.4932	0.003	0.035	0.009	0.003	0.003	0.009	0.046	0.013	0.041	0.045	2.891	0.606	0.027	0.000	1.000	-1850.245
21	6	844	427	0.4628	0.092	0.177	0.023	0.002	0.001	0.042	0.336	0.077	0.076	0.064	3.544	0.551	0.360	0.000	10.050	-5995.887
21	6	225	151	0.4580	0.101	0.226	0.026	0.014	0.000	0.021	0.263	0.071	0.159	0.097	3.643	0.640	0.191	0.038	11.937	-1710.292
21	6	291	208	0.5752	0.197	0.381	0.033	0.020	0.012	0.030	0.394	0.106	0.067	0.150	3.002	0.785	0.107	0.076	7.847	-2420.982
21	6	239	149	0.4540	0.001	0.361	0.022	0.000	0.004	0.000	0.236	0.059	0.083	0.035	4.376	0.755	0.084	0.000	5.094	-1566.121
21	6	618	347	0.4850	0.089	0.259	0.034	0.017	0.006	0.024	0.295	0.119	0.173	0.124	3.096	0.907	0.038	0.031	10.258	-4575.627
21	6	251	166	0.5145	0.087	0.141	0.042	0.000	0.017	0.027	0.199	0.068	0.123	0.059	3.517	0.684	0.072	0.023	2.721	-1738.122
21	6	375	218	0.4832	0.103	0.229	0.020	0.006	0.004	0.034	0.205	0.074	0.087	0.082	2.108	0.860	0.018	0.023	3.483	-2529.114
21	6	269	167	0.5330	0.140	0.073	0.021	0.012	0.004	0.030	0.266	0.085	0.098	0.106	3.082	0.967	0.033	0.048	1.000	-1853.590
21	6	1098	455	0.4440	0.036	9.521	0.010	0.006	0.006	0.033	0.150	0.066	0.062	0.135	2.855	0.896	0.056	0.026	999.000	-7298.395
21	6	219	161	0.4406	0.116	0.197	0.005	0.023	0.000	0.047	0.301	0.098	0.104	0.098	2.187	0.744	0.082	0.031	4.689	-1609.132
21	6	555	307	0.5143	0.101	0.161	0.020	0.011	0.007	0.030	0.243	0.144	0.081	0.084	3.345	0.868	0.033	0.061	3.817	-4009.449
21	6	329	239	0.5095	0.150	0.368	0.024	0.006	0.020	0.087	0.446	0.184	0.114	0.192	3.040	0.678	0.144	0.054	5.470	-2852.342
21	6	503	266	0.6190	0.118	0.193	0.037	0.005	0.005	0.017	0.433	0.050	0.060	0.028	2.871	0.894	0.036	0.021	2.015	-3362.820
21	6	140	132	0.6098	0.396	50.000	0.120	0.000	0.015	0.147	0.782	0.247	0.189	0.401	4.275	0.442	0.168	0.144	236.850	-1598.421
21	6	202	123	0.4989	0.035	0.179	0.008	0.000	0.005	0.008	0.143	0.054	0.080	0.041	2.920	0.753	0.068	0.000	3.536	-1264.151
21	6	294	220	0.5681	0.114	0.199	0.073	0.000	0.007	0.033	0.444	0.080	0.101	0.118	2.252	0.698	0.025	0.078	1.000	-2334.189
21	6	220	183	0.4598	0.129	0.286	0.040	0.005	0.014	0.083	0.529	0.171	0.096	0.153	2.007	0.694	0.184	0.101	1.225	-2005.671
21	6	296	143	0.5161	0.000	0.123	0.014	0.007	0.007	0.007	0.186	0.017	0.040	0.054	2.182	0.702	0.000	0.025	2.304	-1715.129
21	6	762	427	0.4519	0.094	0.160	0.013	0.008	0.009	0.024	0.426	0.171	0.126	0.112	3.911	0.876	0.111	0.101	17.958	-5977.235
21	6	877	534	0.5634	0.162	0.218	0.039	0.011	0.008	0.048	0.320	0.125	0.132	0.160	3.170	0.856	0.068	0.086	4.824	-7117.813
21	6	499	312	0.6011	0.097	0.305	0.029	0.009	0.000	0.026	0.406	0.096	0.080	0.042	3.566	0.916	0.042	0.038	5.916	-3590.811
21	6	367	217	0.4535	0.073	0.321	0.011	0.000	0.009	0.039	0.281	0.081	0.073	0.023	4.332	0.769	0.051	0.053	3.638	-2608.508
21	6	325	266	0.4132	0.150	0.378	0.026	0.010	0.006	0.057	0.520	0.189	0.217	0.111	4.288	0.686	0.103	0.093	3.863	-2863.902
21	6	639	307	0.5353	0.133	0.205	0.008	0.016	0.006	0.017	0.199	0.093	0.098	0.203	4.289	0.916	0.019	0.004	3.125	-4271.276
21	6	362	213	0.4750	0.120	0.286	0.023	0.006	0.003	0.079	0.262	0.106	0.107	0.075	2.543	0.887	0.061	0.027	6.618	-2654.395
21	6	375	221	0.4486	0.074	0.644	0.016	0.003	0.000	0.015	0.225	0.038	0.067	0.041	2.649	0.861	0.047	0.025	11.504	-2598.381
21	6	437	288	0.4458	0.170	0.246	0.028	0.010	0.005	0.062	0.403	0.038	0.127	0.172	2.915	0.838	0.071	0.066	5.887	-3471.747
21	6	249	145	0.4056	0.102	0.166	0.016	0.011	0.005	0.036	0.197	0.077	0.040	0.027	3.834	0.876	0.059	0.021	14.423	-1591.776
21	6	314	221	0.6325	0.104	0.771	0.066	0.017	0.012	0.086	0.490	0.073	0.164	0.087	9.050	0.862	0.020	0.072	7.636	-2569.037
21	6	412	310	0.4985	0.106	0.426	0.030	0.005	0.010	0.023	0.371	0.095	0.148	0.131	2.969	0.776	0.092	0.122	5.245	-3488.014
21	6	437	170	0.6262	0.040	0.149	0.016	0.000	0.000	0.021	0.144	0.026	0.041	0.021	3.852	0.866	0.042	0.011	2.226	-2464.086
21	6	274	222	0.4499	0.293	0.808	0.018	0.004	0.000	0.019	0.370	0.125	0.100	0.327	2.904	0.804	0.041	0.099	10.438	-2381.562
21	6	155	139	0.5928	0.086	1.262	0.018	0.007	0.000	0.117	0.517	0.023	0.260	0.109	3.069	0.532	0.125	0.146	6.099	-1525.800
21	6	486	302	0.5205	0.198	0.199	0.015	0.002	0.004	0.058	0.372	0.058	0.123	0.156	3.653	0.874	0.015	0.031	3.835	-3568.706
21	6	574	414	0.4963	0.224	0.331	0.023	0.013	0.010	0.039	0.509	0.110	0.262	0.157	3.283	0.723	0.105	0.056	1.649	-5033.420
21	6	1322	691	0.4170	0.122	0.164	0.026	0.006	0.008	0.048	0.366	0.123	0.145	0.170	3.221	0.773	0.180	0.075	3.440	-10724.073
21	6	216	178	0.5592	0.101	0.505	0.033	0.008	0.015	0.089	0.381	0.114	0.144	0.138	4.002	0.755	0.070	0.106	3.877	-1894.313
21	6	777	349	0.4461	0.056	0.093	0.006	0.004	0.014	0.022	0.197	0.091	0.072	0.074	3.346	0.872	0.067	0.044	2.246	-5058.049
21	6	568	342	0.5791	0.123	0.197	0.017	0.000	0.013	0.032	0.327	0.069	0.055	0.191	4.235	0.826	0.047	0.109	4.725	-4251.045
21	6	845	411	0.4824	0.054	0.182	0.018	0.006	0.005	0.037	0.330	0.077	0.094	0.105	2.741	0.914	0.042	0.040	5.240	-5958.039
21	6	443	214	0.5184	0.064	0.100	0.018	0.004	0.008	0.029	0.229	0.064	0.065	0.092	2.264	0.823	0.076	0.027	2.208	-2883.146
21	6	577	254	0.4478	0.044	0.065	0.021	0.007	0.000	0.017	0.253	0.074	0.076	0.104	3.900	0.932	0.036	0.041	10.449	-3708.417
21	6	783	455	0.4519	0.068	0.252	0.013	0.011	0.006	0.055	0.367	0.161	0.116	0.147	3.294	0.840	0.112	0.081	5.907	-6267.341
21	6	430	219	0.5956	0.233	0.022	0.039	0.003	0.010	0.037	0.445	0.081	0.085	0.183	4.118	0.642	0.056	0.031	1.128	-3052.864
21	6	323	238	0.5793	0.473	0.206	0.032	0.009	0.024	0.047	0.835	0.233	0.159	0.525	5.917	0.735	0.179	0.050	6.126	-2953.405
21	6	483	207	0.3837	0.021	0.087	0.013	0.000	0.002	0.011	0.243	0.064	0.071	0.034	4.290	0.728	0.000	0.039	1.782	-2903.772
21	6	324	240	0.4804	0.160	0.368	0.004	0.000	0.045	0.078	0.401	0.129	0.053	0.189	2.757	0.647	0.112	0.043	1.394	-2642.513
21	6	306	212	0.5862	0.160	0.362	0.021	0.007	0.003	0.026	0.259	0.189	0.085	0.080	3.278	0.743	0.148	0.057	2.708	-2416.792
21	6	157	124	0.5202	0.069	0.266	0.045	0.000	0.013	0.076	0.357	0.076	0.058	0.028	3.704	0.615	0.026	0.142	1.879	-1208.259
21	6	208	137	0.5656	0.059	0.347	0.017	0.015	0.010	0.024	0.157	0.029	0.078	0.060	1.919	0.869	0.032	0.028	6.319	-1387.991
21	6	257	155	0.6172	0.074	0.085	0.045	0.004	0.012	0.011	0.370	0.085	0.038	0.112	2.533	0.964	0.036	0.056	1.000	-1763.468
21	6	695	442	0.5665	0.107	0.213	0.029	0.014	0.008	0.037	0.307	0.129	0.147	0.146	3.778	0.816	0.062	0.105	1.895	-5570.771
21	6	736	285	0.4248	0.015	0.113	0.014	0.003	0.016	0.019	0.159	0.045	0.053	0.064	3.269	0.914	0.062	0.059	9.614	-4554.127
21	6	511	294	0.5813	0.142	0.071	0.023	0.014	0.006	0.018	0.239	0.073	0.111	0.086	3.730	0.819	0.170	0.071	11.339	-3650.653
21	6	372	104	0.6643	0.037	0.040	0.014	0.003	0.000	0.000	0.053	0.017	0.005	0.000	12.348	0.784	0.000	0.007	1.000	-1672.147
21	6	495	213	0.5843	0.084	0.098	0.048	0.004	0.005	0.020	0.267	0.057	0.015	0.101	4.435	0.993	0.007	0.010	1.000	-2917.399
21	6	444	270	0.5874	0.082	0.529	0.030	0.023	0.004	0.047	0.451	0.049	0.074	0.056	4.007	0.904	0.032	0.029	9.305	-3176.261
21	6	576	362	0.4163	0.106	0.505	0.003	0.043	0.074	0.044	0.356	0.207	0.032	0.112	2.902	0.531	0.347	0.096	9.106	-4641.435
21	6	320	207	0.5564	0.022	4.427	0.050	0.006	0.003	0.048	0.210	0.096	0.116	0.042	2.141	0.820	0.037	0.018	78.967	-2386.389
21	6	142	112	0.5325	2.311	0.000	0.000	0.015	0.006	0.090	0.893	0.075	0.052	2.309	4.503	0.267	0.024	0.036	5.443	-1173.787
21	6	273	162	0.6108	0.025	0.074	0.031	0.018	0.004	0.018	0.377	0.014	0.075	0.030	4.528	0.809	0.013	0.159	4.528	-1753.968
21	6	324	229	0.4773	0.081	0.366	0.043	0.000	0.017	0.006	0.238	0.078	0.060	0.143	2.346	0.722	0.157	0.030	5.636	-2462.234
21	6	638	298	0.4396	0.043	0.138	0.019	0.003	0.007	0.027	0.370	0.111	0.089	0.042	2.148	0.928	0.022	0.030	6.102	-4243.247
21	6	629	273	0.4853	0.081	0.095	0.016	0.000	0.003	0.015	0.181	0.051	0.073	0.047	2.906	0.855	0.070	0.015	1.676	-3946.524
21	6	333	224	0.5818	0.120	0.334	0.014	0.011	0.005	0.030	0.367	0.145	0.128	0.111	3.101	0.780	0.100	0.048	3.730	-2590.893
21	6	516	290	0.4596	0.103	0.201	0.012	0.019	0.013	0.031	0.272	0.087	0.075	0.060	3.424	0.744	0.194	0.094	6.404	-3811.530
21	6	684	289	0.4408	0.050	0.074	0.012	0.004	0.003	0.028	0.215	0.116	0.083	0.050	3.174	0.898	0.044	0.021	3.392	-4378.476
21	6	375	313	0.4788	0.137	2.038	0.044	0.021	0.015	0.058	0.575	0.151	0.189	0.187	3.497	0.490	0.352	0.156	82.656	-3692.646
21	6	311	220	0.5026	0.081	0.396	0.056	0.006	0.013	0.092	0.532	0.042	0.147	0.096	3.511	0.788	0.041	0.023	3.557	-2462.038
21	6	456	247	0.5538	0.094	0.199	0.038	0.004	0.003	0.042	0.269	0.119	0.083	0.129	7.353	0.851	0.086	0.038	4.035	-3184.320
21	6	378	260	0.6150	0.113	30.510	0.069	0.008	0.006	0.037	0.579	0.114	0.104	0.092	4.234	0.775	0.086	0.055	985.921	-3152.170
21	6	229	189	0.5848	0.155	0.592	0.008	0.000	0.000	0.052	0.536	0.092	0.196	0.069	4.967	0.731	0.095	0.078	2.647	-1900.946
21	6	321	217	0.4264	0.110	0.235	0.030	0.003	0.003	0.025	0.254	0.101	0.077	0.039	3.468	0.820	0.102	0.080	9.950	-2305.724
21	6	457	286	0.6232	0.123	0.390	0.045	0.000	0.010	0.055	0.327	0.036	0.065	0.134	4.639	0.864	0.056	0.014	2.667	-3304.529
21	6	384	264	0.5033	0.113	0.196	0.065	0.005	0.010	0.045	0.328	0.100	0.083	0.135	3.178	0.837	0.074	0.100	3.671	-3042.760
21	6	609	365	0.4588	0.114	0.295	0.023	0.002	0.003	0.018	0.125	0.399	0.022	0.091	2.978	0.815	0.134	0.071	9.134	-4324.056
21	6	330	224	0.4234	0.075	0.318	0.053	0.005	0.008	0.051	0.409	0.103	0.135	0.077	3.936	0.662	0.176	0.030	4.444	-2668.262
21	6	810	322	0.4201	0.052	0.120	0.014	0.002	0.007	0.017	0.203	0.059	0.130	0.027	3.210	0.955	0.011	0.046	7.594	-5078.030
21	6	193	125	0.3797	0.052	0.211	0.000	0.000	0.005	0.005	0.204	0.153	0.023	0.014	3.477	0.669	0.007	0.042	4.493	-1230.667
21	6	388	271	0.5301	0.118	0.266	0.036	0.008	0.018	0.037	0.331	0.112	0.112	0.138	4.342	0.773	0.116	0.137	6.422	-3185.168
21	6	531	282	0.4657	0.047	0.158	0.015	0.002	0.002	0.030	0.252	0.144	0.074	0.048	2.696	0.881	0.056	0.028	4.741	-3586.322
21	6	592	218	0.4749	0.010	0.068	0.010	0.006	0.004	0.029	0.195	0.046	0.050	0.045	3.103	0.950	0.019	0.004	6.157	-3472.512
21	6	367	231	0.5618	0.117	0.190	0.011	0.005	0.003	0.058	0.261	0.104	0.088	0.137	4.747	0.789	0.099	0.045	2.663	-2676.249
21	6	391	158	0.5546	0.003	0.107	0.020	0.003	0.005	0.015	0.138	0.020	0.037	0.038	4.168	0.676	0.052	0.000	1.252	-2223.851
21	6	691	302	0.4805	0.047	0.084	0.019	0.006	0.011	0.017	0.170	0.078	0.086	0.054	4.094	0.875	0.005	0.061	1.710	-4383.404
21	6	234	150	0.5848	0.109	0.075	0.005	0.000	0.018	0.044	0.376	0.138	0.000	0.140	3.634	0.841	0.038	0.030	1.435	-1572.753
21	6	253	152	0.4506	0.000	0.052	0.012	0.000	0.000	0.016	0.317	0.173	0.046	0.071	3.105	0.959	0.041	0.026	1.000	-1591.011
21	6	459	376	0.5955	0.253	1.482	0.088	0.002	0.005	0.103	0.677	0.148	0.180	0.220	3.655	0.569	0.330	0.123	17.152	-4748.281
21	6	1148	576	0.4573	0.066	0.167	0.028	0.008	0.006	0.032	0.430	0.143	0.089	0.086	3.748	0.878	0.048	0.099	4.096	-8713.689
21	6	383	317	0.5674	0.266	0.760	0.056	0.006	0.014	0.076	0.505	0.132	0.135	0.266	5.453	0.597	0.229	0.090	8.078	-3622.797
21	6	690	383	0.6044	0.083	0.300	0.027	0.013	0.010	0.042	0.353	0.091	0.094	0.166	4.941	0.851	0.084	0.035	3.472	-5192.352
21	6	546	278	0.4883	0.120	0.075	0.013	0.013	0.004	0.025	0.339	0.113	0.093	0.097	2.712	0.939	0.022	0.051	1.000	-3810.584
21	6	495	369	0.4394	0.188	0.203	0.044	0.013	0.006	0.103	0.717	0.173	0.165	0.197	3.262	0.756	0.190	0.095	1.000	-4567.551
21	6	122	87	0.5628	0.112	0.447	0.000	0.008	0.000	0.000	0.129	0.024	0.072	0.176	4.534	0.650	0.009	0.097	3.551	-804.373
21	6	329	261	0.5563	0.169	0.247	0.034	0.007	0.019	0.065	0.482	0.193	0.113	0.171	3.729	0.757	0.170	0.126	5.690	-2920.264
21	6	358	200	0.6101	0.058	0.238	0.008	0.000	0.006	0.045	0.196	0.067	0.043	0.126	4.059	0.812	0.019	0.024	1.911	-2386.758
21	6	611	394	0.4948	0.098	0.284	0.007	0.010	0.002	0.049	0.294	0.167	0.143	0.153	3.373	0.796	0.104	0.080	3.059	-4913.217
21	6	479	318	0.4546	0.120	0.260	0.030	0.002	0.007	0.033	0.949	0.060	0.273	0.135	2.956	0.782	0.151	0.049	3.437	-4093.699
21	6	430	230	0.6139	0.047	0.209	0.006	0.015	0.008	0.038	0.296	0.052	0.077	0.057	3.698	0.802	0.066	0.039	3.034	-2916.609
21	6	1029	415	0.4848	0.037	0.123	0.019	0.003	0.006	0.022	0.275	0.057	0.055	0.088	2.828	0.954	0.026	0.030	9.045	-6720.083
21	6	1927	741	0.4781	0.041	0.128	0.016	0.004	0.007	0.031	0.422	0.121	0.080	0.097	3.089	0.922	0.061	0.049	6.259	-13920.766
21	6	682	401	0.4875	0.139	0.337	0.043	0.010	0.011	0.068	0.244	0.062	0.104	0.082	3.294	0.892	0.052	0.073	9.057	-5282.439
21	6	600	343	0.6585	0.270	0.171	0.022	0.008	0.012	0.092	0.381	0.098	0.094	0.114	4.363	0.863	0.071	0.044	3.860	-4565.980
21	6	677	295	0.4722	0.062	0.101	0.019	0.000	0.005	0.020	0.280	0.056	0.047	0.069	3.165	0.947	0.017	0.015	5.915	-4198.540
21	6	696	312	0.4212	0.022	0.131	0.014	0.005	0.006	0.018	0.203	0.095	0.108	0.105	3.034	0.928	0.033	0.030	6.795	-4543.368
21	6	519	319	0.5065	0.109	0.391	0.043	0.008	0.006	0.036	0.391	0.095	0.097	0.083	2.948	0.906	0.034	0.030	7.047	-3946.157
21	6	925	541	0.5631	0.206	0.248	0.040	0.010	0.009	0.051	0.366	0.092	0.142	0.185	4.459	0.780	0.072	0.048	2.863	-7451.338
21	6	566	176	0.4444	0.057	0.027	0.012	0.000	0.002	0.006	0.082	0.044	0.034	0.001	3.077	0.372	0.000	0.044	1.000	-3029.266
21	6	768	314	0.5575	0.023	0.139	0.017	0.005	0.010	0.022	0.166	0.032	0.073	0.074	4.083	0.917	0.032	0.050	7.154	-4824.041
21	6	210	143	0.6225	0.053	0.588	0.013	0.015	0.005	0.039	0.520	0.008	0.096	0.074	3.484	0.798	0.061	0.043	2.156	-1567.903
21	6	457	322	0.6552	0.127	1.007	0.044	0.006	0.015	0.068	0.696	0.142	0.096	0.082	3.475	0.822	0.093	0.056	11.359	-4018.459
21	6	819	481	0.5058	0.145	0.169	0.037	0.007	0.003	0.044	0.405	0.064	0.112	0.104	3.588	0.807	0.174	0.074	12.980	-6386.249
21	6	502	316	0.4467	0.064	0.120	0.014	0.006	0.002	0.033	0.275	0.128	0.085	0.135	2.393	0.767	0.111	0.113	5.533	-3720.547
21	6	349	234	0.5511	0.079	0.300	0.042	0.006	0.006	0.020	0.363	0.086	0.070	0.093	4.363	0.774	0.069	0.113	6.831	-2659.797
21	6	288	220	0.5740	0.211	0.953	0.110	0.015	0.003	0.070	0.579	0.081	0.084	0.214	4.690	0.733	0.111	0.056	5.122	-2597.079
21	6	242	181	0.5494	0.041	0.647	0.072	0.017	0.000	0.022	0.326	0.074	0.155	0.095	5.376	0.711	0.100	0.040	5.789	-1964.213
21	6	1164	627	0.5120	0.075	0.157	0.025	0.005	0.014	0.041	0.361	0.127	0.107	0.123	2.920	0.867	0.107	0.067	8.361	-8845.616
21	6	400	245	0.4003	0.068	0.120	0.032	0.003	0.000	0.036	0.301	0.089	0.100	0.093	4.202	0.759	0.101	0.127	10.422	-2922.291
21	6	212	161	0.4389	0.083	0.396	0.011	0.025	0.005	0.068	0.424	0.154	0.070	0.119	2.905	0.712	0.156	0.057	3.608	-1757.521
21	6	386	178	0.4867	0.000	0.112	0.015	0.000	0.005	0.014	0.227	0.047	0.068	0.050	3.870	0.838	0.057	0.000	3.216	-2356.627
21	6	396	231	0.5980	0.141	0.083	0.012	0.000	0.003	0.052	0.278	0.151	0.148	0.190	3.448	0.930	0.030	0.066	1.000	-2904.795
21	6	377	248	0.5788	0.196	0.149	0.024	0.008	0.005	0.046	0.355	0.054	0.097	0.134	3.217	0.837	0.073	0.073	2.195	-2877.220
21	6	391	176	0.4064	0.063	0.094	0.007	0.000	0.005	0.022	0.173	0.060	0.057	0.088	3.541	0.820	0.042	0.013	1.000	-2365.902
21	6	334	214	0.4625	0.101	0.031	0.015	0.000	0.003	0.046	0.584	0.177	0.057	0.175	3.541	0.000	0.000	0.031	3.398	-2293.294
21	6	314	205	0.5635	0.013	0.240	0.015	0.010	0.004	0.033	0.319	0.103	0.094	0.095	3.066	0.739	0.039	0.076	1.665	-2294.259
21	6	237	215	0.4347	0.228	0.744	0.016	0.000	0.026	0.102	0.475	0.077	0.149	0.227	3.645	0.586	0.192	0.266	11.240	-2291.583
21	6	357	240	0.5188	0.115	0.466	0.029	0.009	0.011	0.037	0.462	0.104	0.143	0.096	3.096	0.758	0.170	0.033	9.089	-2920.455
21	6	449	328	0.5310	0.114	0.399	0.057	0.002	0.005	0.038	0.429	0.112	0.110	0.159	2.990	0.803	0.129	0.157	12.905	-3859.198
21	6	519	356	0.4066	0.129	0.303	0.017	0.006	0.008	0.039	0.515	0.143	0.145	0.111	3.854	0.667	0.213	0.114	8.904	-4453.379
21	6	443	189	0.6185	0.054	0.089	0.023	0.012	0.004	0.018	0.122	0.077	0.049	0.065	5.938	0.767	0.163	0.019	23.939	-2766.170
21	6	354	145	0.5746	0.018	0.101	0.000	0.005	0.003	0.015	0.067	0.018	0.015	0.018	2.312	0.891	0.061	0.000	6.451	-1868.021
21	6	455	331	0.4292	0.129	0.217	0.049	0.011	0.005	0.050	0.510	0.117	0.137	0.147	3.196	0.627	0.108	0.102	3.172	-3932.803
21	6	242	223	0.4285	0.141	1.512	0.044	0.013	0.009	0.033	0.889	0.141	0.167	0.136	3.503	0.239	0.432	0.067	17.965	-2529.929
21	6	851	473	0.4977	0.210	0.189	0.024	0.005	0.005	0.040	0.303	0.090	0.131	0.156	4.193	0.816	0.158	0.059	10.402	-6637.282
21	6	828	433	0.4608	0.105	0.163	0.025	0.006	0.005	0.054	0.239	0.077	0.084	0.154	2.710	0.810	0.081	0.053	1.000	-6117.116
21	6	422	261	0.5920	0.144	0.225	0.013	0.014	0.006	0.065	0.417	0.121	0.051	0.129	5.000	0.851	0.071	0.066	3.713	-3203.795
21	6	410	291	0.5353	0.137	0.259	0.018	0.005	0.002	0.059	0.315	0.192	0.093	0.099	3.395	0.697	0.170	0.117	3.581	-3448.622
21	6	308	258	0.5958	0.277	0.683	0.087	0.037	0.011	0.072	0.600	0.148	0.229	0.301	4.347	0.614	0.232	0.103	5.883	-3129.060
21	6	491	334	0.5788	0.200	0.224	0.022	0.006	0.007	0.048	0.404	0.132	0.096	0.149	4.151	0.796	0.129	0.093	8.575	-3944.653
21	6	883	341	0.5111	0.067	0.098	0.014	0.000	0.001	0.012	0.174	0.092	0.078	0.068	4.019	0.869	0.020	0.003	1.441	-5396.654
21	6	263	176	0.4923	0.061	0.180	0.000	0.000	0.004	0.012	0.480	0.198	0.116	0.081	3.888	0.857	0.092	0.038	5.940	-1906.800
21	6	297	188	0.4499	0.079	0.225	0.023	0.007	0.011	0.017	0.194	0.078	0.074	0.060	3.654	0.792	0.026	0.034	2.819	-2038.754
21	6	618	351	0.5185	0.095	0.245	0.030	0.008	0.010	0.062	0.255	0.118	0.079	0.092	2.779	0.887	0.038	0.070	4.511	-4687.744
21	6	689	390	0.5271	0.159	0.198	0.015	0.007	0.010	0.025	0.253	0.102	0.131	0.168	3.354	0.828	0.107	0.061	4.394	-5310.757
21	6	620	408	0.4339	0.183	0.195	0.024	0.010	0.007	0.031	0.413	0.115	0.103	0.160	3.290	0.668	0.171	0.160	3.390	-5272.071
21	6	691	461	0.5470	0.178	0.227	0.027	0.012	0.014	0.042	0.461	0.156	0.162	0.104	2.286	0.762	0.146	0.103	3.616	-6085.188
21	6	228	98	0.6306	0.086	0.000	0.013	0.000	0.000	0.000	0.042	0.004	0.009	0.000	3.922	0.756	0.244	0.005	1.000	-1090.997
21	6	763	459	0.6284	0.171	0.193	0.036	0.019	0.005	0.049	0.445	0.105	0.135	0.146	5.235	0.746	0.110	0.068	1.447	-6069.543
21	6	105	86	0.5077	0.144	0.660	0.038	0.030	0.000	0.037	0.230	0.027	0.066	0.063	7.693	0.652	0.086	0.122	9.319	-805.664
21	6	214	147	0.4730	0.025	0.077	0.015	0.005	0.010	0.004	0.230	0.096	0.114	0.109	3.733	0.502	0.000	0.058	1.000	-1413.534
21	6	304	227	0.5067	0.136	0.337	0.011	0.013	0.007	0.027	0.371	0.058	0.122	0.175	2.697	0.825	0.068	0.054	7.475	-2388.490
21	6	175	153	0.4866	0.151	0.577	0.044	0.025	0.005	0.067	0.279	0.080	0.195	0.176	2.640	0.648	0.081	0.123	4.196	-1610.549
21	6	446	316	0.5737	0.257	0.336	0.007	0.009	0.005	0.069	0.437	0.086	0.132	0.243	3.469	0.719	0.243	0.062	5.778	-3865.344
21	6	512	275	0.4519	0.083	0.155	0.034	0.004	0.006	0.006	0.318	0.061	0.175	0.108	5.070	0.751	0.115	0.030	3.314	-3672.457
21	6	133	120	0.6060	0.599	1.537	0.115	0.000	0.016	0.127	0.693	0.178	0.004	0.543	4.032	0.500	0.226	0.074	3.642	-1394.557
21	6	421	243	0.6007	0.054	0.236	0.014	0.000	0.015	0.049	0.216	0.074	0.126	0.093	5.443	0.899	0.015	0.043	2.594	-2855.390
21	6	264	167	0.5464	0.089	0.279	0.026	0.000	0.004	0.058	0.354	0.058	0.142	0.079	2.820	0.765	0.087	0.017	2.517	-1969.098
21	6	1224	543	0.5078	0.078	0.108	0.017	0.004	0.001	0.034	0.236	0.094	0.087	0.088	3.960	0.906	0.066	0.079	9.349	-8235.875
21	6	788	336	0.5306	0.055	0.124	0.016	0.005	0.005	0.026	0.239	0.054	0.082	0.094	3.607	0.899	0.030	0.014	1.943	-5011.378
21	6	583	383	0.5404	0.164	0.112	0.018	0.009	0.007	0.038	0.431	0.185	0.192	0.166	3.758	0.706	0.076	0.074	2.058	-4767.597
21	6	223	173	0.6817	0.239	0.143	0.081	0.015	0.008	0.065	0.599	0.113	0.074	0.263	3.231	0.822	0.072	0.059	6.236	-1857.534
21	6	138	128	0.5968	0.208	0.340	0.057	0.015	0.008	0.020	0.717	0.337	0.263	0.192	4.031	0.315	0.071	0.192	1.000	-1380.852
21	6	261	182	0.5481	0.095	0.187	0.021	0.008	0.008	0.023	0.285	0.073	0.065	0.085	2.487	0.453	0.024	0.073	1.946	-1917.133
21	6	783	476	0.4369	0.174	0.283	0.015	0.004	0.003	0.028	0.346	0.102	0.112	0.099	3.122	0.679	0.122	0.107	5.195	-6280.692
21	6	396	236	0.5462	0.159	0.121	0.018	0.010	0.008	0.024	0.331	0.051	0.092	0.165	3.907	0.879	0.022	0.046	5.128	-2806.721
21	6	376	179	0.4967	0.023	0.231	0.000	0.005	0.000	0.021	0.117	0.069	0.041	0.062	2.747	0.864	0.044	0.000	6.723	-2309.120
21	6	445	291	0.6649	0.263	0.534	0.037	0.007	0.009	0.063	0.947	0.088	0.122	0.225	6.182	0.805	0.116	0.037	10.311	-3716.278
21	6	472	199	0.4550	0.072	0.108	0.010	0.007	0.000	0.023	0.116	0.035	0.051	0.032	3.660	0.742	0.037	0.020	1.469	-2822.106
21	6	274	209	0.5312	0.156	0.534	0.018	0.011	0.004	0.082	0.369	0.080	0.143	0.171	3.118	0.739	0.131	0.121	8.912	-2415.093
21	6	636	265	0.5873	0.068	0.090	0.015	0.000	0.002	0.028	0.168	0.058	0.083	0.051	5.942	0.931	0.028	0.034	6.461	-3902.619
21	6	189	144	0.5294	0.140	0.510	0.003	0.016	0.011	0.053	0.441	0.045	0.080	0.080	3.871	0.733	0.045	0.084	3.376	-1477.739
21	6	515	313	0.4630	0.105	0.153	0.020	0.008	0.014	0.032	0.403	0.139	0.120	0.090	2.890	0.793	0.107	0.082	3.675	-4027.128
21	6	1142	436	0.4597	0.057	0.119	0.020	0.006	0.005	0.026	0.200	0.062	0.065	0.060	3.729	0.844	0.086	0.071	4.398	-7503.780
21	6	381	236	0.5456	0.063	0.350	0.017	0.012	0.002	0.040	0.247	0.077	0.039	0.080	5.274	0.846	0.071	0.033	9.731	-2673.303
21	6	348	156	0.5350	0.000	0.111	0.012	0.000	0.000	0.019	0.086	0.059	0.035	0.040	3.089	0.811	0.000	0.101	1.989	-2002.478
21	6	337	238	0.6081	0.097	0.390	0.036	0.014	0.009	0.047	0.441	0.147	0.051	0.128	3.418	0.724	0.209	0.051	11.354	-2702.533
21	6	669	411	0.6394	0.164	1.120	0.063	0.012	0.001	0.056	0.557	0.079	0.091	0.081	4.137	0.875	0.074	0.024	30.403	-5239.080
21	6	298	243	0.5135	0.191	0.630	0.041	0.010	0.015	0.058	0.456	0.074	0.126	0.201	3.081	0.717	0.136	0.102	8.416	-2685.968
21	6	452	316	0.5287	0.095	0.353	0.057	0.009	0.004	0.056	0.331	0.109	0.101	0.107	3.867	0.614	0.284	0.174	6.842	-3816.517
21	6	363	209	0.6318	0.133	0.076	0.016	0.014	0.003	0.030	0.267	0.034	0.095	0.110	3.231	1.000	0.000	0.086	1.000	-2481.538
21	6	657	349	0.5122	0.154	0.103	0.029	0.005	0.003	0.033	0.250	0.087	0.075	0.150	3.667	0.921	0.051	0.052	8.611	-4658.405
21	6	183	138	0.5052	0.087	0.299	0.052	0.005	0.012	0.000	0.350	0.062	0.141	0.081	3.173	0.773	0.000	0.108	4.159	-1378.186
21	6	320	198	0.5550	0.136	0.291	0.032	0.003	0.007	0.028	0.206	0.050	0.075	0.073	5.567	0.793	0.013	0.021	3.238	-2128.685
21	6	407	139	0.5049	0.012	0.086	0.000	0.002	0.000	0.007	0.084	0.027	0.054	0.001	2.765	0.870	0.000	0.089	3.023	-2158.750
21	6	880	412	0.4428	0.084	0.106	0.010	0.008	0.009	0.030	0.215	0.070	0.080	0.074	2.503	0.928	0.048	0.051	6.215	-5871.676
21	6	380	268	0.5113	0.135	0.303	0.017	0.019	0.008	0.035	0.574	0.121	0.116	0.130	2.906	0.897	0.011	0.077	5.788	-3106.289
21	6	497	338	0.6057	0.120	29.261	0.046	0.000	0.000	0.042	0.421	0.125	0.125	0.115	5.542	0.696	0.178	0.060	999.000	-4133.525
21	6	339	196	0.5175	0.114	0.058	0.012	0.006	0.000	0.054	0.330	0.070	0.034	0.076	5.836	0.931	0.069	0.040	1.000	-2242.013
21	6	1055	682	0.4053	0.120	0.269	0.033	0.006	0.006	0.038	0.521	0.140	0.169	0.113	3.934	0.746	0.200	0.123	13.898	-8890.312
21	6	159	124	0.4716	0.050	0.152	0.033	0.006	0.000	0.020	0.357	0.027	0.047	0.035	2.079	0.508	0.024	0.005	1.342	-1013.308
21	6	214	171	0.6420	0.137	0.666	0.047	0.018	0.035	0.073	0.371	0.090	0.051	0.135	6.185	0.708	0.052	0.053	4.513	-1739.027
21	6	459	191	0.5001	0.041	0.133	0.007	0.007	0.000	0.013	0.137	0.042	0.042	0.004	3.378	0.950	0.000	0.039	5.245	-2638.348
21	6	497	254	0.6156	0.092	0.346	0.033	0.012	0.014	0.063	0.263	0.114	0.016	0.079	5.521	0.891	0.024	0.007	2.540	-3194.992
21	6	470	355	0.6562	0.378	0.252	0.053	0.013	0.000	0.061	0.776	0.110	0.083	0.416	4.182	0.887	0.113	0.073	1.000	-3980.389
21	6	527	342	0.4385	0.103	0.281	0.017	0.012	0.004	0.058	0.403	0.143	0.219	0.141	3.290	0.729	0.215	0.037	8.778	-4369.178
21	6	333	166	0.4249	0.052	0.117	0.016	0.006	0.003	0.023	0.152	0.072	0.062	0.003	7.467	0.605	0.000	0.074	1.296	-2018.457
21	6	603	393	0.4439	0.151	0.253	0.039	0.014	0.008	0.026	0.433	0.092	0.171	0.107	3.027	0.740	0.193	0.078	6.608	-5068.730
21	6	402	297	0.6435	0.203	0.742	0.031	0.007	0.012	0.125	0.694	0.212	0.116	0.231	4.780	0.810	0.096	0.108	17.023	-3670.529
21	6	381	322	0.6412	0.146	1.412	0.059	0.012	0.013	0.090	1.098	0.255	0.209	0.069	3.520	0.705	0.173	0.075	10.356	-3862.836
21	6	342	222	0.4522	0.122	0.073	0.012	0.003	0.000	0.037	0.374	0.129	0.160	0.093	1.605	0.881	0.058	0.036	4.050	-2504.256
21	6	449	292	0.5517	0.106	0.538	0.012	0.002	0.005	0.027	0.270	0.160	0.127	0.112	3.265	0.830	0.132	0.100	18.952	-3620.014
21	6	623	251	0.4468	0.025	0.083	0.011	0.002	0.000	0.024	0.188	0.085	0.072	0.035	2.982	0.933	0.046	0.017	8.163	-3775.146
21	6	304	191	0.6120	0.121	0.300	0.071	0.000	0.007	0.091	0.179	0.058	0.056	0.142	4.741	0.841	0.059	0.043	3.108	-2236.312
21	6	281	199	0.6097	0.130	0.587	0.021	0.007	0.049	0.053	0.315	0.088	0.037	0.071	5.187	0.438	0.328	0.000	12.470	-2330.884
21	6	251	167	0.5254	0.098	0.146	0.009	0.000	0.004	0.035	0.330	0.044	0.098	0.081	2.715	0.843	0.057	0.009	4.031	-1720.069
21	6	437	307	0.4162	0.106	0.249	0.027	0.008	0.009	0.045	0.439	0.177	0.148	0.098	3.128	0.699	0.102	0.085	2.870	-3668.450
21	6	278	224	0.6195	0.194	0.598	0.046	0.015	0.000	0.045	0.348	0.123	0.145	0.210	3.818	0.749	0.114	0.124	11.064	-2481.148
21	6	326	192	0.3937	0.049	0.330	0.038	0.003	0.000	0.007	0.246	0.173	0.060	0.097	3.367	0.883	0.044	0.016	9.865	-2222.342
21	6	329	277	0.5383	0.229	1.211	0.089	0.009	0.006	0.080	1.358	0.280	0.190	0.243	3.694	0.645	0.183	0.097	14.244	-3449.520
21	6	680	278	0.5310	0.071	0.158	0.008	0.003	0.005	0.022	0.154	0.073	0.031	0.030	4.475	0.928	0.014	0.073	12.050	-4245.934
21	6	192	170	0.5251	0.181	0.460	0.023	0.000	0.027	0.025	0.272	0.101	0.127	0.204	3.924	0.677	0.072	0.137	4.454	-1647.034
21	6	661	313	0.4561	0.047	0.172	0.012	0.007	0.003	0.029	0.304	0.117	0.044	0.129	2.647	0.914	0.045	0.009	3.194	-4418.291
21	6	300	200	0.5757	0.147	0.230	0.043	0.000	0.010	0.024	0.200	0.090	0.074	0.079	3.256	0.741	0.106	0.034	7.565	-2181.525
21	6	334	240	0.5822	0.070	0.271	0.044	0.008	0.007	0.063	0.425	0.126	0.103	0.059	3.505	0.647	0.078	0.049	1.280	-2676.566
21	6	209	156	0.6165	0.153	0.185	0.047	0.000	0.010	0.061	0.455	0.103	0.089	0.200	2.617	0.735	0.053	0.106	2.739	-1694.164
21	6	583	335	0.4326	0.063	0.169	0.017	0.007	0.005	0.019	0.308	0.124	0.185	0.042	2.688	0.874	0.107	0.107	17.047	-4370.658
21	6	918	507	0.6345	0.156	0.270	0.058	0.010	0.024	0.048	0.351	0.102	0.088	0.115	5.019	0.815	0.126	0.070	6.159	-7371.804
21	6	352	168	0.6657	0.020	0.113	0.010	0.006	0.006	0.039	0.321	0.014	0.055	0.069	2.769	0.846	0.013	0.028	1.360	-2082.246
21	6	1107	590	0.4887	0.224	0.214	0.031	0.009	0.008	0.028	0.367	0.137	0.116	0.231	3.339	0.928	0.056	0.042	10.185	-8698.490
21	6	564	338	0.4000	0.098	0.189	0.010	0.010	0.005	0.048	0.460	0.136	0.124	0.104	3.674	0.774	0.145	0.063	4.826	-4441.947
21	6	454	282	0.4948	0.126	0.150	0.018	0.001	0.009	0.043	0.290	0.076	0.115	0.183	3.531	0.780	0.168	0.051	5.490	-3460.458
21	6	425	257	0.6058	0.240	0.272	0.020	0.005	0.000	0.056	0.246	0.037	0.083	0.263	2.765	0.897	0.038	0.045	2.634	-3104.122
21	6	1176	469	0.4780	0.029	0.079	0.011	0.004	0.004	0.018	0.228	0.093	0.072	0.096	3.611	0.969	0.031	0.103	1.000	-7727.451
21	6	531	342	0.5313	0.134	0.221	0.031	0.008	0.006	0.036	0.473	0.096	0.093	0.072	3.909	0.895	0.070	0.069	5.184	-4064.533
21	6	541	287	0.4085	0.045	0.184	0.016	0.002	0.006	0.042	0.229	0.100	0.087	0.048	3.279	0.892	0.053	0.057	7.141	-3695.750
21	6	323	277	0.4790	0.180	0.294	0.032	0.009	0.020	0.094	0.741	0.165	0.222	0.164	4.975	0.516	0.291	0.164	21.075	-3151.668
21	6	482	344	0.6684	0.274	0.500	0.038	0.018	0.018	0.083	0.594	0.152	0.084	0.324	6.055	0.794	0.123	0.060	6.665	-4206.982
21	6	280	224	0.6089	0.272	0.575	0.048	0.004	0.003	0.057	0.466	0.126	0.125	0.245	5.209	0.747	0.172	0.095	9.641	-2473.018
21	6	989	591	0.5322	0.182	0.191	0.030	0.010	0.008	0.052	0.390	0.093	0.110	0.131	5.634	0.702	0.238	0.112	9.104	-7849.176
21	6	304	215	0.5640	0.102	0.109	0.015	0.004	0.013	0.055	0.418	0.186	0.197	0.061	2.448	0.800	0.098	0.063	1.000	-2451.590
21	6	415	243	0.4867	0.100	0.132	0.018	0.006	0.007	0.023	0.321	0.122	0.084	0.089	2.541	0.598	0.020	0.041	1.114	-2902.021
21	6	338	252	0.4291	0.097	0.823	0.020	0.028	0.040	0.040	0.500	0.131	0.083	0.135	3.940	0.464	0.339	0.053	9.377	-3108.910
21	6	386	171	0.6404	0.053	0.131	0.047	0.008	0.000	0.011	0.212	0.108	0.003	0.018	4.708	0.887	0.029	0.015	4.231	-2280.177
21	6	285	189	0.5580	0.065	0.234	0.050	0.004	0.011	0.033	0.226	0.074	0.076	0.106	4.208	0.791	0.037	0.040	2.429	-2012.758
21	6	346	304	0.5603	0.244	1.120	0.050	0.021	0.012	0.086	0.890	0.180	0.070	0.259	4.811	0.525	0.405	0.055	10.482	-3551.938
21	6	1643	1006	0.3804	0.154	0.182	0.030	0.010	0.006	0.055	0.563	0.146	0.160	0.197	2.975	0.722	0.258	0.145	8.009	-14550.532
21	6	434	321	0.5463	0.173	0.192	0.000	0.017	0.007	0.042	0.535	0.126	0.150	0.162	4.446	0.796	0.200	0.136	1.000	-3640.374
21	6	297	198	0.5146	0.207	0.049	0.003	0.007	0.003	0.048	0.285	0.160	0.127	0.055	3.257	0.931	0.069	0.018	1.000	-2099.599
21	6	293	222	0.5690	0.422	0.270	0.014	0.027	0.010	0.098	0.404	0.111	0.104	0.487	4.460	0.532	0.243	0.026	1.803	-2619.549
21	6	490	317	0.5280	0.115	0.381	0.032	0.007	0.016	0.068	0.404	0.108	0.134	0.090	3.444	0.822	0.106	0.052	6.700	-4001.879
21	6	427	250	0.5017	0.115	0.197	0.037	0.012	0.010	0.017	0.225	0.073	0.059	0.100	3.696	0.824	0.084	0.021	4.376	-2991.503
21	6	417	248	0.5485	0.104	0.185	0.035	0.014	0.008	0.061	0.307	0.050	0.102	0.089	3.646	0.858	0.085	0.045	3.325	-3066.023
21	6	496	195	0.5301	0.039	0.088	0.004	0.000	0.008	0.008	0.077	0.056	0.051	0.063	4.968	0.821	0.037	0.000	1.901	-2817.399
21	6	777	408	0.6056	0.130	0.251	0.046	0.011	0.007	0.054	0.335	0.100	0.087	0.113	5.535	0.877	0.078	0.030	2.140	-5717.463
21	6	636	276	0.4358	0.092	0.105	0.019	0.002	0.004	0.030	0.237	0.037	0.076	0.042	3.382	0.905	0.026	0.014	5.246	-4025.702
21	6	363	278	0.6033	0.133	0.597	0.072	0.003	0.005	0.077	0.597	0.168	0.108	0.106	3.309	0.727	0.161	0.071	5.611	-3290.290
21	6	160	106	0.5326	0.033	0.167	0.000	0.000	0.000	0.013	0.229	0.073	0.052	0.058	2.990	0.764	0.000	0.036	6.311	-1015.016
21	6	404	250	0.6179	0.133	0.640	0.003	0.003	0.008	0.023	0.171	0.129	0.095	0.116	5.847	0.885	0.008	0.051	17.324	-2918.147
21	6	470	311	0.4743	0.113	0.238	0.015	0.007	0.000	0.030	0.474	0.082	0.165	0.120	3.174	0.801	0.108	0.047	2.340	-3672.250
21	6	451	292	0.4250	0.138	0.171	0.015	0.005	0.007	0.013	0.536	0.133	0.099	0.056	3.240	0.850	0.097	0.119	3.787	-3540.249
21	6	247	213	0.5331	0.199	0.523	0.022	0.006	0.019	0.081	0.620	0.142	0.129	0.216	3.869	0.572	0.209	0.094	8.830	-2378.975
21	6	327	197	0.5921	0.143	0.330	0.026	0.009	0.009	0.012	0.261	0.044	0.161	0.139	5.193	0.871	0.051	0.019	4.515	-2314.863
21	6	264	220	0.4711	0.202	0.444	0.051	0.008	0.004	0.046	0.653	0.196	0.108	0.177	3.146	0.762	0.100	0.107	8.619	-2411.819
21	6	302	112	0.4434	0.041	0.057	0.007	0.003	0.000	0.007	0.100	0.004	0.020	0.000	4.355	0.403	0.000	0.050	1.000	-1578.417
21	6	553	337	0.6136	0.107	0.209	0.019	0.007	0.004	0.052	0.434	0.085	0.087	0.094	4.372	0.828	0.054	0.039	3.008	-3993.676
21	6	254	219	0.5046	0.252	1.126	0.053	0.016	0.021	0.080	0.618	0.097	0.172	0.173	5.307	0.456	0.412	0.086	17.573	-2527.587
21	6	317	184	0.6579	0.033	0.698	0.033	0.004	0.003	0.076	0.369	0.045	0.074	0.060	8.926	0.872	0.069	0.026	8.798	-2176.060
21	6	200	154	0.4183	0.057	0.531	0.045	0.000	0.000	0.079	0.493	0.117	0.103	0.006	5.620	0.483	0.231	0.000	6.211	-1616.358
21	6	285	210	0.5487	0.137	0.228	0.030	0.004	0.007	0.038	0.392	0.093	0.090	0.055	4.353	0.655	0.111	0.058	4.018	-2203.563
21	6	543	321	0.6045	0.161	0.194	0.040	0.004	0.008	0.041	0.368	0.072	0.069	0.086	3.234	0.783	0.089	0.040	2.936	-4039.987
21	6	365	249	0.5377	0.114	0.370	0.019	0.003	0.008	0.033	0.224	0.118	0.095	0.091	3.581	0.818	0.123	0.103	11.174	-2806.491
21	6	306	200	0.6993	0.086	0.447	0.035	0.007	0.010	0.047	0.383	0.097	0.138	0.080	3.900	0.799	0.098	0.044	5.200	-2318.649
21	6	332	260	0.6280	0.224	1.316	0.004	0.083	0.025	0.089	0.657	0.089	0.144	0.205	5.559	0.674	0.233	0.065	15.917	-3057.027
21	6	353	232	0.5346	0.104	0.264	0.004	0.006	0.006	0.034	0.442	0.104	0.096	0.101	4.063	0.859	0.088	0.061	10.455	-2689.399
21	6	349	186	0.4560	0.023	2.057	0.038	0.000	0.006	0.004	0.143	0.025	0.009	0.034	3.208	0.725	0.129	0.050	104.312	-2249.550
21	6	738	494	0.4661	0.001	0.099	0.027	0.004	0.007	0.038	0.686	0.129	0.236	0.172	3.900	0.697	0.129	0.132	1.000	-6171.095
21	6	591	429	0.4204	0.145	0.286	0.028	0.034	0.003	0.042	0.584	0.219	0.112	0.079	3.414	0.780	0.196	0.212	5.570	-5199.162
21	6	385	297	0.5040	0.130	0.324	0.041	0.005	0.011	0.047	0.305	0.235	0.166	0.168	3.814	0.679	0.163	0.171	6.020	-3466.374
21	6	282	190	0.4624	0.243	0.189	0.023	0.007	0.000	0.026	0.627	0.068	0.083	0.236	2.921	0.780	0.047	0.043	9.191	-2168.317
21	6	197	169	0.4606	0.083	0.535	0.050	0.025	0.000	0.030	0.779	0.177	0.079	0.119	3.487	0.635	0.126	0.095	11.085	-1795.432
21	6	287	236	0.6035	0.350	0.480	0.069	0.019	0.013	0.045	0.435	0.139	0.118	0.351	2.816	0.814	0.068	0.137	6.114	-2727.837
21	6	269	225	0.5215	0.206	0.271	0.012	0.019	0.008	0.039	0.355	0.159	0.120	0.164	4.307	0.446	0.059	0.197	1.508	-2316.404
21	6	244	173	0.6841	0.096	0.288	0.005	0.016	0.011	0.026	0.528	0.027	0.183	0.083	5.413	0.764	0.077	0.037	1.053	-1775.788
21	6	953	592	0.4055	0.128	0.261	0.023	0.015	0.013	0.022	0.332	0.122	0.188	0.130	4.158	0.651	0.292	0.090	10.021	-7831.990
21	6	302	185	0.6834	0.119	0.313	0.036	0.007	0.006	0.033	0.214	0.073	0.070	0.100	4.639	0.849	0.018	0.079	2.368	-2112.333
21	6	312	246	0.4392	0.163	0.736	0.014	0.010	0.010	0.082	0.567	0.181	0.136	0.126	4.434	0.419	0.405	0.028	28.865	-2944.561
21	6	319	193	0.4605	0.051	0.114	0.012	0.005	0.014	0.016	0.285	0.095	0.160	0.085	2.785	0.849	0.044	0.018	6.305	-2201.201
21	6	616	260	0.4608	0.065	0.095	0.015	0.000	0.008	0.017	0.200	0.045	0.036	0.012	6.081	0.897	0.029	0.053	4.171	-3686.475
21	6	429	330	0.4117	0.291	0.313	0.039	0.005	0.007	0.029	0.530	0.120	0.161	0.300	3.735	0.705	0.175	0.105	6.697	-3894.763
21	6	548	263	0.4044	0.045	0.102	0.011	0.001	0.005	0.028	0.214	0.111	0.058	0.091	3.192	0.933	0.034	0.045	6.200	-3535.935
21	6	315	208	0.7429	0.151	0.609	0.069	0.026	0.009	0.050	0.287	0.119	0.183	0.082	4.810	0.866	0.060	0.075	10.797	-2496.492
21	6	491	281	0.5110	0.066	0.234	0.033	0.013	0.002	0.048	0.208	0.071	0.126	0.074	3.918	0.808	0.164	0.043	10.096	-3594.480
21	6	654	251	0.4252	0.062	0.099	0.011	0.002	0.000	0.019	0.169	0.051	0.119	0.003	2.516	0.912	0.054	0.012	4.152	-3913.640
21	6	481	189	0.4773	0.016	0.064	0.011	0.002	0.000	0.011	0.156	0.060	0.032	0.075	2.356	0.802	0.062	0.011	1.090	-2831.161
21	6	341	268	0.5365	0.217	0.380	0.044	0.013	0.017	0.074	0.452	0.137	0.079	0.191	3.585	0.715	0.118	0.108	2.004	-3070.167
21	6	144	114	0.5463	0.116	0.653	0.046	0.000	0.021	0.056	0.091	0.083	0.167	0.140	3.700	0.636	0.228	0.052	7.127	-1196.540
21	6	137	125	0.4708	0.151	0.166	0.016	0.007	0.000	0.029	0.797	0.086	0.231	0.466	4.639	0.000	0.000	0.202	999.000	-1261.300
21	6	987	543	0.5020	0.179	0.207	0.027	0.006	0.006	0.045	0.403	0.113	0.086	0.192	2.243	0.885	0.086	0.071	1.000	-7849.620
21	6	150	120	0.4520	0.084	0.313	0.021	0.021	0.000	0.000	0.314	0.137	0.078	0.144	11.458	0.648	0.022	0.142	5.227	-1109.900
21	6	252	171	0.3911	0.140	0.528	0.025	0.004	0.000	0.028	0.237	0.037	0.042	0.079	5.028	0.886	0.000	0.180	12.985	-1827.701
21	6	579	373	0.4614	0.106	0.311	0.026	0.007	0.008	0.024	0.322	0.115	0.113	0.099	3.637	0.757	0.196	0.068	7.965	-4502.116
21	6	254	193	0.4587	0.066	0.398	0.027	0.008	0.008	0.023	0.344	0.154	0.131	0.094	3.178	0.861	0.033	0.083	5.226	-2027.971
21	6	1442	639	0.5159	0.067	0.171	0.025	0.010	0.007	0.032	0.346	0.114	0.099	0.111	2.881	0.902	0.071	0.063	6.856	-10594.106
21	6	175	152	0.3829	0.144	1.293	0.025	0.006	0.006	0.054	0.642	0.114	0.188	0.143	5.404	0.463	0.289	0.174	12.189	-1610.542
21	6	226	149	0.4909	0.051	0.357	0.010	0.000	0.000	0.017	0.191	0.133	0.066	0.089	5.003	0.778	0.044	0.002	4.400	-1528.173
21	6	378	294	0.6455	0.329	0.707	0.069	0.016	0.042	0.117	1.028	0.103	0.151	0.257	7.106	0.838	0.098	0.066	4.957	-3523.102
21	6	187	164	0.4834	0.155	41.537	0.000	0.006	0.011	0.116	0.242	0.123	0.065	0.169	4.665	0.652	0.094	0.079	366.332	-1697.735
21	6	202	152	0.5943	0.084	0.462	0.052	0.025	0.006	0.062	0.365	0.092	0.078	0.149	5.473	0.623	0.155	0.130	2.928	-1672.469
21	6	172	117	0.4780	0.119	0.063	0.015	0.006	0.012	0.016	0.317	0.093	0.093	0.140	2.199	0.171	0.012	0.029	1.014	-1194.164
21	6	148	124	0.6017	0.172	0.160	0.054	0.028	0.000	0.055	0.459	0.128	0.118	0.199	2.574	0.778	0.086	0.132	5.430	-1301.572
21	6	601	394	0.4316	0.124	0.259	0.031	0.021	0.014	0.073	0.337	0.130	0.130	0.131	3.032	0.779	0.141	0.116	4.174	-5079.635
21	6	154	132	0.4753	0.097	0.870	0.027	0.000	0.014	0.066	0.373	0.123	0.187	0.050	3.508	0.609	0.199	0.017	4.733	-1346.636
21	6	111	83	0.5946	0.093	0.249	0.000	0.000	0.000	0.009	0.201	0.004	0.051	0.053	7.396	0.554	0.062	0.105	4.832	-699.674
21	6	241	173	0.4361	0.116	0.349	0.019	0.000	0.000	0.029	0.377	0.094	0.079	0.095	3.675	0.696	0.088	0.130	4.924	-1920.885
21	6	312	251	0.5881	0.117	0.357	0.005	0.003	0.000	0.035	0.537	0.156	0.167	0.155	5.893	0.270	0.513	0.013	7.322	-2754.552
21	6	145	128	0.6547	0.636	3.184	0.016	0.024	0.015	0.059	0.663	0.108	0.037	0.616	5.803	0.641	0.125	0.062	6.603	-1380.791
21	6	312	245	0.7190	0.229	0.811	0.062	0.000	0.072	0.083	1.117	0.117	0.108	0.233	10.703	0.803	0.106	0.053	3.234	-2663.329
21	6	232	164	0.5943	0.112	0.249	0.003	0.004	0.014	0.029	0.555	0.068	0.064	0.180	2.491	0.832	0.097	0.053	5.812	-1763.410
21	6	422	261	0.5789	0.148	0.518	0.041	0.002	0.003	0.043	0.283	0.044	0.073	0.104	4.445	0.854	0.073	0.025	7.733	-3048.816
